109	3440	4	33.66
12	7049	3	19.76
1533	107	3	14.99
106	605	8	38.45
1759	12	4	12.45
400	260	4	34.75
919	105	3	9.95
106	2448	4	27.19
12	2381	8	52.69
17	131	4	8.03
281	14	32	91.16
103	5482	3	22.7
16	223	6	24.42
246	117	3	5.22
1921	14	4	10.53
1078	108	10	73.23
127	293	3	9.56
6768	14	3	17.49
287	883	3	30.09
627	119	9	56.43
1892	14	4	10.53
1215	172	8	89.42
1537	101	3	7.76
120	3825	3	24.32
113	208	4	6.43
820	102	3	5.36
2395	12	3	9.55
264	116	14	68.24
123	127	15	25.8
265	467	3	25.53
109	848	8	48.7
103	4514	3	18.25
294	108	42	310.93
750	396	3	31.25
4806	14	3	13.11
1167	14	10	37.82
846	101	3	4.38
2657	137	4	37.76
368	123	4	15.69
1637	12	4	12.45
138	218	3	8.45
1234	102	3	7.76
245	132	5	19.95
134	187	4	9.87
3542	104	3	17.72
511	105	3	6.46
10	144	6	18.15
422	120	3	9.46
749	131	3	16.43
5321	105	3	26.45
144	1427	3	22.28
616	105	16	100.02
103	239	24	78.66
101	3611	3	14.07
1037	12	4	8.33
1199	102	3	7.38
129	1677	4	31.46
141	128	6	7.06
4710	1318	3	53.11
131	132	5	4.01
103	4715	3	18.25
755	14	7	13.18
2721	14	5	21
207	113	5	9.83
3719	14	3	10.99
136	103	34	29.82
175	226	18	154.68
258	160	3	14.21
788	14	10	27.28
2754	14	4	14.1
125	101	100	153.56
137	135	5	5.63
7251	796	3	54.35
853	12	5	10.63
101	4586	3	16.24
105	1046	3	10.59
107	4213	3	23.85
357	127	5	23.47
169	103	18	21.43
107	4198	3	23.85
101	4661	3	16.24
395	117	5	18.89
181	101	19	19.7
2692	14	4	14.1
292	133	4	16.11
306	9	11	48.51
177	759	6	56.03
131	119	22	46.77
165	267	4	22.2
152	602	4	27.13
209	101	22	43.31
141	226	4	14.71
12	1299	3	5.65
177	2434	3	31.89
1363	158	3	24.95
332	12	6	4.59
102	664	4	7.8
106	1155	7	42.46
392	154	3	16.38
749	116	10	67.1
101	1858	3	8.91
140	260	3	10.85
140	320	3	11.98
128	4346	3	29.38
315	101	9	13.37
107	3163	5	41.83
273	325	6	54.6
1782	110	3	16.26
586	14	21	82.53
121	262	5	15.75
101	4302	3	16.24
1621	14	5	13.64
121	146	25	76.93
271	123	3	8.04
759	227	3	27.03
956	107	3	12.04
101	960	5	13.46
3060	107	3	20.06
101	885	4	8.21
119	118	38	75.63
144	326	6	33.24
107	3044	5	41.83
105	130	26	30.98
722	112	6	31.92
101	2893	3	12.55
129	312	13	84.45
120	419	6	27.17
101	530	10	28.65
138	189	6	20.91
9	134	11	7.51
135	166	8	26.21
264	131	4	15.1
1196	14	6	14.93
103	763	5	14.14
2756	137	4	37.76
113	356	10	48.8
621	12	6	11.31
105	1546	4	20.18
492	102	9	26.37
59	1679	3	21.15
1717	102	3	9.68
711	123	4	21.34
243	109	3	4.02
2578	102	3	12.81
1487	12	3	6.47
177	208	5	27.54
102	110	104	87.53
121	3464	3	24.55
175	2115	4	42.88
122	629	5	26.18
103	964	3	6.86
998	110	3	13.05
103	1016	4	11.84
180	4721	3	37.08
106	772	4	15.47
211	120	10	35.89
105	381	3	4.8
240	346	13	138.67
17	116	6	8.73
2825	101	3	12.55
162	131	3	3.84
446	198	3	21.65
2154	14	3	6.7
135	120	30	87.95
103	708	4	8.95
101	4090	3	16.24
851	12	4	6.84
114	1597	3	16.74
154	673	8	71.2
302	444	3	25.98
101	4869	3	16.24
419	12	6	7.13
798	102	4	9.26
703	107	17	127.28
114	202	22	103.35
970	105	3	10.26
3897	103	4	25.31
106	1104	4	18.4
1469	514	3	37.47
102	1503	3	9.12
119	922	3	14.22
122	1946	5	39.15
1117	14	5	9.9
295	110	5	13.53
143	230	12	72.08
680	102	3	4.54
120	218	7	21.24
1069	594	3	36.61
17	109	7	9.77
1063	158	6	56.96
1650	12	3	7.47
359	123	3	9.88
299	104	4	4.22
407	143	5	28.81
1149	14	4	6.67
326	110	3	5.86
103	4857	4	30.27
131	106	14	8.23
234	101	18	35.76
107	3549	3	21.63
508	14	19	61.56
285	1867	3	35.01
207	156	3	11.42
101	1991	4	15.52
2450	158	4	43.09
1382	116	5	32.13
172	182	4	17.07
128	660	3	14.98
102	691	3	4.54
950	259	3	30.01
1341	107	3	13.98
369	10	39	470.9
133	795	9	73.73
104	160	11	7.47
104	106	301	870.26
1736	14	4	9.68
220	135	3	8.45
181	124	4	6.71
479	14	18	53.49
1586	14	8	31.82
853	137	4	26.54
103	3710	3	16.06
3642	117	3	23.67
104	489	7	21.67
134	101	29	5.99
186	113	10	26.85
119	310	12	61.85
133	1048	3	18.65
185	123	6	14.93
728	158	3	21.18
2217	102	3	11.83
1697	104	3	11.77
310	118	4	11.68
111	417	4	12.98
1336	12	3	6.04
109	244	11	41
306	480	3	26.53
3666	14	3	10.99
126	103	60	79.66
102	886	3	5.85
777	117	3	12.55
848	105	3	9.39
1071	101	5	14.63
111	396	3	7.63
111	566	4	15.43
103	183	14	16.41
139	898	3	18.89
108	1066	3	13.22
103	3026	3	14.52
109	259	12	49.45
786	1010	3	37.86
139	1657	3	22.87
389	953	4	46.49
1721	114	3	17.33
541	104	3	5.02
496	227	3	24.3
1807	105	3	14.4
2203	124	5	44
101	918	10	41.83
4570	2813	3	59.34
592	110	4	15.29
450	134	3	13.4
803	14	4	4.19
1788	14	3	5.49
1905	137	3	23.29
157	160	5	17.44
685	14	13	39.98
173	1809	3	29.02
1253	101	3	6.44
103	1248	4	13.38
161	712	4	30.82
216	12	11	7.77
104	206	7	6.95
195	102	21	42.32
141	156	7	20.77
13	735	3	21.23
468	104	4	7.75
116	182	5	6.95
109	515	3	8.86
112	434	3	8.65
112	486	9	48.41
112	538	3	9.83
103	540	4	6.82
1399	110	3	15.14
152	134	10	28.86
1311	110	3	14.65
101	5918	3	20.67
2649	203	3	33.97
655	133	3	15.86
1857	107	3	16.24
194	900	3	26.07
109	2290	5	37.77
103	871	6	20.97
345	107	8	30.2
1571	12	7	30.18
345	161	4	24.26
143	329	5	25.97
143	130	10	22.82
344	178	3	18.05
344	116	7	28.56
618	102	3	4.02
1043	14	8	23.04
104	6922	3	24.38
104	836	6	23.54
146	3821	3	29.97
105	565	4	11.6
8	2	4	3.9
1186	14	10	37.82
736	101	13	55.75
8	271	3	5.03
5156	119	3	26.44
219	265	7	57.44
112	5414	3	29.86
1319	14	3	4.17
673	1682	4	56.84
753	12	5	9.42
1095	116	6	38.38
529	107	9	45.57
133	589	8	57.55
2830	125	5	50.31
2090	16	5	45.84
9	10	18	53.21
498	107	4	13.01
128	408	3	12
109	766	9	55.47
1592	137	3	22.02
117	200	4	6.08
103	2468	5	29.55
1556	101	5	18.6
139	443	16	135.23
133	950	8	67.02
185	194	3	13.14
3253	14	4	15.91
1276	14	6	15.8
101	1065	4	9.85
10	129	6	14.72
111	1221	4	22.14
941	14	5	8.82
1936	14	5	15.85
1309	127	3	19.39
226	141	56	537.67
2683	12	3	10.5
444	102	5	8.15
1561	123	3	19.19
203	104	6	4.32
1395	164	6	60.89
2648	12	6	33.85
273	1494	3	32.93
109	254	9	31.19
339	1361	3	34
140	227	11	62.81
103	2985	4	22.72
213	131	11	55.07
109	2950	3	20.71
525	255	3	25.9
109	3070	6	57.98
974	14	4	5.44
2370	185	5	59.64
402	149	5	29.83
122	153	19	61.15
2314	14	4	12.68
113	699	8	48.41
468	107	3	7.68
116	127	18	24.52
673	102	5	12.18
321	104	5	7.59
122	4990	3	27.28
108	610	3	9.58
360	487	3	28.02
260	675	3	27.83
122	3834	4	37.37
171	503	5	39.01
225	675	4	37.45
104	315	13	42.45
128	1878	3	21.71
458	1409	3	36.65
101	598	6	12.5
189	134	6	19.56
641	14	5	5.17
688	3552	3	46.59
180	436	14	140.69
1204	551	5	66.89
12	7093	3	19.76
101	243	16	30.5
101	303	11	19.3
1208	12	3	5.65
1190	102	3	7.38
111	654	3	10.83
653	109	5	22.4
4363	16	3	30.4
617	130	3	15.3
177	219	19	162.74
3826	14	4	18.43
107	6092	3	28.33
107	4172	3	23.85
101	3676	4	22.62
109	661	11	69.08
433	117	8	40.15
3720	14	4	18.43
177	475	4	29.56
355	2997	3	40.56
403	109	3	7.26
1256	1036	3	40.93
102	524	5	9.5
115	3641	3	23.44
124	273	3	8.15
12	649	22	113.41
254	1211	3	31.35
6832	764	3	54.07
133	440	8	52.12
133	590	10	77.19
106	4248	4	36.69
219	280	4	28.54
762	105	3	8.88
383	14	11	15.42
101	2708	4	18.19
129	267	17	114.27
4925	106	4	36.69
138	149	7	14.88
1369	14	5	11.91
1157	101	3	6.07
124	113	30	56.37
1762	14	5	14.67
12	600	6	10.94
101	4872	4	27.56
110	631	4	15.83
114	215	6	14.57
108	510	4	13.64
3238	12	5	27.6
101	4031	4	27.56
210	128	6	20.94
183	111	24	100.33
102	373	5	6.39
1398	14	3	4.56
375	117	4	13.05
431	105	3	5.55
208	101	25	54.47
123	155	4	4.04
1678	105	5	29.07
2404	14	3	7.47
101	1535	4	12.8
146	314	3	12.65
179	160	3	9.5
179	106	26	92.06
102	3039	3	14
139	285	4	17.08
238	4382	4	60.66
573	236	3	25.51
16	204	5	16.83
114	6582	3	30.12
4767	133	4	46.38
423	108	3	7.48
107	366	7	25.56
101	320	30	119.37
143	176	11	50.32
118	146	7	5.87
707	14	6	9.13
12	7198	3	19.76
12	4781	4	26.34
1426	101	6	23.85
985	14	8	22.01
2099	14	4	11.52
169	179	4	15.95
889	110	3	12.09
1831	101	3	8.91
106	277	11	40
107	1044	6	33.97
1130	127	3	18.51
133	732	7	51.66
770	107	5	22.99
908	104	3	8.06
263	104	5	6.03
692	260	3	28.07
114	1737	7	55.93
152	686	4	28.31
116	139	16	26.67
1193	14	6	14.93
139	872	3	18.58
272	3529	3	40.24
106	1215	5	26.97
875	8	3	12.15
569	664	3	32.99
114	3266	3	21.84
106	1291	4	19.51
320	703	11	141.48
1476	12	3	6.47
102	935	6	20.61
213	116	16	69.19
137	414	4	20.35
119	104	65	74.07
625	135	3	15.98
532	101	4	4.69
3107	14	6	34.99
828	260	5	54.31
104	418	10	34.84
59	445	5	26.25
812	122	3	14.16
139	1707	3	22.87
825	102	3	5.6
838	12	4	6.84
112	519	19	139.78
2701	12	3	10.5
2538	136	4	37.68
2055	104	4	20.32
131	120	9	6.85
141	126	10	19.74
259	375	3	23.79
12	4836	3	15.33
140	1163	5	40.17
101	2625	5	26.21
115	126	34	82.42
137	178	3	5.75
101	780	4	7.23
122	1556	3	18.36
314	130	3	10.71
1676	102	4	15.49
12	224	10	7.13
684	735	4	49.28
119	121	18	16.51
1534	102	6	28
119	218	5	11.93
133	1064	3	19.02
496	260	3	25.85
109	1503	4	23.5
134	115	13	14.28
696	9	3	11.05
108	1807	6	44.28
140	153	71	528.54
159	14	38	31.74
462	101	11	30.06
572	280	3	27.24
103	257	15	38.58
724	102	6	17.25
338	16	5	24.43
104	4114	3	19.92
106	1222	5	26.97
101	1871	3	8.91
108	377	3	6.8
693	127	3	15.42
102	2649	3	12.81
142	270	3	11.24
162	210	3	12.12
107	1510	3	14.99
331	155	3	15.31
135	106	49	136.72
284	119	56	504.08
113	500	5	21.28
119	625	8	47.98
501	105	4	10.72
1737	14	6	20.39
628	14	14	41.98
12	627	5	7.79
124	239	4	11.41
149	334	3	13.54
138	3144	3	27.2
105	446	4	9.78
114	388	17	107.2
225	338	4	31.03
104	684	4	10.66
3144	57	3	25.59
156	1177	4	34.49
211	119	10	35.59
363	14	10	11.47
101	1463	4	12.1
326	124	3	9.12
505	131	3	14.03
243	102	10	14.95
655	104	3	6.18
260	338	3	23.08
109	1048	3	13
152	310	3	13.96
822	853	4	51.8
109	4301	3	24.5
4512	12	3	15.33
505	116	8	42.18
103	930	4	10.99
1087	107	3	12.73
101	1490	3	7.27
299	133	6	29.2
109	1721	5	33.25
104	701	6	21.37
120	325	5	17.45
101	2918	3	12.55
16	183	8	29.57
8	203	12	37.89
187	101	15	13.07
2826	108	4	30.84
363	141	3	13.11
107	400	14	74.94
101	544	4	4.69
1082	12	3	4.97
133	573	6	38.86
138	118	10	10.62
107	6468	3	28.33
219	249	6	45.6
180	239	6	38.93
961	101	3	5.13
3057	101	5	29.11
262	676	3	27.91
105	176	6	4.25
196	133	3	6.54
152	505	3	17.44
1415	593	4	54.02
3199	119	3	22.65
1138	9	4	21.26
4256	139	4	47.63
721	14	8	16.56
197	106	28	119.3
156	256	5	28.02
208	338	5	39.34
1160	12	3	5.3
916	128	3	17.09
1139	102	5	17.63
462	215	3	22.94
643	12	4	4.97
287	114	3	6.16
866	104	3	7.78
192	224	3	15.8
109	275	18	92.86
140	158	33	201.76
654	102	3	4.36
12	3772	5	32.93
159	141	3	4.71
1448	101	4	12.1
101	1704	3	8.3
548	219	3	24.14
6560	14	3	17.49
111	448	4	13.52
103	242	13	27.33
3946	14	4	18.43
101	934	4	8.58
351	103	9	21.2
4797	141	3	31.54
967	114	5	28.49
1436	107	3	14.46
160	127	5	9.16
161	780	4	31.52
614	869	3	35.44
256	193	4	25.19
121	355	4	13.56
347	12	11	20.37
12	4851	3	15.33
104	266	31	150.01
608	103	3	4.28
3126	14	4	15.91
150	200	3	8.92
384	9	3	7.32
189	148	21	137.16
207	126	3	6.4
3093	14	3	9.51
101	1899	3	8.91
136	162	3	4.43
136	108	9	4.3
304	115	3	6.41
113	720	5	24.98
676	643	3	34.04
182	114	5	6.91
209	202	4	23.02
131	342	3	11.37
127	791	3	16.19
1886	14	3	6.06
116	126	20	30.25
1262	14	9	32.96
350	260	3	23.41
104	1412	3	10.68
107	1802	3	16.24
103	478	7	17.73
411	12	5	4.4
1761	12	3	7.47
258	121	5	15.4
115	3014	3	21.86
12	571	29	167.01
12	393	48	299.76
12	469	10	23.15
148	126	6	8.43
602	149	3	17.43
255	998	3	30.14
104	316	14	47.87
109	1163	9	65.17
541	106	3	7.69
612	124	3	13.46
110	115	20	8.63
388	119	18	120.86
1285	194	3	27.96
517	515	3	30.87
212	109	4	5.59
224	114	4	7.58
119	263	3	6.37
114	2395	6	51.28
12	213	100	568.03
564	138	3	15.56
178	109	5	5.18
848	107	4	17.23
103	224	6	4.03
111	580	3	10.04
1093	14	15	75.39
121	1378	3	16.83
104	1234	6	28.89
109	153	95	542.84
103	799	5	14.58
123	307	3	8.66
1744	14	5	14.67
498	105	3	6.46
183	204	3	13.86
117	187	13	43.23
117	138	15	23.46
1019	12	9	35
420	114	4	13.71
466	116	3	9.18
2917	118	4	33.52
3091	101	4	20.05
313	205	4	28.47
516	14	8	11.63
4838	101	3	16.24
133	525	8	55.35
712	115	6	32.47
358	110	3	6.67
12	1083	3	4.97
103	1702	3	10.18
322	4038	4	63.99
103	1746	3	10.18
118	103	98	130.66
106	740	3	9.62
184	119	7	15.71
144	879	3	19.14
565	172	3	21.18
107	584	7	32.94
104	771	11	56.78
16	111	44	134.88
129	596	7	47.29
3106	12	3	11.67
176	1715	3	28.54
841	121	7	45.6
1477	14	6	17.82
214	119	3	4.38
128	101	46	23.65
309	176	4	25.18
283	607	11	133.8
161	1519	3	26.33
698	110	3	10.8
127	149	27	112.32
103	4237	3	18.25
127	249	4	13.2
180	1347	3	27.05
102	222	9	9.66
1734	116	4	25.87
102	171	11	5.42
167	159	7	30.63
776	121	5	27.74
1550	2886	4	71
101	6477	3	20.67
1275	12	3	5.65
184	132	4	9.46
1001	259	3	30.37
101	2953	3	12.55
109	1688	3	16.22
17	103	11	6.41
104	1009	6	26.27
225	394	3	22.51
180	198	6	34.06
133	476	7	44.68
138	150	4	5.04
107	180	9	16.43
593	346	4	41.27
12	813	21	124.91
124	112	13	7.6
111	1629	3	16.17
548	824	3	34.17
101	1161	5	15.29
431	104	3	3.9
12	1947	3	8.07
123	156	4	4.29
5142	14	3	13.11
545	14	30	146.86
1333	149	6	55.01
106	1216	7	43.65
1178	14	8	25.36
57	14	109	108.04
111	356	3	7.01
5	101	15	42.69
145	166	4	9.47
101	1841	5	20.91
140	275	8	45.67
109	158	38	155.79
1216	158	7	71.5
6445	102	3	22.17
126	109	14	10
661	102	3	4.36
1706	102	3	9.68
104	554	3	5.16
103	3696	3	16.06
110	199	7	14.54
282	114	3	6.02
121	329	5	17.96
103	1405	3	9.11
2334	14	3	7.47
103	1540	4	15.36
399	101	11	26.08
2114	14	5	17.24
157	316	3	15.3
118	772	3	13.01
1360	14	7	22.19
241	14	37	97.08
357	9	4	11.31
1997	105	4	23.02
150	305	3	12.87
3090	14	4	15.91
2481	101	3	11.37
195	152	3	9.55
104	247	40	205.95
148	188	6	23.78
121	533	4	17.14
746	138	4	25.48
16	658	3	15.98
104	1441	4	16.78
131	299	3	10.37
131	104	28	22.77
109	558	20	149.4
133	5208	3	34.78
101	3318	3	14.07
130	906	4	26.28
107	5458	3	28.33
5909	105	3	26.45
276	14	43	153.72
248	271	3	20.87
111	311	5	14.85
486	101	12	36.98
3121	14	3	9.51
532	125	4	19.92
1285	109	3	14.16
110	154	6	4.38
2052	272	3	35.52
1900	14	3	6.06
132	142	12	31.33
6776	14	3	17.49
313	738	3	29.51
119	120	15	9.46
547	103	13	53.22
525	286	3	26.85
3480	452	3	43.82
101	1660	4	13.59
476	249	4	35.61
217	288	4	28.62
145	120	21	55.35
104	1240	3	9.79
140	254	9	51.46
6222	3591	3	65.43
109	227	13	49.27
203	16	3	7.03
259	127	5	19.57
141	374	3	13.34
107	5228	3	28.33
6922	710	3	53.56
3527	136	4	42.22
131	121	8	5.28
165	130	3	3.99
131	218	3	7.68
164	940	9	92.6
142	2232	5	49.71
4779	14	3	13.11
104	3034	4	24.94
106	3065	4	29.09
834	107	7	38.86
105	894	3	9.66
148	141	16	61.15
115	2578	3	20.63
1016	102	3	6.7
423	116	9	45.93
910	101	4	8.58
8	9	27	16.93
101	2934	3	12.55
1456	110	3	15.14
101	3851	4	22.62
108	274	7	21.88
989	133	3	18.3
108	198	7	13.97
1581	14	5	13.64
232	101	27	73.64
407	129	3	12.35
7111	14	3	17.49
2097	102	3	11.01
101	1613	3	7.76
337	123	6	26.89
112	1024	4	20.94
776	104	4	11.58
103	1022	4	11.84
162	145	3	5.34
275	338	4	33.72
254	359	3	23.22
693	172	4	32.7
2620	14	6	29.36
101	4165	3	16.24
140	661	5	33.83
322	295	3	23.3
672	120	4	18.68
117	101	70	23.8
2762	14	3	8.38
366	1515	3	35.61
187	394	4	28.82
3727	14	3	10.99
114	137	12	13.73
1033	103	3	7.17
225	441	4	33.7
147	304	4	19.02
441	127	4	19
118	446	4	15.16
1312	102	3	8.17
106	909	4	17
111	1816	4	26.01
675	104	4	10.66
961	12	3	4.39
120	578	12	82.09
1884	12	4	13.34
114	171	11	27.51
8	510	4	13.96
2744	121	3	21.74
2671	14	4	14.1
149	183	3	7.55
1416	105	4	19.44
368	117	4	12.9
133	572	5	30.41
101	477	10	26.39
101	425	10	23.95
114	3803	3	23.42
123	113	18	18.65
173	101	13	6
459	105	3	5.91
156	203	3	11.06
167	452	3	18.72
9	181	12	31.4
250	150	3	11.37
177	350	7	55.02
142	222	5	20.38
101	4118	3	16.24
164	132	12	45.49
473	574	3	30.95
142	544	4	23.49
232	215	3	17.47
4638	102	3	17.72
205	1439	4	42.4
7064	121	3	31.25
107	4146	3	23.85
108	112	198	844.07
115	1973	3	18.76
8	1420	13	126.15
5185	14	3	13.11
3102	119	3	22.65
101	1387	7	29.28
303	376	4	35.48
102	216	7	4.41
3891	14	3	10.99
474	117	3	9.53
113	1410	5	32.94
423	131	3	12.86
344	103	5	6.34
127	1500	3	20.43
109	1806	6	44.58
372	114	4	12.59
409	104	4	6.79
246	123	16	90.92
102	2096	3	11.01
101	680	17	82.22
258	104	10	23.21
101	800	6	16.04
1600	12	6	23.33
106	312	10	37.06
1890	116	5	36.46
177	3296	3	34.72
221	1545	3	31.26
121	415	6	27.34
1291	172	3	26.23
2366	105	3	15.98
109	1349	4	22.06
107	3581	3	21.63
141	139	4	4.12
182	115	7	13.57
1003	105	3	10.59
160	1237	3	24.68
377	101	17	54.44
982	14	4	5.44
122	59	11	11.62
102	723	10	40.06
106	1511	4	21.57
136	109	11	8.24
111	277	4	9.28
102	976	3	6.4
749	192	5	46.46
8	3578	3	22.39
453	118	3	9.69
116	345	3	7.35
141	391	3	13.57
130	803	3	16.95
192	126	3	5.5
101	2268	6	32.47
129	720	3	15.93
160	172	4	14.47
3143	14	3	9.51
101	987	4	8.98
133	1080	15	161.91
119	342	3	7.95
128	1747	3	21.04
199	227	3	16.37
708	107	4	15.84
4368	102	4	29.56
183	140	7	26.46
269	141	36	328.88
133	4046	3	30.29
123	126	7	4.19
124	142	16	40.48
2157	14	6	23.87
348	156	4	23.78
101	4688	3	16.24
106	2449	4	27.19
103	3486	3	16.06
1992	114	3	18.74
883	114	3	13.13
587	12	5	7.23
106	808	10	60.52
2059	14	6	23.87
510	146	4	23.73
850	103	3	6.05
12	1099	12	58.82
118	230	5	12.74
101	185	33	70.16
2900	105	6	52.9
230	634	3	25.89
102	1479	3	8.63
1106	14	6	14.14
748	119	3	12.84
9	369	3	7.11
8	3778	5	48.49
120	1532	3	17.63
893	116	3	13.16
103	2287	3	12.34
117	404	3	8.5
112	2281	3	19.34
502	112	8	41.42
542	141	12	99.49
1696	109	4	24.34
112	488	14	89.77
102	712	3	4.73
122	270	3	7.23
133	5239	3	34.78
472	14	17	47.16
852	126	3	16.4
131	133	6	6.34
270	101	22	63.68
101	4585	3	16.24
129	1088	4	27.37
347	110	3	6.47
160	436	3	18
2625	104	3	14.96
101	735	6	15.02
440	227	4	33.78
241	128	4	12.81
935	145	13	132.81
101	1048	3	5.42
119	331	5	17.61
101	988	4	8.98
119	132	11	11.44
103	1432	3	9.11
12	273	8	6.84
121	103	237	739.52
121	298	3	7.3
773	14	8	17.88
245	133	4	14.26
110	101	72	12.32
8	1671	3	16.32
1486	14	5	12.72
126	135	7	8.49
140	244	7	35.39
192	113	5	8.35
119	1608	3	17.54
453	121	3	10.07
127	896	4	25.25
2038	107	3	16.98
140	259	5	22.96
287	187	3	17.58
127	2160	3	23.31
724	108	4	16.48
2646	14	5	21
1420	14	11	53.21
9	777	3	11.53
178	135	4	9.5
213	103	16	32.62
106	516	6	23.21
12	113	183	253.6
106	566	11	59.36
2103	119	9	92.84
144	205	4	13.48
185	165	3	10.43
128	1857	6	54.35
230	434	4	33.67
245	118	4	9.49
1079	107	3	12.73
939	12	3	4.13
107	2603	3	18.84
439	444	3	28.8
107	4454	3	23.85
918	102	4	10.35
101	2639	5	26.21
467	104	4	7.75
333	137	4	18.21
1511	105	4	20.18
688	1351	3	38.78
1417	108	4	22.54
101	2061	3	9.6
953	101	7	24
804	104	3	7.26
177	758	5	44.6
831	16	5	34.7
131	118	8	4.63
113	4637	3	25.6
432	104	3	4.01
116	156	6	6.43
105	6197	3	26.45
104	3358	3	17.72
1179	14	4	6.67
1509	124	5	38.32
161	185	8	42.49
16	2	5	14.72
129	356	6	31.19
1007	14	6	13.41
120	300	15	83.66
400	244	5	44.61
166	257	3	14.67
102	1370	3	8.17
1296	116	4	22.95
6173	102	3	22.17
277	710	3	28.47
118	130	28	70.96
1218	104	3	9.79
101	531	15	56.87
555	123	3	12.76
501	107	11	59.35
106	1078	4	18.4
2755	12	3	10.5
105	194	23	79.08
925	115	5	27.94
120	553	10	62.56
6820	14	3	17.49
169	1063	5	47.05
147	305	3	12.56
219	248	7	55.49
133	3997	3	30.29
590	249	4	37.55
1316	14	3	4.17
733	133	16	153.24
101	4168	3	16.24
6703	14	3	17.49
105	1545	3	13.17
376	9	3	7.21
3134	14	3	9.51
140	766	14	135.71
600	103	4	7.67
9	16	12	9.84
247	8	3	4.26
410	112	9	44.65
1470	12	3	6.47
101	1145	3	6.07
638	107	3	9.5
1893	14	3	6.06
171	970	3	24.38
552	101	16	64.42
129	536	4	21.16
520	1156	5	66.28
153	212	13	85.11
1787	12	5	18.22
101	322	37	169.72
815	102	3	5.36
120	3095	3	22.74
103	1656	3	10.18
149	469	5	31.74
102	184	10	5.89
128	202	11	49.3
111	605	8	43.72
1393	12	5	15.36
465	12	6	8.03
108	142	85	392.26
113	2979	3	21.81
260	321	3	22.48
948	265	3	30.25
104	2022	3	13.13
1376	101	3	6.83
1166	14	8	25.36
142	153	7	18.84
103	2484	3	13.32
104	1684	5	25.69
102	483	4	5.53
715	12	4	5.68
123	141	14	31.05
156	127	9	24.94
113	537	7	35.58
278	114	4	9.97
119	608	3	11.54
665	164	10	97.03
104	2205	5	30.16
491	262	5	48.45
105	207	16	48.4
1811	149	5	47.89
726	119	3	12.6
2693	137	3	25.93
113	1711	3	17.31
351	131	3	11.68
1601	14	4	8.94
324	113	7	27.02
101	914	4	8.58
104	562	9	35.32
496	275	4	37.47
113	3613	3	23.39
339	362	4	36.31
828	254	4	41
206	180	7	43.33
1042	12	3	4.67
101	2181	5	24.06
513	236	6	58.57
306	362	4	35.12
968	125	4	25.12
2095	138	3	24.08
2123	12	7	36.72
57	13	10	30.32
103	198	9	7.41
57	9	33	71.02
700	1187	4	53.59
2204	101	3	10.41
145	106	43	125.58
145	160	3	5.16
927	119	4	21.41
770	105	5	19.98
101	1931	7	36.21
128	661	8	57.03
3183	138	3	27.2
386	721	8	100.68
637	104	4	10.11
116	128	24	44.09
104	161	28	61.33
353	503	6	65.31
12	4767	4	26.34
146	3379	3	29.97
1318	12	3	6.04
139	1957	3	24.29
889	12	4	7.18
106	267	9	28.41
103	1144	4	12.82
1468	14	3	4.56
12	561	28	156.8
137	103	22	7.98
102	2065	5	24.78
101	765	5	11.12
2726	14	6	29.36
112	1142	3	14.6
4945	14	3	13.11
148	113	17	36.07
571	188	3	22.42
175	159	4	14.65
112	1245	4	22.57
157	161	12	63.13
10	590	4	29.86
333	12	9	12.41
101	2019	4	15.52
175	1372	3	26.89
1195	125	6	45.76
172	128	5	11.4
2019	107	3	16.98
489	6485	3	51.17
658	184	4	33.09
3353	107	3	21.63
141	155	4	7.58
116	113	15	4.82
2691	14	3	8.38
249	295	4	30.88
1377	14	13	68.73
113	2480	3	20.58
1154	103	4	12.82
231	113	3	4.38
126	146	5	5.24
259	323	4	32.4
3052	101	3	12.55
109	320	5	14.02
159	274	3	14.61
109	260	17	83.1
102	1036	4	11.19
101	1839	3	8.91
213	192	3	15.16
112	180	8	16.42
1266	107	4	20.57
168	12	39	64.46
119	150	27	88.69
102	1858	3	10.3
112	1560	6	43.18
102	1806	3	10.3
101	919	3	4.86
119	250	10	41.75
351	116	5	17.4
199	12	30	61.73
132	112	17	24.33
870	222	3	27.59
1458	281	3	33.1
235	220	4	26.3
106	370	14	68.67
121	122	14	10.73
457	110	4	13.08
104	461	5	11.48
327	688	4	41.48
1543	14	3	5
551	14	5	3.99
2412	14	3	7.47
104	579	13	63.13
149	242	5	23.36
114	3106	3	21.84
868	110	3	12.09
101	559	7	15.81
101	493	10	26.92
158	151	4	9.71
549	112	6	28.43
353	6832	3	48.87
466	220	3	23.27
107	3083	6	56.67
161	456	4	26.97
115	1017	6	37.54
260	408	3	24.51
1278	116	10	81.52
120	1204	7	50.59
123	14	72	16.42
6558	14	3	17.49
6309	5529	3	72.16
897	110	3	12.39
1455	246	3	31.89
2107	14	4	11.52
101	1116	5	14.63
102	588	3	3.86
1337	14	3	4.17
194	899	3	26.07
2205	14	4	12.68
123	345	3	9.57
106	2072	3	16.18
876	14	5	7.89
102	200	18	32.68
112	941	6	36.21
380	133	12	83.89
155	629	4	28.61
288	141	6	31.3
127	104	20	5.64
206	1650	3	30.93
115	2109	5	37.93
261	275	3	21.68
142	1327	3	21.66
109	1670	3	16.22
2525	118	4	31.61
154	974	3	22.41
101	3055	4	20.05
322	4039	3	43.44
575	1380	3	37.7
140	3501	3	29.26
184	120	4	5.36
104	1078	7	34.21
348	187	3	19.01
455	112	7	32.33
1361	14	6	16.76
242	14	10	4.31
138	108	10	6.18
358	9	3	6.9
6612	115	3	30.14
158	212	18	137.68
298	185	3	17.53
112	727	3	11.82
101	1264	3	6.44
140	617	5	33.08
362	102	13	38.54
1950	104	4	20.32
407	111	3	7.86
2614	107	3	18.84
1215	158	7	71.5
104	3389	3	17.72
193	115	31	161.74
107	1351	4	21.2
546	122	4	17.8
470	113	3	9.27
671	124	3	13.88
101	242	20	46.6
103	3500	3	16.06
8	59	26	44.47
1705	102	3	9.68
8	199	5	7.64
161	257	8	54.07
119	567	3	11.17
314	107	14	65.46
125	112	130	640.43
4693	6289	3	67.66
106	180	26	92.63
113	2055	5	37.85
8	706	4	16.81
1502	14	5	13.64
101	2452	6	35.67
292	103	5	4.8
311	101	7	7.58
2673	131	3	25.1
1932	103	4	17.08
139	841	3	18.29
116	124	16	14.62
1304	119	8	61.87
116	221	3	4.12
165	106	8	8.32
131	146	7	12.53
563	105	4	11.6
591	134	3	15.24
131	210	5	16.89
102	642	3	4.19
112	370	19	121.52
430	104	4	7.09
892	118	3	13.83
458	594	3	30.99
103	222	7	5.86
426	14	21	64.14
109	255	4	7.85
244	295	5	40.84
104	516	15	73.8
110	113	55	103.2
134	203	8	33.2
101	930	4	8.58
133	949	7	56.26
185	132	4	9.58
133	898	6	45.24
101	1006	3	5.42
681	152	4	28.31
110	128	13	8.42
4596	107	3	23.85
105	771	6	26.35
103	1463	4	14.63
12	101	295	25.87
981	103	3	6.86
170	2564	3	31.1
2635	14	3	8.38
119	165	7	11.94
119	103	89	107.03
113	879	8	52.53
875	9	3	12.35
111	563	3	9.87
1476	14	6	17.82
4958	105	3	21.97
213	119	4	7.74
2132	124	4	31.32
145	103	76	195.09
112	267	5	13.76
12	3881	5	32.93
370	59	8	46.35
116	187	4	4.81
1332	107	3	13.98
116	138	12	13.92
209	112	26	134.61
2471	105	4	25.78
163	219	4	19.06
57	347	4	16.73
167	817	4	32.47
263	103	6	6.41
357	110	6	21.16
125	198	4	9.32
133	731	11	93.47
107	876	18	152.96
718	102	5	12.55
101	257	28	91.23
758	259	3	28.51
103	1871	3	10.8
118	315	4	11.79
103	1659	5	22.95
187	271	3	17.25
2906	105	3	18.2
400	286	14	165.18
1081	105	3	10.94
795	244	5	52.58
2022	14	3	6.7
152	117	25	81.62
142	512	8	58.01
104	2027	4	20.32
102	292	7	9.39
103	1035	4	11.84
111	744	4	17.7
569	240	3	25.58
111	923	4	19.6
1055	110	3	13.41
122	2134	6	52.13
109	747	3	10.99
117	126	10	5.83
105	316	5	10.3
722	101	6	14.55
114	214	18	82.09
3029	14	3	9.51
466	133	6	35.66
6764	14	3	17.49
114	142	60	257.56
4896	14	4	23.33
12	811	21	124.91
106	956	3	11.27
103	1975	6	34.08
149	322	4	19.7
4358	2590	4	84.35
127	194	3	5.66
452	118	3	9.69
617	107	5	20.63
1170	116	8	58.35
248	826	3	28.48
143	1441	3	22.27
103	1020	5	17.16
8	3107	6	58.19
143	247	8	43.56
106	716	3	9.39
363	12	6	5.47
170	581	5	40.13
105	595	5	17.33
16	129	8	11.63
497	244	4	35.96
225	271	5	38.49
120	311	5	17.15
3930	14	5	29.16
196	117	4	5.81
129	300	3	10.12
128	3952	3	27.16
105	341	7	20.24
133	2786	4	38.75
147	14	47	24.34
291	120	6	21.84
215	185	3	14.5
120	356	5	18.78
142	1465	4	32.21
101	390	6	7.5
119	622	3	11.74
138	193	69	622.1
133	497	12	92.83
106	1015	3	11.6
257	104	5	5.65
480	12	5	5.63
937	116	3	13.46
534	102	5	9.75
659	12	5	8.39
102	421	4	4.62
123	199	3	4.91
12	3244	4	18.86
140	659	4	25.14
117	14	94	13.81
106	3529	3	20.82
2345	14	8	46.65
57	17	5	10.88
101	1718	3	8.3
145	122	10	15.59
217	113	8	23.88
2132	170	3	29.21
192	138	4	11.34
766	114	13	97.66
159	12	29	27.98
109	225	13	49.01
122	2667	3	22.25
126	118	11	8.81
408	104	5	10.43
121	206	9	30.24
101	2371	4	16.73
12	289	64	376.82
119	122	20	23.85
670	14	18	69.6
814	131	3	16.95
1248	101	4	10.88
1396	14	11	49.94
5501	9	3	29.3
175	137	6	18.87
150	113	22	58.06
1528	129	4	30.62
425	105	4	9.43
175	269	7	50.01
120	666	6	33.22
109	1128	4	20.3
2745	121	3	21.74
107	2207	8	75.56
3561	121	3	24.55
467	109	3	8.26
234	112	31	187.81
306	12	9	10.8
152	606	3	18.54
131	220	3	7.83
182	128	4	8.13
432	109	4	12.66
116	319	6	21.07
101	2048	4	15.52
3755	14	3	10.99
116	304	3	6.41
781	14	9	22.4
2763	14	3	8.38
101	3290	4	22.62
396	105	4	8.66
116	170	7	11.55
732	265	4	40.5
3146	106	6	55.03
131	135	5	4.65
459	859	3	33.18
163	261	4	21.86
950	225	9	109.36
133	828	6	43.9
104	3081	3	16.17
148	101	23	7.63
395	134	3	12.49
3005	101	3	12.55
347	14	19	43.19
1462	14	3	4.56
114	932	3	13.44
723	126	3	15.36
106	2974	5	40.47
612	14	5	4.91
121	106	108	327.13
2052	124	4	31.32
102	5643	3	22.17
206	314	6	47.81
1615	14	5	13.64
1965	101	3	9.6
110	307	4	9.4
814	116	4	19.2
857	107	5	23.94
137	383	7	42.26
422	116	3	8.66
109	3711	3	22.28
199	112	15	56.46
106	488	4	11.81
1171	12	3	5.3
1774	116	3	17.36
476	236	3	24.28
104	6080	3	24.38
103	303	14	39.3
103	243	11	19.83
462	318	3	26.41
949	249	3	29.43
5124	14	3	13.11
117	724	5	25.44
103	2965	4	22.72
103	2905	3	14.52
127	943	3	17.4
12	3775	3	13.18
103	598	4	7.67
1483	149	4	33.37
952	110	5	26.71
101	1312	4	11.46
9	117	49	89.85
117	141	24	60.74
114	1388	9	72.22
5170	12	3	15.33
721	12	8	21.95
153	365	7	48.24
419	128	3	12.13
114	5159	3	25.63
809	101	8	26.38
149	185	8	35.26
1082	14	6	14.14
2335	427	7	111.92
223	153	5	24
1664	101	4	13.59
118	120	26	36.04
398	124	3	10.55
671	170	3	21.64
829	9	4	18.48
1126	104	7	34.21
104	774	9	41.93
1412	12	4	10.98
497	259	3	25.78
2682	138	3	25.97
103	1065	3	7.5
1170	131	3	19.28
1282	14	8	26.71
275	375	3	24.27
102	214	7	4.34
155	815	3	21.31
524	113	3	9.88
1558	101	3	7.76
853	14	8	19.37
101	2512	3	11.37
347	9	4	11.04
101	797	5	11.53
258	109	8	26.26
788	12	4	6.23
384	169	9	74.83
500	107	3	8.11
755	12	4	5.95
1271	121	3	16.37
2777	145	4	39.19
128	737	3	15.68
136	104	22	14.64
1113	116	5	29.82
3135	14	3	9.51
1942	14	5	15.85
176	581	5	41.39
209	142	4	13.64
109	443	7	30.36
1054	172	3	25.41
978	179	3	24.97
906	105	10	60.7
203	117	4	6.27
643	9	3	10.41
127	1056	4	26.69
1180	14	4	6.67
105	5277	3	26.45
112	312	3	6.4
103	1430	3	9.11
1648	118	4	26.79
149	800	6	47.76
3968	14	4	18.43
401	101	18	62.49
121	166	28	124.69
105	790	4	14.47
784	103	3	5.58
2320	14	6	26.21
625	106	4	13.66
110	14	123	22.23
245	194	5	33.28
12	706	7	17.25
12	630	5	7.79
101	540	8	19.25
101	361	7	9.63
2050	1254	3	45.69
147	156	4	8.82
104	891	5	18.14
327	107	6	18.06
972	107	3	12.04
1102	102	6	22.82
117	156	6	6.75
142	285	4	17.65
12	3250	5	27.6
104	3584	4	27.54
103	613	9	32.42
2395	14	3	7.47
101	1248	6	21.74
135	146	29	135.72
390	172	4	27.2
112	743	6	32.44
107	1529	5	31.04
175	1757	3	28.54
6996	14	3	17.49
120	3902	3	24.32
113	205	25	126.97
2946	101	3	12.55
437	14	6	4.36
214	103	7	5.11
140	4372	3	31.49
3761	14	3	10.99
1293	106	3	12.75
167	137	7	21.51
7150	14	3	17.49
483	116	5	20.83
3225	12	4	18.86
103	2133	3	11.52
683	104	4	10.66
739	141	5	35.16
101	5870	3	20.67
108	222	7	17.22
281	12	15	29.04
773	853	4	51.43
102	3892	4	24.6
105	367	6	16.61
1286	102	3	7.76
105	487	5	15.3
109	3443	3	22.28
184	103	9	5.1
323	9	4	10.17
1759	14	3	5.49
162	1120	3	24.07
3668	14	3	10.99
2738	14	4	14.1
772	14	6	10
1817	14	3	6.06
3086	124	3	24.44
372	139	3	13.03
1456	14	5	12.72
317	124	3	8.95
785	105	8	40.38
205	325	3	19.76
133	308	5	22.94
144	969	3	19.78
103	1779	5	22.95
858	102	5	14.22
143	161	12	50.69
184	145	3	7.13
380	163	3	17.21
101	1602	3	7.76
112	909	3	13.19
380	109	4	11.36
102	159	20	19.78
12	1810	4	13.34
569	546	3	31.59
103	1019	12	68.18
1487	14	3	4.56
164	122	7	13.31
621	14	20	79.58
109	679	3	10.53
1592	14	7	25.08
250	103	9	13.65
1040	102	3	6.7
123	187	8	24.69
123	138	6	4.56
5903	107	3	28.33
2228	107	3	17.83
124	12	52	14.93
257	107	3	4
3822	14	5	29.16
144	2511	4	38.83
1975	101	3	9.6
104	995	7	32.31
12	115	75	17.28
12	288	58	315.78
547	106	4	12.44
119	179	4	4.78
134	224	4	13.08
110	141	10	7.69
586	12	6	10.6
215	800	3	26.57
107	4624	4	37.77
1497	102	3	8.63
491	776	4	46.72
696	12	5	9.06
1621	12	3	6.94
682	102	5	12.18
126	121	14	17.36
842	107	3	11.14
141	439	3	14.47
194	302	3	18.46
310	108	4	9.28
800	101	7	21
320	772	3	29.77
356	514	3	28.24
112	327	18	104.6
122	6638	3	31.77
4790	14	3	13.11
111	293	4	9.68
248	321	3	21.83
332	14	17	32.41
223	1946	3	32.7
107	1695	3	15.58
1876	14	4	10.53
1948	115	3	18.01
177	760	3	23.4
350	225	4	31.47
1424	102	3	8.63
221	121	5	12.73
116	154	12	24.97
141	114	18	35.03
1659	107	4	23.48
12	482	38	241.21
118	634	9	56.9
895	153	13	138.52
101	843	16	84.88
1905	14	3	6.06
4909	14	3	13.11
125	142	6	6.56
387	102	4	4
1144	114	4	22.33
116	455	5	20.08
126	104	48	67.47
538	123	3	12.41
1572	101	5	18.6
310	117	3	6.76
106	1203	3	12.34
111	418	3	8.1
152	2146	3	26.71
139	2216	4	36.56
230	1257	6	70.3
10	223	3	13.22
981	108	3	12.52
3145	14	3	9.51
103	1551	4	15.36
691	119	6	33.51
12	110	72	5.45
101	1016	7	24.89
119	108	22	14.39
185	120	5	8.63
224	139	4	14.24
101	912	9	35.21
778	106	3	9.86
119	162	7	11.55
778	160	4	31.32
110	188	5	6.49
388	136	3	12.97
245	109	7	19.92
1736	12	3	7.47
106	3007	4	29.09
479	12	5	5.63
121	444	4	15.67
219	2222	3	34
133	692	6	41.62
2317	115	4	29.15
101	763	4	7.23
136	341	3	12.1
111	300	5	14.29
2342	14	7	34.9
122	14	66	4.82
1382	119	3	16.51
109	346	7	26.23
1545	6125	3	58.66
131	163	3	3.86
131	109	13	10.4
116	335	3	7.17
129	1814	4	32.42
108	767	14	102.2
102	2409	3	11.83
508	12	6	9.06
116	199	4	5.8
102	112	64	26.45
140	2235	3	25.42
103	960	3	6.86
116	841	4	19.58
2741	258	3	36.94
288	101	7	6.66
232	113	3	4.38
427	110	3	7.78
103	2231	4	19.36
260	323	3	22.58
105	461	3	5.91
101	2948	3	12.55
16	144	13	36.89
104	607	4	9.61
261	286	26	320.54
225	323	5	40.28
308	107	7	22.52
101	6466	3	20.67
2310	102	4	18.67
184	192	7	42.01
136	2123	3	23.99
115	2337	4	29.15
117	3747	4	35.51
1241	102	3	7.76
1039	145	3	20.39
103	2060	3	11.52
12	664	5	8.39
104	1072	5	20.46
164	165	5	18.9
164	103	24	35.9
274	1246	4	45.29
183	101	17	16.54
117	113	35	52.11
250	122	3	6.45
851	14	10	29.34
2287	128	6	58.8
260	359	4	33.78
104	1849	4	19.26
109	769	4	17.34
117	128	9	4.31
103	2471	3	13.32
146	2718	3	27.15
721	114	3	11.83
2756	14	3	8.38
123	101	54	24.65
103	734	3	5.37
107	1544	9	71.57
101	1253	3	6.44
102	376	6	9.66
645	108	19	145.59
753	14	8	17.2
229	106	5	8.02
1039	103	4	11.84
868	9	4	18.88
101	360	12	28.21
225	359	6	52.62
121	804	3	13.66
613	59	3	14.67
813	116	5	26.41
3941	12	3	13.18
1580	158	5	49.54
187	112	14	46.35
154	1076	4	33.41
211	146	3	9.15
103	1809	4	17.08
599	14	6	7.31
184	122	7	17.42
118	106	92	238.17
118	160	5	5.27
138	416	3	13.56
101	239	19	41.57
109	2289	5	37.77
729	110	3	11.03
193	124	3	4.64
2144	119	3	19.54
152	268	3	13.05
109	902	3	12.35
109	978	3	12.67
139	270	7	37.03
556	127	3	13.96
1438	10	3	26.19
116	115	45	83.73
2915	105	5	38.7
978	108	8	51.22
489	4754	4	68.34
152	775	3	20.14
234	142	3	9.79
732	249	3	27.66
154	398	41	494.3
216	14	18	15.99
6522	14	3	17.49
110	375	3	6.97
144	537	5	31.92
405	123	3	10.67
1617	192	3	29.35
685	12	6	12.5
149	1004	4	30.36
212	104	8	10.44
101	2202	3	10.41
121	120	32	58.78
541	103	4	6.82
110	291	3	5.32
160	305	4	22.64
353	314	3	24.6
110	126	11	4.85
122	2698	3	22.25
426	9	3	8.02
139	950	4	28.15
1908	105	7	49.58
101	5662	3	20.67
178	299	4	24.86
12	1418	3	6.47
1677	107	5	32.17
999	110	3	13.05
194	142	3	7.63
1321	105	5	26.05
453	122	3	10.55
57	276	12	70.54
518	107	15	93.22
787	136	4	25.7
104	1291	3	9.79
738	12	4	5.95
166	2138	3	28.77
120	906	3	14.31
134	188	5	14.59
103	3666	3	16.06
828	225	3	27.53
2419	119	6	52.9
634	101	6	13.26
180	2530	3	32.02
144	356	3	13.24
125	14	60	11.36
440	286	7	72.97
157	230	4	19.21
356	1519	3	35.38
384	101	20	72.49
1259	581	3	37.24
1132	127	3	18.51
115	59	49	155.53
367	161	5	33.39
292	116	18	101.98
8	6776	3	29.09
112	5996	3	29.86
651	12	4	5.19
104	130	66	145.19
472	12	9	18.97
692	225	4	37.78
140	346	5	26.55
109	390	3	7.04
234	188	3	15.8
3471	102	4	24.6
374	103	4	4.27
1195	14	4	6.67
2078	14	4	11.52
103	559	3	3.97
113	717	4	18.09
5159	14	3	13.11
114	1196	3	14.85
127	295	3	9.64
142	361	3	13.23
299	135	3	11.02
2410	14	3	7.47
139	320	5	24.6
109	2235	3	18.48
113	326	13	67.01
103	919	4	10.99
1106	12	3	4.97
163	758	5	42.04
128	112	93	404.94
309	107	19	101.19
139	5187	4	47.63
1408	104	3	10.68
309	161	8	57.71
114	2727	3	20.61
138	474	6	37.41
101	285	11	18.19
576	378	9	111.16
153	295	3	13.84
261	255	5	40.29
114	6623	3	30.12
2428	105	3	15.98
372	126	5	23.75
330	267	4	32.85
101	5158	3	16.24
115	841	3	12.86
587	14	13	34.7
255	295	3	21.72
120	396	4	14.18
12	2486	5	24.7
846	14	5	7.47
1168	903	3	39.81
1371	14	6	16.76
129	205	13	66.23
174	128	4	7.65
113	1272	4	22.87
107	261	27	155.61
111	1107	6	37.17
12	2112	4	14.36
9	123	33	58.92
109	846	12	85.85
117	203	8	22.23
1138	101	3	6.07
12	3251	5	27.6
180	1436	4	39.43
420	14	6	3.99
243	461	3	24.36
1183	103	3	7.85
135	103	124	392.25
101	1144	4	10.34
1470	14	6	17.82
103	765	4	9.56
106	3571	5	45.86
177	400	6	46.9
2367	107	3	17.83
120	501	9	52.39
114	273	4	9.87
153	386	5	31.51
628	110	4	15.56
368	134	3	12.14
124	101	212	585.32
1229	101	4	10.88
101	334	19	59.4
2151	119	3	19.54
869	101	3	4.61
113	1427	6	42.34
1219	133	3	19.84
3807	14	5	29.16
124	498	3	12.2
143	106	63	226.13
2202	101	3	10.41
1050	118	4	22.23
170	397	16	156
101	2998	3	12.55
105	451	3	5.79
114	587	6	29.71
114	377	18	115.14
655	109	4	16.06
414	116	7	31.65
104	2010	3	13.13
617	105	3	7.6
903	101	3	4.86
1607	14	5	13.64
855	135	3	17.92
489	977	17	284.88
140	512	4	22.8
1405	101	3	7.27
122	3088	3	23.48
4655	14	3	13.11
182	139	4	10.26
141	115	7	3.9
122	4955	4	42.36
136	263	3	10.39
103	456	7	17.06
898	227	3	28.2
102	610	4	7.07
101	1978	6	30.08
319	104	4	4.57
157	130	11	37.67
12	364	51	313.25
425	107	7	28.22
727	249	4	39.4
104	230	29	117.3
101	2560	4	18.19
273	327	3	22.89
134	126	16	38.96
793	9	4	18.11
1507	101	6	25.1
245	179	6	39.33
939	14	6	12.11
105	837	3	9.39
918	105	4	15.64
1274	14	5	11.18
282	14	9	5.09
106	519	4	12.22
3731	12	3	13.18
132	202	3	6.87
12	184	21	22.48
399	112	11	57.89
119	178	14	47.11
101	1098	4	9.85
133	1001	7	57.21
103	322	5	5.45
12	1385	14	92.22
57	114	9	3.92
417	102	4	4.62
106	1157	3	12.34
101	1656	4	13.59
903	853	4	53.04
112	208	10	31.78
6767	14	3	17.49
1216	172	8	89.42
482	119	4	15.85
126	120	21	38.47
346	1256	6	77.68
460	1073	7	96
157	208	3	11.57
357	12	7	8
103	1145	4	12.82
106	6348	3	27.51
116	3913	3	23.44
102	2014	3	11.01
120	803	4	20.33
3165	105	3	18.2
101	2507	3	11.37
889	14	12	42.3
1939	14	5	15.85
101	2559	6	35.67
131	162	4	6.94
109	496	3	8.7
131	108	19	24.9
3099	14	5	23.86
472	137	4	21.49
964	121	4	22.28
103	531	5	10.51
179	673	5	43.41
356	270	4	33.94
319	121	4	12.29
119	1174	3	15.64
417	123	4	16.84
57	8	41	101.8
103	59	41	33.22
633	12	4	4.97
107	2073	9	85.02
112	277	6	19.02
102	1050	3	6.7
6574	14	3	17.49
2327	14	5	18.91
171	1477	3	26.89
116	454	3	9.05
1310	110	3	14.65
126	105	16	6.17
126	166	5	9.84
163	4050	3	35.41
1472	103	4	14.63
104	565	6	18.41
110	139	13	13.74
134	14	69	38.82
1185	14	11	44.83
110	271	3	4.98
1098	185	4	37.63
429	113	3	8.73
1601	12	3	6.94
271	104	5	6.33
101	1085	8	32.2
471	222	3	23.53
119	109	19	9.7
101	965	3	5.13
115	1071	3	14.48
187	377	3	19.58
339	988	3	31.98
1889	103	3	10.8
334	101	15	39.33
2185	101	3	10.41
138	262	5	22.44
789	126	3	15.86
103	1977	3	11.52
480	185	3	21.01
12	749	24	149.8
1095	133	3	19.02
2396	14	3	7.47
12	665	9	25.55
128	577	3	14.17
135	122	17	35.98
113	434	5	19.75
156	124	4	4.41
113	538	4	15.66
515	115	5	21.64
269	171	3	15.72
649	141	3	16.87
1166	12	4	9.26
1339	362	6	79.21
116	842	3	12.87
108	215	9	25.13
130	578	7	47.41
152	123	45	233.5
106	5260	3	27.51
101	1421	4	12.1
265	295	3	22.18
355	427	3	26.99
101	1524	7	32.26
3733	14	3	10.99
2256	101	3	10.41
12	1628	10	55.2
1170	103	3	7.85
2565	14	3	8.38
465	14	12	23.64
107	475	7	29.98
101	6329	3	20.67
2640	14	3	8.38
1787	14	4	9.68
184	135	4	10.14
295	9	3	5.62
2534	14	3	8.38
510	120	3	10.59
497	227	5	45.98
274	180	3	16.53
772	173	3	23.18
1893	12	3	8.07
223	270	4	28.66
10	949	4	34.12
175	748	3	23.11
2581	105	3	16.98
105	489	5	15.3
204	205	5	31.18
3137	9	4	31.46
989	103	3	6.86
108	101	167	189.6
113	195	7	16.23
346	1091	9	123.82
254	338	3	22.78
653	104	3	6.18
275	359	3	23.92
102	273	18	53.26
101	1432	6	23.85
2227	107	3	17.83
103	735	6	18.72
156	138	9	29.47
103	615	5	11.95
173	285	4	24.23
993	12	7	22
9	102	100	84.99
101	1254	3	6.44
102	453	6	11.7
127	349	5	23.11
183	144	10	45.77
250	135	3	9.64
103	2470	3	13.32
859	101	5	11.97
509	14	6	5.64
3817	168	3	33.65
139	591	3	16.15
197	176	3	12.69
1352	101	8	36.39
115	1856	3	18.01
109	1928	3	16.88
478	14	6	5.18
1585	14	10	47.73
120	447	5	21.48
101	2713	4	18.19
105	160	10	10.08
268	101	7	5.86
105	106	73	71.32
8	441	3	8.09
12	660	7	16.2
6587	12	3	19.76
101	2287	4	16.73
282	188	3	17.56
110	224	8	22.55
12	5042	3	15.33
160	158	10	48.51
2311	105	3	15.98
296	110	4	9.19
224	126	8	34.45
5364	101	3	20.67
1100	14	4	6.22
422	103	6	11.86
351	119	3	8.25
157	565	5	37.79
719	106	3	9.39
201	736	4	35.93
759	255	3	28.28
448	4539	3	46.05
2061	14	3	6.7
499	505	3	30.52
103	185	9	5.29
218	854	3	27.02
168	14	41	46.9
109	3059	4	31.04
203	109	4	4.85
263	2764	5	69.64
198	444	3	21.65
114	2093	4	27.86
182	241	4	22.81
117	887	3	13.37
620	125	3	14.12
244	365	3	22.91
1653	1573	11	229.12
188	311	4	26.7
175	110	11	25.61
101	747	4	6.94
314	105	4	6.7
101	663	16	72.81
119	463	3	9.9
971	105	3	10.26
3246	14	4	15.91
333	14	34	119.14
110	374	4	11.27
153	757	3	20.29
365	12	8	11.11
2891	107	3	20.06
947	127	3	17.4
483	103	6	13.43
101	3678	3	14.07
281	115	4	10.09
184	178	3	11.61
140	3437	3	29.26
104	4468	3	19.92
184	116	5	7.31
143	16	20	73.07
385	377	6	62.39
809	290	9	112.21
1269	116	4	22.95
107	277	6	16.23
102	1150	4	12.17
127	1173	13	131.49
120	448	6	28.03
2098	14	6	23.87
109	659	14	96.76
744	101	14	62.9
122	4221	3	27.28
832	149	3	19.58
122	2302	3	21.23
187	1133	3	26.9
8	1146	3	13.85
403	107	13	67.38
103	800	3	5.81
103	680	4	8.67
572	236	6	60.13
104	1231	4	15.5
140	225	7	33.34
128	1067	3	18.13
112	219	4	6.85
145	262	5	24.12
175	1182	6	61.77
145	146	8	20.55
253	113	4	9.11
103	221	7	5.77
1552	14	3	5
2030	9	3	17.93
364	126	8	45.2
119	210	5	11.32
133	948	6	45.97
3834	153	4	46.08
224	113	4	7.54
119	262	3	6.37
106	486	9	41.55
12	216	15	17.31
106	366	5	13.72
121	231	3	5.32
202	2830	4	50.37
154	206	3	10.95
107	4552	3	23.85
219	705	5	48.95
702	104	3	6.58
1381	105	6	33.97
3559	117	3	23.67
1761	14	4	9.68
1230	113	3	15.24
3756	14	3	10.99
1368	14	8	28.2
1047	101	6	19.21
102	695	3	4.73
227	295	3	20.48
3791	14	3	10.99
113	641	7	38.47
103	425	10	30.08
111	205	14	51.65
1076	101	3	5.73
601	178	3	21.79
116	171	7	12.05
146	4522	3	32.2
109	576	4	14.98
276	12	8	6.99
535	16	8	55.66
1724	10	3	27.34
133	1957	4	34.04
131	103	21	4.17
1174	103	3	7.85
1461	14	4	8.28
131	165	5	10.86
2604	105	3	16.98
104	103	185	130
382	14	9	9.63
479	110	4	13.47
1831	14	3	6.06
8	690	19	151.75
241	12	25	61.58
133	798	5	34.01
867	12	3	3.89
12	303	9	10.59
103	1537	3	9.62
475	236	7	69.55
101	1022	9	37.65
102	1745	3	9.68
186	221	3	14.9
129	805	3	16.69
154	106	18	36.71
171	314	6	42.03
5035	258	4	62.05
104	1109	5	20.46
1610	14	4	8.94
538	117	5	22.3
126	106	16	9.27
1349	107	4	21.2
57	12	64	47.6
1178	12	3	5.3
113	983	3	13.73
1973	107	5	34.92
1035	12	5	12.64
197	130	7	26.11
562	102	5	10.28
117	224	3	4.47
4808	14	3	13.11
303	110	3	5.47
9	151	17	34.55
410	101	13	36.95
156	115	7	9.1
810	101	12	51.57
138	251	3	9.99
144	699	8	64.82
106	890	4	16.58
105	315	14	57
147	224	3	10.12
2805	102	4	22.02
3740	12	3	13.18
118	3060	3	22.56
245	859	3	28.41
3489	101	4	22.62
103	1872	3	10.8
1275	14	7	20.98
103	1660	4	16.17
128	142	15	41.33
167	110	21	66.72
120	3690	4	36.38
299	109	8	28.78
108	202	19	75.55
112	2163	4	28.78
127	208	6	20.62
2427	107	3	17.83
2724	118	3	21.33
102	1113	3	7.03
594	1162	5	67.89
133	496	12	92.83
257	105	5	8.3
12	733	6	13.4
597	123	4	19.87
603	132	4	22.67
17	548	27	333.43
225	442	3	23.46
376	12	7	8.64
115	1823	3	18.01
164	116	5	4.8
109	617	22	178.16
101	1209	8	34.85
194	611	4	33.78
1372	119	3	16.51
2328	14	4	12.68
102	302	5	4.39
101	1405	4	12.1
2116	14	3	6.7
2637	101	6	35.67
113	300	8	31.57
101	5871	3	20.67
1581	12	3	6.94
1978	247	4	49.01
105	594	3	7.42
16	59	38	159.43
330	116	4	11.3
1233	109	3	14.16
114	6601	3	30.12
6594	14	3	17.49
510	160	3	18.93
149	530	6	42.14
59	314	3	10.1
560	105	3	7.08
104	176	22	49.16
101	2627	5	26.21
107	2206	8	75.56
2387	14	5	18.91
960	101	4	8.98
1032	146	3	20.54
103	1161	4	12.82
189	164	4	16.42
103	1332	5	20
236	818	3	27.61
425	104	3	3.9
166	712	5	41.66
4582	118	4	41.13
111	180	5	6
678	8	3	10.63
218	783	3	26.46
783	114	6	33.5
155	156	31	216.52
3009	150	4	41.98
1521	8	6	41.65
109	540	5	20.08
101	3338	3	14.07
2416	14	3	7.47
203	387	4	30.25
7171	14	3	17.49
443	105	4	9.78
822	14	8	18.6
280	295	3	22.5
104	1241	4	15.5
140	255	10	59.39
787	117	3	12.55
6373	108	3	28.83
2230	124	5	44
128	2370	4	34.11
525	227	3	24.65
120	5537	3	31.03
112	261	10	40.78
102	1066	3	7.03
1053	107	9	60.22
322	3293	3	41.21
1900	12	3	8.07
10	111	9	16.01
185	107	8	14.17
166	967	4	34.12
119	220	5	12.17
1782	14	6	20.39
2827	108	3	20.56
134	113	24	49.85
107	2599	4	28.27
226	124	3	6.46
696	110	4	16.73
373	115	20	132.33
2537	14	3	8.38
119	135	12	15.76
109	5833	3	28.98
235	106	9	24.26
132	101	128	308.16
429	141	4	21.45
107	2510	3	18.84
541	116	7	35.71
114	798	3	12.57
1965	12	3	8.75
109	1550	3	15.63
625	104	3	5.81
104	446	13	54.73
129	2040	3	22.96
126	132	10	16.21
392	14	7	5.11
764	14	4	3.93
103	304	7	10.69
112	500	10	56.77
1983	101	3	9.6
136	160	4	7.55
111	196	9	23.5
103	498	4	6.44
2505	378	3	39.78
12	1283	3	5.65
136	233	5	19.95
141	187	3	6.97
139	831	13	125.32
109	529	18	125.86
16	615	3	15.55
139	2035	3	24.29
105	1059	3	10.94
596	121	3	11.85
110	494	5	19.32
120	654	4	18.68
187	2528	4	46.9
608	105	3	7.42
144	500	5	31.33
405	108	3	7.24
137	332	4	18.21
500	105	4	10.72
118	805	4	20.1
109	6194	3	28.98
177	3299	3	34.72
281	110	4	8.79
813	103	4	9.89
372	113	3	7.8
105	473	6	19.92
148	750	3	18.77
103	1004	3	7.17
111	703	3	11.27
163	824	6	54.14
3102	116	3	21.87
102	317	13	33.65
122	844	3	14.43
1879	108	3	16.73
556	9	3	9.65
2039	105	3	15.14
139	153	8	22.43
183	129	9	33.84
120	1169	5	31.97
260	375	3	23.87
1404	9	3	15.41
164	131	9	28.82
2148	14	5	17.24
3266	14	4	15.91
569	128	5	28.6
162	299	6	39.23
9	281	3	5.34
1155	4620	4	75.92
162	104	10	6.07
275	127	3	9.25
124	202	3	5.16
101	546	4	4.69
298	158	3	14.97
101	478	7	13.6
133	513	5	29.16
138	281	5	23.1
593	440	3	30.84
153	432	6	42.03
327	105	7	19.14
153	484	8	63.26
12	2421	8	52.69
549	101	7	15.41
3233	14	5	23.86
316	838	3	30.33
165	202	3	11.73
1480	12	3	6.47
141	104	26	26.88
1327	105	6	33.97
112	593	5	22.74
319	115	7	26.69
1049	1028	13	232.03
227	271	5	38.59
103	1354	5	20
157	142	16	74.36
101	720	5	10.36
133	727	12	104.77
3679	12	4	21.41
101	2497	4	18.19
120	871	4	21.12
109	1511	6	41.44
134	163	4	7.12
106	2741	4	27.19
180	703	3	23.03
282	116	3	6.04
2141	116	3	18.77
640	102	4	7.55
1148	709	3	38.12
105	647	8	36.89
271	110	10	38.93
1430	101	3	7.27
107	692	3	10.14
101	1027	6	19.21
652	9	4	16.47
101	1667	5	19.68
109	312	3	5.66
626	12	4	4.75
121	1552	3	17.86
151	59	4	3.87
315	116	7	26.72
4491	840	4	73.05
162	138	14	60.35
2	12	13	6.76
103	700	4	8.95
156	118	5	4.88
1758	110	4	24.4
139	538	5	30.99
107	5869	3	28.33
502	398	6	66.78
1536	105	3	13.17
5153	14	4	23.33
117	122	98	384.28
672	14	5	5.44
177	525	3	21.03
109	667	4	16.06
348	120	5	18.6
104	1067	3	9.02
104	1007	7	33.23
1632	14	6	19.02
334	107	18	98.27
138	256	3	10.12
101	397	29	134.96
107	285	4	8.09
174	164	3	9.56
2049	12	3	8.75
201	136	3	7.36
106	885	5	23.13
523	116	5	21.65
101	6471	3	20.67
102	1392	3	8.17
3615	14	3	10.99
153	323	5	29.14
147	431	3	15.14
2448	172	5	60.38
1766	14	7	26.85
711	110	5	23.26
1394	14	7	22.19
170	1144	3	25.24
414	14	7	5.93
127	203	21	122.67
103	2372	3	12.34
127	323	4	15.77
127	255	4	13.64
102	123	39	14.5
3234	12	3	11.67
1265	12	3	5.65
337	12	7	7.06
103	1107	4	12.31
156	367	3	16.41
748	141	14	134.27
4933	12	3	15.33
106	5409	3	27.51
463	121	3	10.21
105	1316	3	12.17
2242	12	3	9.55
279	12	7	4.97
108	161	18	48.35
139	195	4	11.9
477	129	4	20.27
2080	103	3	11.52
111	765	4	18.05
320	436	4	37.27
801	117	7	42.82
1464	14	3	4.56
101	1513	3	7.76
229	556	3	25.08
118	101	123	144.82
184	113	5	7.24
1219	101	4	10.88
758	248	4	39.76
1815	105	3	14.4
690	126	5	30.62
200	205	3	15.17
104	725	6	21.37
1357	12	4	10.35
246	12	12	14.47
246	169	9	63.76
8	279	3	5.17
107	2895	5	41.83
110	793	3	11.53
1334	128	6	48.71
114	297	3	6.31
153	359	4	22.73
8	535	22	167.64
2331	12	7	40.15
1735	109	3	16.22
2255	107	4	26.75
101	2707	4	18.19
12	718	4	5.68
1563	105	4	20.18
368	110	3	6.87
229	101	11	12.1
144	679	4	25.84
879	101	4	8.21
7079	14	3	17.49
487	105	3	6.31
102	523	6	13.41
498	14	7	8.27
102	447	9	24.53
152	453	3	16.67
859	107	6	31.17
509	109	3	8.7
177	476	5	39.33
197	112	5	8.5
476	225	4	34.33
4362	1692	3	54.77
2564	107	3	18.84
677	102	4	8.06
123	608	3	13.14
764	123	3	14.7
156	787	3	21.3
1552	102	3	9.12
105	1878	3	14.4
315	131	3	10.71
151	115	6	3.97
2318	14	6	26.21
5523	2532	3	62.6
766	149	7	57.56
1395	101	3	6.83
104	1280	3	9.79
282	131	3	10.05
171	14	46	68.58
2702	101	3	11.37
110	179	5	5.31
1051	14	7	17.99
155	1124	6	56.15
2535	107	3	18.84
4370	107	3	23.85
105	4570	3	21.97
12	263	10	11.27
537	107	3	8.42
12	399	5	3.96
216	162	3	12.37
148	120	6	4.49
702	101	6	14.55
109	1340	6	38.98
109	1273	3	14.16
311	105	4	6.7
104	142	74	214.56
723	103	3	5.16
160	553	3	19.45
195	157	3	10.75
116	120	15	7.21
563	101	5	8.19
122	208	3	4.77
102	774	3	5.14
194	381	3	20.21
2225	105	4	24.27
401	106	6	19.72
1945	14	4	10.53
3447	101	4	22.62
3122	14	3	9.51
101	2222	4	16.73
110	162	7	8.12
329	115	3	6.89
134	131	7	9
119	272	3	6.57
634	107	3	9.5
224	109	4	6.34
119	188	6	12.68
12	342	11	19.66
592	123	5	27.18
12	190	117	610.95
1816	136	5	45.2
101	1817	3	8.91
168	116	25	97.98
266	8	5	12.61
111	531	3	9.52
572	286	4	39.04
105	2002	4	23.02
518	101	7	14.65
3089	14	5	23.86
104	1149	5	21.15
1359	14	8	28.2
107	5710	3	28.33
116	105	26	7.06
116	166	19	63.11
2113	14	3	6.7
2333	14	3	7.47
172	147	5	15.87
2757	195	7	100.72
548	476	3	30.54
1565	102	3	9.12
112	346	19	118.11
112	6504	3	29.86
460	1717	5	69.6
133	824	3	17.37
235	357	3	22.21
103	1320	3	8.66
2464	12	3	10.5
5320	133	3	34.78
2082	14	3	6.7
3366	4089	3	60.93
1219	124	4	26.34
1664	105	3	13.75
118	221	3	4.66
104	2575	4	23.06
2179	101	3	10.41
428	104	3	3.9
246	171	7	46.75
792	104	4	11.92
786	114	3	12.31
463	104	6	15.85
103	2346	3	12.34
920	128	3	17.09
573	275	3	27.16
299	128	5	21.05
13	102	20	19.32
170	1254	3	25.67
108	231	7	17.96
290	103	11	25.07
594	105	5	17.33
309	101	20	59.86
113	514	10	58.16
623	120	3	11.83
109	840	12	85.85
250	256	3	20.25
113	2877	3	21.81
130	222	3	7.93
394	127	3	11.61
1012	145	3	20.39
818	873	19	352.41
174	135	3	5.5
106	918	9	55.26
102	1156	3	7.38
101	550	10	29.27
796	14	6	10.48
1082	165	3	24.27
101	4744	4	27.56
873	9	4	18.88
527	110	3	9.06
726	14	7	12.65
2716	14	5	21
127	1212	3	18.93
12	2401	3	9.55
147	103	42	66.29
147	165	3	5.78
104	932	3	8.06
104	1052	4	13.93
200	435	3	21.64
102	1259	3	7.76
1254	283	5	59.61
133	350	9	55.69
101	596	14	54.9
2185	118	3	20.32
3154	12	3	11.67
124	161	4	4.88
375	1581	3	35.85
112	769	3	12.06
247	102	8	9.53
907	9	3	12.65
492	110	4	13.67
164	113	11	24.28
127	376	6	31.11
127	528	3	13.61
117	103	86	86.92
109	740	3	10.99
1081	124	4	25.21
359	110	4	10.98
5104	14	4	23.33
127	334	4	16.29
6474	14	3	17.49
232	103	11	17.85
288	119	4	11.24
127	198	3	5.87
2097	12	5	20.87
9	453	3	8.28
102	297	10	19.77
179	112	20	75.05
998	102	3	6.7
12	1699	3	7.47
111	615	3	10.42
869	107	3	11.42
144	902	4	28.44
295	123	3	8.5
2202	107	3	17.83
1191	12	3	5.3
7069	14	3	17.49
624	14	12	31.61
1741	14	5	14.67
5073	242	3	41.29
1595	14	4	8.94
372	131	3	12.01
566	153	3	18.3
114	387	5	18.29
175	134	12	51.23
425	101	6	8.75
101	639	4	5.91
160	444	3	18.15
101	4593	3	16.24
602	112	3	10.53
960	104	4	13.48
198	158	7	37.08
103	2873	3	14.52
221	114	4	7.32
106	1419	3	13.67
113	598	5	23.11
111	185	6	9.73
460	1822	3	38.48
218	786	4	37.79
102	672	7	21.3
2170	110	3	18.52
2719	777	4	62.72
101	1968	3	9.6
57	174	4	7.66
168	131	6	15.48
2145	14	5	17.24
101	1662	3	8.3
476	255	3	25.23
107	2016	3	16.98
503	123	5	25.32
443	12	5	5.07
1367	12	9	41.41
12	3858	3	13.18
5870	8	3	29.09
116	399	4	13.09
126	287	5	20.64
134	178	5	13.05
134	116	11	9.52
689	3606	3	46.59
101	2239	3	10.41
863	127	4	24.82
103	1412	4	14.63
137	363	3	12.57
4927	14	3	13.11
670	103	3	4.78
119	126	27	60.51
296	134	3	10.5
324	166	3	16.24
475	286	6	61.41
119	291	6	21.66
133	3991	3	30.29
164	126	11	36.53
197	142	8	35.81
3147	14	3	9.51
907	14	11	37.63
117	162	12	29.07
672	113	3	11.35
117	108	23	13.7
127	527	5	27.95
101	1215	6	21.74
102	564	4	6.64
101	1291	3	6.44
12	1889	6	26.36
515	107	4	13.23
101	533	6	11.15
940	485	20	352.6
1312	158	5	47.6
753	136	3	17.18
16	445	8	52.43
506	103	6	14.03
255	271	7	62.03
110	652	3	10.36
994	14	4	5.44
274	237	5	39.2
1384	119	7	52.87
2340	14	5	18.91
153	271	4	20.09
120	242	4	9.54
107	346	15	77.39
101	277	14	28.58
144	913	3	19.45
1016	8	3	13.11
12	7207	3	19.76
12	940	4	7.54
635	102	3	4.19
184	141	7	26.57
146	1604	3	23.23
3677	107	4	32.79
128	130	13	26.68
337	114	3	7.14
1607	102	4	14.68
122	802	3	14.16
1059	127	3	18.11
903	104	4	13.05
1494	700	3	39.52
477	12	8	15.45
1588	12	6	23.33
103	971	4	11.4
103	911	4	10.99
194	1062	4	38.77
243	110	8	24.57
739	103	4	9.25
2075	14	3	6.7
140	1079	6	49.99
152	168	10	46.56
127	139	66	369.4
1200	14	11	44.83
1671	105	3	13.75
2415	14	4	12.68
227	323	4	30.43
155	146	4	8.31
263	113	3	5.66
1103	12	5	13.24
116	206	6	13.65
116	250	3	5.1
114	1042	3	14.1
169	12	18	9.63
104	112	62	50.66
2043	102	3	11.01
596	59	3	14.47
845	10	4	32.82
216	192	3	15.21
960	107	4	18.48
367	202	11	106.03
395	184	4	28.38
104	3027	6	48.77
157	198	4	16.71
114	2377	3	19.6
106	320	6	16.22
101	839	3	4.38
922	103	9	41.09
129	2284	3	23.82
12	181	21	20.33
1053	101	4	9.4
450	14	23	78.43
1374	14	4	7.69
113	1688	5	35.08
12	232	37	115.95
119	113	34	54.11
849	14	6	10.99
324	106	14	62.73
101	2172	8	55.13
154	222	3	11.89
336	12	7	7.06
3245	12	3	11.67
114	1907	9	83.91
1880	12	4	13.34
57	181	4	7.99
103	205	29	88.09
6519	101	3	20.67
4088	124	4	43.65
3949	119	4	36.25
145	113	20	45.4
821	14	21	109.12
116	354	3	7.55
866	9	3	12.35
751	14	5	6.36
109	267	7	21.85
192	119	10	31.55
150	1206	3	22.23
101	1712	4	13.59
381	158	5	33.23
146	988	3	20.19
8	4281	3	24.61
133	1013	5	36.79
399	130	3	12.35
119	128	11	9.21
12	331	8	9.29
12	132	41	15.75
132	161	6	14.67
262	160	3	14.43
2758	14	3	8.38
784	14	4	3.93
133	2178	3	24.22
110	103	96	81.67
134	135	18	56.19
388	14	15	30.29
1644	5	3	36.22
924	119	7	46.45
105	945	4	16.07
181	146	5	16.15
602	139	5	32.29
104	198	8	8.36
2506	14	3	8.38
438	1102	3	34.56
101	741	7	19.75
133	758	6	42.71
171	2667	4	45.02
157	112	59	314.53
12	585	5	7.23
811	116	3	12.6
1020	102	4	11.19
116	160	7	9.7
116	106	34	26.06
182	122	8	21.19
131	274	4	15.4
134	1356	4	29.69
106	5903	3	27.51
493	242	3	24.83
1729	105	4	21.01
906	101	3	4.86
104	1549	5	24.58
449	120	5	21.48
103	1074	5	17.79
113	153	13	26.29
214	14	34	67.13
122	639	3	12.74
3209	1414	3	49.8
167	134	5	11.28
1156	8	9	65.49
1064	236	3	29.57
152	317	3	14.05
191	130	3	6.11
3532	102	4	24.6
249	675	3	27.18
16	175	4	8.95
470	103	7	17.39
114	2670	3	20.61
184	14	23	15.76
119	888	3	13.91
124	316	3	8.95
113	1267	3	15.24
1	57	6	42.13
242	117	4	8.78
101	536	13	44.84
128	35	3	18.95
104	962	6	25.52
127	1134	3	18.51
153	546	3	17.94
846	102	6	19.36
104	7109	3	24.38
549	161	3	19.59
340	109	3	6.25
1371	102	3	8.17
579	107	3	8.93
316	503	3	27.04
2381	116	4	29.16
210	104	10	16.26
6658	14	3	17.49
3229	14	4	15.91
123	120	16	17.43
101	1244	5	16
112	747	5	25.03
826	9	3	12.06
102	507	4	5.87
1896	14	7	28.94
281	121	5	16.38
354	12	13	28.65
16	10	16	71.87
302	127	7	34.39
16	6425	3	34.9
105	357	3	4.52
184	126	5	12.4
1944	14	8	36.87
2462	101	3	11.37
3545	9	3	22.6
459	480	3	29.56
149	1321	3	22.52
3578	9	3	22.6
524	103	5	10.25
9	420	3	7.9
128	311	4	15.55
135	391	4	19.5
152	340	3	14.73
232	130	3	8.24
969	121	4	22.28
386	12	7	8.86
655	128	3	14.98
3479	118	5	51.42
246	1117	3	30.09
164	141	4	8.59
115	1851	5	36.44
403	101	22	87.12
156	341	4	23.5
2322	14	6	26.21
9	14	355	610.32
113	1349	5	32.03
2093	14	6	23.87
106	934	5	23.67
161	2869	3	31.5
121	4648	3	26.77
413	119	5	20.4
242	108	3	3.9
934	172	3	24.35
278	131	4	15.51
109	1998	3	17.62
153	555	3	18.3
1606	12	3	6.94
340	116	7	28.32
634	121	4	18.68
119	156	6	7.58
435	104	4	7.25
107	694	26	245.87
12	150	130	391.87
121	221	3	4.99
107	4598	3	23.85
318	6304	3	47.85
104	577	17	94.53
110	122	31	42.93
287	165	3	15.4
115	1338	3	15.74
192	106	9	17.56
112	285	9	36.23
101	1629	6	25.1
392	116	4	12.93
136	424	4	20.45
103	180	16	20.37
104	4088	3	19.92
1294	128	5	37.45
1150	102	5	17.63
1868	121	3	19.11
106	1490	3	13.67
1578	114	4	24.99
116	119	73	217.91
321	9	3	6.01
1388	14	5	11.91
116	232	3	4.43
2100	119	5	39.24
165	101	20	15.19
3728	14	4	18.43
131	155	4	6.07
148	119	18	44.44
216	103	7	5.19
1419	14	3	4.56
2268	2968	4	75.18
110	371	6	21.6
418	105	11	47.78
1406	105	3	12.65
103	6120	3	22.7
3227	12	3	11.67
252	397	4	34.08
1047	107	4	18.95
113	1976	3	18.71
797	59	4	24.2
440	236	8	80.62
629	281	3	27.65
106	222	7	14.55
763	8	3	11.34
267	245	3	20.64
148	132	5	6.84
1300	12	3	5.65
220	138	4	13.62
150	103	46	84.15
101	834	4	7.87
499	110	3	8.74
992	103	3	6.86
1747	185	4	41.75
155	135	4	6.81
1353	102	4	13.31
122	2910	3	23.48
121	1284	3	16.37
116	331	3	6.99
249	338	3	22.43
116	132	16	22.58
115	1577	3	16.76
114	2105	6	48.84
116	451	4	14.28
151	138	4	5.34
203	156	15	104.19
231	195	3	16.22
370	16	3	12.25
103	196	34	106.12
168	210	4	19.05
168	146	3	5.87
525	248	4	36.52
217	103	25	73.88
289	119	5	16.15
213	124	3	5.85
105	3380	4	30.28
122	500	3	11.29
1973	101	3	9.6
5111	1824	4	80.45
137	422	3	13.65
223	938	7	79.19
101	1088	4	9.85
202	434	3	21.77
5324	14	3	17.49
1719	105	3	13.75
134	164	3	4
1023	12	4	8.33
429	116	8	39.18
555	12	4	4.16
101	580	15	60.24
278	116	5	14.56
164	1366	4	36.57
944	110	3	12.71
1121	14	5	9.9
104	1068	7	34.21
106	2316	3	17.03
1105	14	12	49.94
126	810	3	16.12
433	137	3	13.92
101	1341	3	6.83
115	3616	3	23.44
123	263	6	23.55
156	121	6	8.07
810	107	4	16.86
3866	12	3	13.18
112	1098	3	14.21
107	1313	14	132.29
149	1336	3	22.52
106	2051	3	16.18
108	316	13	60.81
4085	115	3	25.65
371	122	4	14.64
204	305	6	47.25
573	244	4	37.19
646	171	8	75.19
113	1556	4	24.95
205	5111	3	39.31
1232	1157	3	41.71
115	2518	4	30.67
1351	14	4	7.69
236	14	15	13.06
1574	103	5	21.86
6678	14	3	17.49
3097	14	3	9.51
114	2738	6	54.52
858	14	7	14.97
16	16	16	44.83
1817	102	3	10.3
8	10	58	308.6
107	2787	5	41.83
1456	102	4	13.96
104	737	14	79.92
261	236	19	204.35
191	116	6	11.75
249	826	3	28.48
104	2014	3	13.13
617	101	13	49.64
477	101	4	4.04
103	1090	4	12.31
101	1216	6	21.74
101	1140	4	10.34
1918	611	3	40.44
12	1890	10	65.86
1040	14	4	5.82
103	717	11	48.51
320	258	3	22.24
492	12	7	12.14
1209	158	8	84.7
2903	121	4	34.06
127	442	3	12.52
127	526	5	27.95
366	1507	3	35.61
1292	116	4	22.95
147	109	16	26.66
114	130	45	144.45
153	442	5	33.33
101	448	5	6.19
124	166	4	5.29
368	137	3	12.8
134	122	14	22.83
186	106	26	97.49
408	110	4	12.19
1497	14	6	17.82
567	14	16	49.49
282	103	6	7.01
132	206	3	7.15
12	231	10	7.52
119	182	5	7.97
101	958	16	93.89
1164	12	6	19.1
436	104	7	19.94
102	862	4	9.96
145	112	8	6.14
178	138	21	119.02
127	897	4	25.25
682	14	9	20.12
159	160	6	23.33
106	4032	4	36.69
315	103	8	14.67
249	394	3	23.46
109	475	3	8.41
141	119	43	164.67
182	135	4	9.81
12	1304	3	5.65
825	158	3	22
102	606	3	3.86
1876	102	3	10.3
112	576	3	10.35
103	1272	4	13.38
286	12	7	5.22
122	1563	3	18.36
101	705	4	6.66
101	637	5	9.34
134	371	5	25.35
12	2772	3	10.5
104	113	45	21.09
3735	14	3	10.99
7176	14	3	17.49
181	298	3	17.02
101	2564	6	35.67
2062	101	3	9.6
1391	14	3	4.17
181	103	17	23.29
107	2273	7	60.1
1453	14	4	8.28
258	9	3	4.82
133	759	11	94.65
2743	14	3	8.38
1822	14	3	6.06
853	102	3	5.6
3113	12	3	11.67
1221	107	4	20.57
165	290	58	725.88
342	118	4	12.65
1317	102	3	8.17
1841	59	3	21.82
104	1550	3	11.2
514	108	3	8.72
402	139	9	61.13
430	115	5	19.6
101	1967	3	9.6
155	103	14	7.24
112	360	5	17.13
1820	986	8	140.86
770	139	3	17.74
2359	101	3	10.41
304	122	3	7.83
103	563	11	42.25
835	6	3	34.35
1471	105	3	12.65
346	378	36	552.21
1587	14	4	8.94
102	908	4	10.35
253	103	28	108.42
101	1635	5	18.6
1733	14	4	9.68
126	138	7	8.78
912	132	5	35.54
531	109	4	14.27
8	7171	3	29.09
101	2208	3	10.41
513	275	3	26.42
496	236	6	58.22
857	101	11	46.02
2131	119	3	19.54
235	101	8	5.54
132	106	49	127.82
592	117	3	11.01
114	230	9	30.92
549	106	5	18.06
327	110	4	9.85
833	101	5	11.97
124	315	4	14.11
358	123	3	9.88
144	662	4	25.53
123	121	10	5.24
103	744	12	56.8
264	114	3	5.68
684	1543	3	39.83
1102	14	7	18.9
3774	740	3	47.08
103	2597	5	29.55
420	103	6	11.86
1019	117	3	14.34
396	1002	4	47.14
606	119	7	39.35
117	403	4	13.52
3919	101	3	14.07
191	131	10	42.84
105	1130	3	11.32
795	280	4	41.66
108	293	4	8.86
569	386	8	96.22
103	923	5	16.03
290	109	3	5.29
2516	12	3	10.5
143	202	6	24.26
107	513	4	13.23
1375	12	4	10.35
133	208	10	47.37
125	673	4	22.08
255	375	3	23.57
1286	14	4	7.15
101	3031	3	12.55
5181	101	3	16.24
107	1539	7	49.9
1541	125	3	19.99
101	1258	4	10.88
210	120	3	4.3
117	131	12	12.06
859	105	4	14.84
112	4583	3	25.37
2584	106	4	27.19
3119	14	4	15.91
147	131	6	9.52
115	970	3	13.78
8	521	3	8.96
187	432	3	20.63
8	445	3	8.09
383	233	3	22.5
2672	221	5	66.29
146	1327	4	32.22
132	687	3	16.07
740	12	4	5.95
102	1215	3	7.76
368	348	3	25.85
474	12	12	32.29
3414	488	3	44.44
101	312	11	20.19
308	254	3	21.99
101	6318	3	20.67
104	830	7	29.9
110	936	3	12.39
2076	14	5	17.24
101	2972	4	20.05
109	1079	11	84.35
1228	14	5	11.18
502	106	3	7.39
2111	14	5	17.24
107	4163	3	23.85
683	124	5	28.88
113	59	12	9.52
167	211	4	18.88
158	1164	11	125.2
167	147	6	19.29
1810	279	3	34.92
116	118	14	5.27
673	158	5	40.01
116	231	3	4.43
177	795	5	45.08
165	12	16	5.22
732	254	4	39.88
112	361	3	7.39
122	314	5	18.31
155	122	6	8.45
1624	14	7	25.08
12	1271	3	5.65
123	925	4	23.6
3205	119	4	33.63
150	146	10	31.79
608	115	4	16.7
101	743	4	6.94
125	176	3	4.07
137	216	6	24.44
1236	1822	3	44.93
220	125	3	6.75
576	1091	8	117.24
189	3150	5	65.45
526	127	3	13.61
110	220	4	6.08
551	104	7	23.26
3778	14	5	29.16
224	122	3	5.6
119	203	5	10.48
422	14	7	6.15
803	105	8	41.19
102	1095	3	7.03
3523	108	3	22.13
103	119	35	4.32
12	1594	3	6.94
462	130	3	13.41
3033	12	5	27.6
116	367	6	23.49
151	222	5	22.51
1851	121	3	19.11
109	261	7	21.68
3019	107	3	20.06
856	12	6	14.94
1645	5	3	36.22
140	267	3	11
387	14	24	73.65
159	119	18	58.81
164	600	6	49.59
2753	14	3	8.38
787	14	9	22.4
101	5554	3	20.67
1579	108	12	115.39
134	103	35	27.08
104	495	14	64.65
110	135	19	29.36
301	124	3	8.61
154	101	27	24.6
101	2298	3	10.41
226	233	3	18.25
343	112	4	11.58
101	1089	3	5.73
125	446	3	12.1
1164	171	3	25.5
12	412	8	13.06
824	254	3	28.84
12	562	10	27.12
137	12	58	56.59
1181	12	3	5.3
2887	109	3	20.71
101	654	5	9.67
3712	104	3	17.72
181	122	6	12.57
101	2555	3	11.37
133	2584	3	25.24
105	1086	3	10.94
131	307	3	10.54
141	233	4	15.02
1332	101	3	6.83
116	133	21	39.13
860	103	3	6.05
141	160	3	4.75
136	187	3	6.43
136	138	5	5.76
111	303	8	30.4
111	243	6	16.09
172	118	4	4.42
105	3456	3	19.76
207	250	3	17.85
112	377	4	12.42
130	456	3	13.41
108	315	5	13.79
576	1256	8	120.02
222	469	3	23.53
152	292	3	13.61
114	1274	3	15.27
102	282	11	22.53
128	207	7	26.07
111	598	4	15.93
109	4368	3	24.5
102	1378	3	8.17
107	427	28	207.41
211	14	34	64.86
251	148	5	24.03
3142	116	3	21.87
239	638	6	61.96
339	687	3	29.72
785	125	10	78.99
1622	192	3	29.35
2392	12	3	9.55
105	202	7	9.96
8	548	8	40.4
147	178	4	11.32
104	917	5	18.67
990	120	3	14.63
101	581	7	16.23
385	176	4	27.45
308	358	3	24.61
124	120	12	8.69
12	669	4	5.19
113	1250	3	15.24
101	1273	5	16
882	115	5	27.4
1924	14	3	6.06
247	117	4	9.02
111	1065	3	13.89
103	702	5	13.34
569	165	5	38.85
156	120	8	13.98
284	14	10	7.2
832	12	4	6.84
851	102	4	9.6
117	116	36	55.82
177	589	3	21.79
117	178	10	25.6
117	281	4	10.36
125	381	4	16.87
296	147	3	12.47
471	180	3	20.34
1356	14	4	7.69
110	131	24	41.77
6679	14	3	17.49
134	162	8	24
121	200	8	23.93
105	825	4	14.84
3864	119	3	24.22
159	120	22	81.19
912	105	6	28.81
112	3000	4	32.2
1123	116	4	21.82
436	118	3	9.55
103	444	4	5.6
1061	127	3	18.11
207	147	3	9.13
112	390	4	12.57
1461	103	3	9.11
1031	14	11	40.87
2085	14	6	23.87
293	172	3	16.59
3777	119	3	24.22
120	736	3	12.93
382	103	9	22.51
120	616	9	56.72
996	14	9	27.31
2500	12	3	10.5
1869	107	3	16.24
125	130	14	28.69
175	147	5	16.17
2321	118	7	65.98
12	2194	7	40.15
456	104	3	4.24
718	14	15	53.28
308	101	13	27.53
107	540	3	8.42
133	219	30	220.17
112	1718	4	25.49
161	2911	5	60.98
101	314	6	5.15
106	6971	3	27.51
103	1664	5	22.95
229	394	3	22.63
3905	14	3	10.99
558	105	19	122.98
101	1529	4	12.8
111	613	4	16.2
393	120	4	14.02
1657	105	3	13.75
290	135	4	16.83
2133	135	3	23.91
108	206	7	15.17
139	180	13	62.23
112	4238	3	25.37
117	474	4	14.95
3261	107	3	20.06
177	590	5	41.79
183	107	11	25.24
177	440	4	28.94
114	1487	4	24.23
145	676	4	26.19
101	1232	3	6.44
2302	101	3	10.41
1784	14	6	20.39
135	113	25	57.84
3049	9	3	21.03
204	2860	3	35.49
106	1805	4	23.35
810	105	3	9.12
138	155	19	88.48
3736	14	4	18.43
133	475	10	71.82
101	566	6	11.8
5065	14	3	13.11
101	396	9	17.87
385	230	4	32.41
1380	14	3	4.17
12	754	24	149.8
103	2054	3	11.52
2207	1036	3	45.36
650	116	10	63.44
2147	102	3	11.01
8	6698	3	29.09
105	215	5	5.64
219	225	4	25.76
1501	104	3	11.2
1279	12	5	14.59
101	350	5	4.18
242	245	4	28.54
101	417	16	53.58
166	435	5	36.25
122	1677	3	18.96
1361	102	3	8.17
230	978	4	40.7
775	166	3	22.18
1832	105	4	21.95
147	135	8	18.14
104	903	3	8.06
104	1083	4	14.41
105	101	166	95.65
362	14	9	8.84
103	4440	3	18.25
744	105	4	13.79
173	3032	3	32.91
130	101	28	4.55
2190	118	6	52.73
102	522	5	9.5
112	798	3	12.32
1326	245	4	44.53
365	104	4	5.85
516	1185	6	82.39
1190	12	3	5.3
103	983	3	6.86
102	136	22	5.95
193	118	4	6.04
128	164	5	9.59
102	268	8	11.22
101	1439	4	12.1
102	344	6	8.54
1598	14	5	13.64
170	1248	6	61.22
122	2615	5	44.6
108	106	62	81.94
335	113	3	7.12
108	160	15	34.62
386	110	3	7.08
109	1730	4	24.34
105	498	3	6.46
129	591	5	30.08
187	295	4	26.02
229	557	3	25.08
104	4540	4	32.51
114	2655	3	20.61
323	123	4	14.19
980	12	5	12.09
166	180	4	15.62
577	102	6	14.76
874	287	5	55.94
418	107	4	11.51
1013	121	8	58.76
114	926	9	63.02
101	808	10	38.26
1047	105	6	30.28
824	244	3	28.41
917	108	5	25.81
811	103	3	5.81
304	108	3	5.31
113	848	3	12.82
578	136	3	15.66
141	147	4	5.25
209	130	5	16.82
116	121	18	13.39
116	294	5	15.09
133	5262	3	34.78
342	104	6	11.99
1210	127	3	18.93
177	732	9	91.99
59	1448	3	20.01
287	109	7	22.95
949	275	3	30.49
244	127	3	8.23
101	1695	4	13.59
1392	106	3	13.19
525	249	3	25.54
1677	101	3	8.3
3235	14	4	15.91
111	575	3	10.04
974	105	3	10.26
1058	110	3	13.41
1915	14	5	15.85
581	101	4	5.26
212	110	6	12.5
2821	101	3	12.55
12	148	357	2160.19
1295	14	4	7.15
647	113	3	11.15
12	212	13	11.87
522	119	19	146.57
101	2192	6	32.47
154	202	3	10.64
101	2276	3	10.41
110	116	126	436.58
110	178	9	17.85
444	12	5	5.07
917	179	4	35.39
1271	115	5	31.28
155	108	6	4.29
207	120	4	7.39
112	496	5	20.91
145	391	3	14.06
275	1056	3	31.22
144	1264	3	21.32
535	101	4	4.69
276	134	3	10.1
714	119	23	219
2236	238	3	34.88
116	104	77	92.5
321	127	3	10.07
871	59	3	16.89
234	130	4	13.35
216	116	13	50.93
1155	1159	6	93.66
182	1455	6	65.59
110	564	3	9.4
169	154	6	23.72
103	3988	3	16.06
119	391	3	8.78
150	131	6	10.04
258	14	9	3.99
1600	103	3	9.62
106	237	20	86.88
103	1321	3	8.66
500	101	8	18.37
7066	103	3	22.7
101	877	3	4.61
212	115	4	6.81
16	4334	3	30.4
103	1515	4	15.36
12	189	49	136.21
5112	9	3	24.82
106	493	3	7.24
12	134	38	11.85
307	126	6	27.65
2834	102	3	14
2855	169	3	32.23
110	163	9	14.02
1213	109	3	14.16
110	109	40	42.9
643	102	3	4.19
177	1064	4	36.76
433	748	3	32.06
12	3770	4	21.41
178	115	5	6.6
2348	14	6	26.21
464	119	8	42.42
986	14	4	5.44
103	300	13	34.19
554	459	3	30.41
1625	14	3	5
140	667	6	43.02
6395	14	3	17.49
109	2565	4	29.13
4860	2058	3	56.2
113	515	5	21.56
861	145	3	19.11
1060	12	3	4.97
3785	1516	3	51.93
101	1242	3	6.44
167	383	3	17.54
124	206	5	13.53
219	255	7	56.34
316	1322	3	33.3
147	262	4	17.93
12	2417	3	9.55
2769	14	6	29.36
114	176	9	20.58
108	1246	5	29.13
972	101	3	5.13
1347	149	3	22.52
101	4756	3	16.24
340	103	9	20.3
109	1727	4	24.34
277	2534	3	37.49
103	5653	3	22.7
317	133	3	10.84
398	121	4	14.46
113	1536	6	43.64
106	612	3	8.56
107	576	17	116.7
102	1411	4	13.96
133	261	14	89.54
146	222	4	15.24
101	1496	8	38.13
2144	12	3	8.75
2696	14	3	8.38
6461	212	3	44.26
1045	101	7	24.89
2616	14	3	8.38
207	777	4	36.97
102	103	199	71.83
102	298	6	6.74
2766	14	5	21
103	973	4	11.4
107	3996	4	37.77
1609	16	4	31.31
1092	123	3	16.88
152	159	7	25.97
371	109	4	11.21
865	12	3	3.89
187	145	3	7.42
240	488	5	46.64
115	684	8	47.84
669	116	12	82.65
106	4475	3	23.03
215	435	4	32.62
400	236	12	128.81
166	325	7	50.14
101	267	16	35.52
236	9	5	10.85
308	124	6	25.78
229	441	4	33.86
109	3492	4	33.66
2733	14	4	14.1
143	101	124	354.23
1821	110	4	25.34
114	5059	3	25.63
124	106	75	208.98
789	108	3	11.09
257	101	10	12.76
460	172	5	38.42
348	104	4	5.49
819	116	9	59.88
350	1817	4	51.78
2083	12	4	14.36
210	150	4	15
177	573	3	21.59
534	14	8	12.03
156	160	4	12.13
375	110	7	27.65
156	233	9	58.13
4650	105	3	21.97
126	115	41	113.63
842	101	4	7.87
126	288	4	14.76
103	263	5	4.05
724	12	6	12.94
128	894	7	52.45
107	1882	3	16.24
122	537	3	11.62
149	703	3	18.52
132	315	8	44.61
202	503	5	43.28
1612	753	3	40.32
101	1029	5	14.02
475	225	6	56.79
122	1243	5	33.96
110	207	7	15.77
727	260	3	28.32
1904	14	7	28.94
216	131	4	12.15
467	9	5	19.23
960	105	3	10.26
8	821	21	190.33
1419	57	3	19.91
137	184	10	43.16
2651	12	3	10.5
5951	121	3	31.25
119	374	3	8.56
172	104	9	6.78
112	513	6	27.71
449	133	3	13.4
131	126	9	12.8
198	305	3	18.71
127	632	4	22.06
1277	14	11	47.2
221	115	5	11.11
141	120	10	12.36
2128	14	5	17.24
3254	14	4	15.91
432	9	3	8.15
116	212	4	6.82
959	134	3	18.3
8	2090	6	46.78
318	1351	7	92.69
249	321	4	31.5
417	169	4	27.17
154	3680	3	32.21
464	192	4	30.98
1392	192	3	28.3
217	121	3	4.77
336	14	38	147.22
1538	165	5	50.57
1880	14	4	10.53
4653	4530	4	93.91
101	3510	3	14.07
126	291	7	33.83
116	403	6	24.69
3206	115	3	21.86
110	212	8	20.8
12	5102	4	26.34
206	237	5	33.93
271	127	3	9.18
830	102	4	9.6
10	10	3	8.82
12	178	17	11.02
3524	107	3	21.63
450	12	9	18.13
101	956	3	5.13
1771	12	3	7.47
357	123	3	9.88
122	1494	3	17.82
125	315	6	27.28
169	14	40	45.93
121	468	3	10.35
119	2724	3	21.42
101	4485	4	27.56
674	9	4	16.77
1119	14	4	6.22
131	115	20	34.8
421	103	5	8.28
244	405	3	23.65
760	255	5	52.82
1103	14	7	18.9
1162	1146	3	41.28
133	3308	3	28.06
113	662	13	92.02
103	580	5	11.34
1542	12	3	6.94
194	554	3	22.71
122	218	5	13.17
1652	12	3	7.47
172	109	5	4.92
105	1143	3	11.32
127	338	3	10.63
113	2901	3	21.81
3938	102	3	15.54
232	161	6	34.41
371	104	5	9.35
232	107	21	96.68
124	1109	3	17.01
1302	103	3	8.24
156	416	4	25.39
278	354	3	23.8
646	14	10	23.07
101	196	66	264.15
352	110	5	15.67
1191	9	5	29.13
161	180	4	15.1
994	12	4	7.92
103	5553	3	22.7
153	338	3	14.87
120	243	4	9.54
348	109	3	6.44
161	435	7	54.88
140	1996	5	47.65
854	164	3	22.48
101	584	13	47.59
111	1746	6	43.99
109	3344	3	22.28
103	1984	4	18.13
124	103	84	133.84
122	938	4	22.51
410	230	3	23.02
102	413	7	14.46
156	298	3	14.84
115	1712	3	17.35
151	649	3	18.3
152	423	3	16.25
183	177	3	11.61
3062	118	3	22.56
156	145	3	4.9
1754	6527	3	59.27
227	868	3	27.89
509	120	4	16.4
210	165	4	18.68
140	806	9	77.35
109	641	4	15.78
197	101	40	114.77
466	14	6	4.75
3747	166	5	67.07
2619	179	3	31.96
5059	14	3	13.11
1269	12	4	9.78
229	112	23	121.97
166	501	3	19.47
712	104	3	6.58
119	783	3	13.09
133	400	7	41.57
105	2922	3	18.2
118	112	112	417.02
12	1042	3	4.67
101	180	45	115.6
104	706	5	15.91
261	249	3	20.63
187	106	8	12.89
109	895	9	58.49
108	176	6	7.56
442	110	6	24.19
130	361	5	24.74
150	5311	3	37.2
146	285	7	40.04
575	8	6	27.72
214	12	10	5.75
167	136	10	37.34
102	206	9	7.55
472	102	4	5.36
116	109	34	37.59
244	408	3	23.78
131	199	3	6.61
377	107	24	156.88
101	1965	3	9.6
112	493	4	14.71
425	1481	4	51.06
133	2038	3	23.36
1184	14	7	19.89
136	14	63	36.52
535	9	4	14.66
103	356	12	35.09
202	327	14	137.42
2120	14	6	23.87
150	189	3	8.13
175	117	26	114.93
128	1965	3	22.46
101	738	4	6.94
2324	14	3	7.47
991	105	3	10.26
12	582	12	38.21
924	116	3	13.46
133	2432	3	25.24
101	2587	3	11.37
1085	121	5	31.63
101	2330	3	10.41
133	2177	5	47.41
110	104	58	32.34
12	5169	4	26.34
186	208	4	21.14
110	299	4	9.19
471	146	3	15.54
296	117	4	10.78
212	126	4	11
12	278	72	456.61
12	330	30	114.2
307	115	4	10.72
12	194	12	6.32
155	553	3	18.86
3131	14	4	15.91
4203	101	3	16.24
178	126	4	7.74
101	1633	3	7.76
112	237	19	94.88
1321	14	4	7.69
266	14	10	6.31
168	120	5	6.37
103	311	6	8.1
126	188	3	5.21
2725	12	3	10.5
182	472	4	29.7
177	1001	4	36.24
104	1348	4	16.11
230	153	5	24.39
125	293	5	20.18
137	214	8	37.02
106	172	29	106.33
1738	119	10	96.47
12	463	5	5.25
101	2596	3	11.37
148	116	44	173.92
133	2431	3	25.24
845	136	3	17.99
727	225	3	26.71
418	102	5	7.57
6673	121	3	31.25
104	202	21	58.64
2817	107	3	20.06
1848	112	3	17.74
182	104	18	35.3
116	178	5	6.61
1388	12	5	15.36
689	4611	4	71.26
342	109	3	6.25
109	519	5	19.8
131	154	8	21.36
1538	386	4	50.76
2142	14	5	17.24
155	120	19	61.32
304	105	5	9.9
136	126	8	11.49
289	131	10	58.24
848	101	5	11.97
106	1312	9	64.42
974	108	4	19.13
338	110	6	20.31
4773	14	3	13.11
1582	118	3	17.46
738	123	3	14.45
109	1489	4	22.74
849	137	8	65.9
450	137	3	14.07
351	113	3	7.5
4804	14	4	23.33
235	291	3	20.63
132	230	6	24.61
759	249	5	52.22
12	251	19	39.82
114	106	52	71.71
147	133	4	4.02
106	2270	4	25.68
394	110	5	16.79
506	341	3	27.74
120	389	15	94.61
205	436	6	53.05
106	2218	3	17.03
1958	101	3	9.6
257	128	3	8.7
103	1891	3	10.8
413	116	7	31.65
107	6344	3	28.33
103	741	9	36.17
111	1022	3	13.53
9	12	176	195.57
104	1676	6	33.79
708	115	3	11.85
127	556	3	13.96
872	101	3	4.61
109	1077	10	73.73
887	387	3	32.25
191	205	3	14.55
767	105	6	26.35
279	9	4	9.11
290	118	5	16.16
1372	141	7	64.77
115	3327	4	35.2
128	161	6	13.14
452	141	10	74.32
876	102	3	5.85
1348	12	3	6.04
109	3647	3	22.28
124	446	3	11.45
671	116	7	39.15
106	798	4	15.82
107	440	9	41.96
3321	107	3	21.63
17	155	4	13.28
3717	14	3	10.99
160	920	5	43.68
161	325	10	77.98
105	360	7	21.22
101	205	15	18.58
251	146	3	11.1
580	110	5	21.08
1893	102	3	10.3
1258	12	5	14.59
105	1226	4	18.13
117	367	3	7.95
120	1386	3	16.6
801	134	4	25.24
460	1251	3	35.69
1746	5636	3	59.27
12	1630	12	79.04
3744	14	3	10.99
2694	14	4	14.1
2	9	7	13.36
156	122	6	8.87
4831	119	3	26.44
2143	101	5	22.35
1623	14	3	5
12	1885	3	8.07
103	839	5	15.03
123	210	4	9.41
8	1138	4	20.98
1153	12	3	5.3
8	1242	5	29.55
419	104	4	6.94
527	127	5	27.95
631	127	3	14.75
200	551	3	23.09
413	131	3	12.73
278	119	4	10.93
124	176	7	18.21
12	819	4	6.53
114	3126	4	32.55
2580	101	5	26.21
2077	14	3	6.7
134	105	25	29.17
1198	14	7	19.89
105	830	4	14.84
130	1929	3	22.47
115	356	3	7.54
106	390	13	62.74
149	773	23	276.76
132	130	18	52.2
101	911	3	4.86
185	127	3	4.96
101	971	3	5.13
3565	107	3	21.63
310	114	3	6.55
3006	238	4	53.02
289	116	32	225.12
5	107	3	6.16
504	12	16	56.37
109	248	15	65.83
176	185	32	284.09
406	103	11	33.76
113	2588	4	30.6
198	172	6	33.36
165	142	3	5.19
1673	149	3	24.17
8	1952	3	17.73
141	162	6	17.09
103	533	4	6.82
102	791	3	5.36
486	107	5	18.22
574	437	3	30.5
1482	270	3	32.85
101	2039	3	9.6
12	414	6	6.92
104	2971	5	35.27
1890	141	3	23.85
157	202	7	37.65
238	1112	11	145.58
12	490	25	116.87
101	716	5	10.36
5430	12	3	19.76
286	127	3	9.48
114	7025	3	30.12
148	131	22	88.07
181	120	7	15.06
367	198	3	20.23
101	4684	3	16.24
479	246	4	35.51
2180	302	4	52.4
102	293	6	6.61
128	316	4	15.55
102	120	45	11.68
337	14	31	102.32
1265	14	10	39.78
6651	14	3	17.49
975	105	5	22.52
123	403	5	22.65
1881	14	7	28.94
335	59	5	22.79
414	12	5	4.4
1394	12	5	15.36
114	1277	5	31.24
16	152	4	5.39
139	1558	3	22.27
552	107	4	13.68
456	102	4	5.2
840	12	6	14.94
523	119	4	16.5
1916	14	6	21.97
118	142	23	60.51
118	258	6	19.81
278	120	3	6.72
684	106	3	9.17
1146	14	10	37.82
122	1768	3	18.96
1312	172	6	63.43
103	2052	6	34.08
124	230	5	15.58
1407	107	3	14.46
114	315	4	10.92
219	227	14	127.99
114	211	14	55.62
925	104	6	24.82
1632	12	3	6.94
562	12	4	4.16
1376	107	4	21.2
260	467	5	47.77
101	1158	13	74.34
146	512	4	23.73
140	280	7	38.22
159	122	6	9.31
1739	14	6	20.39
177	948	7	71.87
1597	14	7	25.08
315	119	5	17
163	476	5	36.77
168	250	3	14.41
525	236	5	47.09
476	275	3	25.93
12	297	24	72.36
189	424	3	20.5
657	503	3	32.28
12	164	68	176.41
592	147	3	17.28
1220	12	3	5.65
110	133	49	150.89
3813	14	3	10.99
245	170	6	37.63
756	110	3	11.28
128	3526	4	40.18
640	105	4	12.61
121	274	4	11.22
104	101	628	1386.33
347	134	3	11.7
115	103	40	4.99
3690	105	4	30.28
105	1083	3	10.94
132	446	3	13.38
241	102	15	32.62
157	215	7	39.69
571	116	7	36.61
425	173	3	19.4
102	804	3	5.36
263	12	9	8.71
128	771	3	15.94
155	132	8	21.95
112	440	6	25.78
227	338	4	31.11
3387	1692	4	74.49
350	248	4	32.74
104	1571	8	49.9
234	106	9	24.26
131	170	4	7.8
1410	14	3	4.56
695	110	4	16.73
248	295	6	51.48
734	115	4	18.48
103	550	4	7.02
321	12	7	6.23
116	220	5	11.04
109	400	4	11.81
101	2451	6	35.67
256	156	5	28.02
1680	16	3	22.05
723	104	4	10.95
104	215	13	28.07
571	131	7	46.93
1242	9	5	29.9
122	1594	4	27.17
3737	14	4	18.43
157	101	52	112.25
5996	14	3	17.49
928	101	3	4.86
1402	110	3	15.14
1517	105	4	20.18
1017	124	6	42.67
133	2161	4	35.31
1457	116	4	24.27
171	12	22	19.31
110	231	6	14.06
134	250	3	9.13
110	118	19	9.56
1051	12	5	12.64
124	2481	5	46.2
551	109	3	9.19
890	742	3	36.59
126	156	11	34.38
4664	4108	4	93.91
102	2237	3	11.83
126	256	5	19.11
4811	12	3	15.33
159	192	5	22.73
128	1009	3	17.76
1266	101	9	42.22
163	525	4	28.43
168	160	3	8.46
114	1364	10	83.76
111	4273	3	25.05
2360	14	5	18.91
108	565	3	9.22
101	1320	4	11.46
124	130	16	33.37
101	419	8	15.4
1584	12	3	6.94
4696	14	3	13.11
1175	986	4	56.36
153	358	4	22.73
762	101	11	43.54
383	103	9	22.51
107	2937	4	30.17
153	110	7	5.56
1622	119	6	45.31
103	5470	3	22.7
1344	105	3	12.17
757	9	4	17.75
246	14	31	72.24
587	119	9	55.08
6680	14	3	17.49
103	1697	4	16.17
510	128	9	60.85
106	797	3	10.11
6321	102	3	22.17
808	640	20	351.44
593	261	3	27.04
344	127	6	29.74
145	901	4	28.79
1122	116	6	38.38
1464	12	3	6.47
128	247	11	58.57
102	342	7	11.57
573	255	3	26.46
113	3136	6	60.19
841	124	3	15.37
1892	117	3	18.24
1282	1185	6	94.64
113	1330	3	15.69
1777	12	3	7.47
796	12	4	6.53
138	114	12	13.83
385	206	3	21.17
656	123	3	13.75
128	1240	3	18.95
127	1130	3	18.51
240	327	4	31.18
340	166	3	16.74
686	103	3	4.97
708	101	4	6.66
177	496	5	39.89
294	14	11	9.83
120	1267	4	24.1
103	605	13	57.06
1160	104	3	9.39
123	116	104	442.36
1315	1249	3	42.6
290	104	8	17.43
112	1064	3	14.21
101	1442	5	17.65
102	263	9	14.19
841	101	4	7.87
288	131	5	21.99
841	170	3	23.17
103	2193	3	12.34
3081	108	5	42.67
823	103	3	5.81
400	249	3	23.59
813	101	3	4.15
317	131	5	22.87
615	839	3	35.13
8	251	5	11.71
323	104	5	7.72
101	4575	4	27.56
107	2249	4	26.75
114	6994	3	30.12
3824	14	3	10.99
125	106	34	53.41
125	160	8	20.18
12	447	5	5.07
106	239	15	57.07
542	207	8	79.81
667	153	11	103.26
319	155	3	14.93
103	551	5	10.77
2155	119	3	19.54
112	2785	3	21.58
182	118	10	27.83
2113	12	3	8.75
131	187	3	5.78
165	112	38	174.63
270	107	8	25.63
131	138	13	32.86
249	359	3	22.87
112	5035	3	25.37
353	1469	3	34.83
114	2075	4	27.86
2767	14	3	8.38
253	106	13	48.67
777	14	12	38.05
2636	105	3	16.98
227	556	3	25.02
7222	14	3	17.49
130	2579	3	25.1
168	119	6	9.2
266	9	5	12.92
106	1328	3	13.19
324	146	4	19.4
252	196	3	17.32
119	186	8	20.21
106	360	4	9.19
731	248	5	51.77
1017	170	4	35.19
107	2436	7	66.11
105	730	4	13.79
1945	12	5	19.44
140	1509	4	32.75
1940	621	7	111.7
114	624	22	186.53
114	2416	3	19.6
119	125	9	4.47
1079	101	12	62.42
1114	103	4	12.31
186	103	48	169.4
245	124	7	28.07
2313	101	3	10.41
443	14	14	31.3
159	103	12	5.36
1252	9	4	21.84
140	249	7	35.55
126	113	20	29.94
113	930	4	20.32
2145	12	3	8.75
178	128	3	4.45
151	5192	4	50
113	677	4	17.78
103	397	5	7.56
554	158	3	19.26
622	121	5	25.34
770	114	3	12.31
136	156	4	7.18
102	603	3	3.86
102	671	4	7.8
1235	111	4	22.14
112	515	3	9.66
402	114	6	24.64
2437	14	3	8.38
2513	108	6	51.95
131	124	11	16.07
342	135	4	18.31
109	434	5	18.01
109	366	8	33.05
131	221	8	36.03
116	146	11	14.58
1626	14	8	31.82
141	122	6	4.18
209	106	5	6.58
578	105	21	144.37
149	2225	4	38.3
2406	14	4	12.68
2768	14	4	14.1
101	4488	4	27.56
103	1155	5	18.47
175	136	6	18.76
112	1229	3	15.01
2958	12	3	11.67
101	700	7	19.18
624	12	5	7.79
105	526	3	6.75
317	116	13	66.38
1016	14	5	9.33
107	493	5	18.22
323	264	3	22.65
3160	131	3	26.34
363	103	5	6.77
12	936	4	7.54
102	166	15	10.94
193	151	4	13.78
167	117	22	81.15
309	318	3	23.48
111	736	4	17.7
393	103	11	32.35
105	1210	3	11.73
108	130	87	359.84
109	1044	3	13
948	254	3	29.79
288	116	4	10.3
907	8	3	12.45
255	1401	3	32.31
177	513	8	72.66
1222	104	7	36.45
101	1203	5	15.29
410	176	6	47.38
9	276	12	52.62
265	358	4	33.98
123	131	20	48.89
375	9	5	16.82
103	720	11	48.51
5466	117	3	30.37
278	166	3	15.28
385	106	16	84.85
970	115	3	13.78
6841	14	3	17.49
211	363	3	20.99
12	623	5	7.79
189	854	3	24.98
103	1999	4	18.13
147	104	18	12.93
103	5443	3	22.7
114	266	3	5.75
105	142	42	102.16
348	122	3	8.9
114	316	6	21.01
1279	14	9	32.96
111	3487	3	22.83
278	121	3	6.92
104	2198	3	13.97
106	1098	3	11.96
101	1336	5	16.79
112	780	3	12.06
2825	107	3	20.06
2079	116	3	18.77
109	2536	3	19.49
188	976	6	61.38
264	141	23	182.95
1209	172	6	62.37
979	14	8	22.01
117	174	4	4.03
6668	14	3	17.49
177	593	3	21.79
117	120	72	220.2
127	405	3	11.86
2319	14	3	7.47
1646	2884	3	50.95
103	1029	3	7.17
103	953	3	6.86
1246	104	7	36.45
434	107	3	7.28
104	2455	4	23.06
295	104	4	4.22
103	1661	3	10.18
1452	362	6	80.39
3721	2025	5	102.79
107	2664	3	18.84
1142	105	3	11.32
153	321	3	14.29
104	750	3	6.8
103	3515	3	16.06
2156	119	5	39.24
5125	14	3	13.11
150	160	5	13.99
3796	14	5	29.16
101	770	19	106.72
150	106	31	77.63
140	1352	3	21.49
10	2841	3	31.9
8	793	4	17.83
996	12	5	12.09
148	192	5	18.62
328	125	24	185.56
171	515	8	71.23
444	1279	4	50.1
421	116	12	68.92
2085	12	3	8.75
1031	12	3	4.67
107	3439	4	32.79
332	119	3	7.77
111	239	7	20.51
113	679	5	24.57
101	1997	5	22.35
652	110	3	10.36
1294	124	3	17.82
2068	101	3	9.6
113	984	6	36.67
142	2618	3	26.61
178	155	12	68.15
159	220	3	12.42
339	1190	4	46.81
177	949	5	47.26
306	1190	3	32.23
1356	12	7	27.22
1400	127	3	19.88
521	1252	3	36.5
244	1402	4	45.24
121	273	3	6.85
759	248	3	27.93
3769	4953	3	60.93
12	103	738	1272.01
119	170	5	6.6
1849	2459	7	144.29
107	4481	4	37.77
121	113	62	170.76
1765	14	3	5.49
2449	172	4	45.43
110	232	4	6.58
103	3857	3	16.06
114	670	10	64.19
109	1423	4	22.74
2552	14	4	14.1
2033	101	3	9.6
681	157	3	20.68
1364	14	7	22.19
444	14	7	6.87
224	118	4	8.39
475	254	3	25.23
103	1496	4	14.63
448	2552	3	40.99
101	1694	3	8.3
1071	107	6	34.79
800	130	4	25.06
106	1128	5	25.51
126	203	4	10.13
807	14	4	4.19
192	103	13	16.53
109	249	7	20.07
116	122	13	5.96
161	2041	3	28.36
125	5923	3	33.41
342	103	9	20.3
177	731	6	55.47
421	131	7	42.21
155	118	9	16.38
12	1231	4	9.78
1145	12	3	5.3
106	285	3	3.98
103	1242	4	13.38
115	314	8	32.66
101	2450	5	26.21
148	176	4	11.46
148	122	10	16.88
5199	14	3	13.11
104	2546	4	23.06
398	103	5	7.56
118	14	92	17.46
184	115	5	7.3
1431	101	6	23.85
980	14	12	45.76
120	59	9	5.63
17	141	6	18.89
255	357	3	23.22
533	102	4	6.24
103	2223	3	12.34
194	2174	3	32.38
109	1015	5	27.25
683	112	3	11.35
767	107	3	10.62
1824	107	3	16.24
2377	14	5	18.91
101	1575	3	7.76
102	189	16	21.96
345	101	12	26.94
123	108	13	4.88
1723	101	4	13.59
3157	14	4	15.91
127	2799	3	25.56
177	2781	3	33.13
1211	110	4	21.48
162	126	34	189.89
498	101	5	7.22
135	200	6	22.25
109	716	4	16.67
127	408	5	25.11
127	357	4	16.99
362	12	10	17.44
1536	145	3	23.09
122	4216	3	27.28
106	2212	3	17.03
387	2111	5	70.29
153	408	3	16.27
153	357	4	22.73
124	2942	4	36.02
12	6781	3	19.76
529	101	8	19.25
127	114	53	173.84
109	956	6	34.49
139	208	4	12.97
442	12	7	10.9
279	127	4	14.63
101	5725	3	20.67
161	1406	4	37.07
3800	119	3	24.22
926	14	9	26.19
101	1443	3	7.27
4499	14	3	13.11
524	119	5	22.9
102	212	7	4.26
144	1825	4	34.95
2819	101	4	20.05
106	747	5	21.25
599	119	23	202.25
137	784	3	17.5
143	142	11	31.97
12	893	3	3.89
470	106	3	6.96
398	122	3	9.66
174	445	3	19.75
344	14	12	16.32
1260	14	13	64.26
101	2915	3	12.55
461	4445	3	46.2
219	254	7	56.34
110	608	3	9.76
1223	121	3	16.37
997	127	4	26.18
16	433	3	13.37
240	208	3	17.56
643	47	3	40.65
268	116	14	68.63
101	2658	3	11.37
113	1160	3	14.82
368	226	3	22.15
413	103	7	15.53
138	115	8	4.88
114	3755	4	35.17
102	466	5	8.35
101	1239	5	16
111	2304	4	28.35
123	5153	4	43.48
210	109	13	45.06
177	497	3	20.69
1625	12	6	23.33
1333	114	6	41.24
509	118	3	10.42
142	218	3	9.04
117	263	5	14.41
127	439	4	18.81
106	5661	3	27.51
102	2805	4	22.02
151	610	4	26.26
217	132	4	12.43
8	5501	3	29.09
3977	164	4	48.29
464	116	4	14.47
559	121	5	24.33
1800	126	3	21.63
370	108	3	6.7
406	131	4	19.1
109	280	11	45.43
104	1147	3	9.39
159	146	6	17.8
12	3769	3	13.18
107	4528	3	23.85
612	105	3	7.6
1596	14	3	5
1894	119	6	48.46
1742	14	5	14.67
496	248	3	25.2
101	983	6	18.49
119	138	16	29.17
296	123	6	25.01
3449	59	3	27.27
119	187	8	20.65
113	1672	3	17.31
12	268	9	8.88
57	1460	3	19.91
3935	12	3	13.18
8	2554	3	19.59
175	123	15	60.26
101	804	3	4.15
143	725	3	17.78
106	308	3	4.4
10	400	3	17.88
114	2145	8	74.08
3139	12	3	11.67
12	522	5	6.26
216	119	8	25.67
4318	14	3	13.11
148	103	61	139.95
107	2300	4	26.75
105	932	3	9.95
182	1456	3	27.69
21	57	3	17.1
109	1142	3	13.75
2366	101	3	10.41
114	7069	3	30.12
112	2784	3	21.58
116	103	50	15.12
673	172	5	42.93
1003	101	3	5.42
493	237	3	24.5
1952	9	4	26.78
113	769	10	67.94
103	501	8	23.24
177	828	9	94.89
942	12	3	4.39
127	631	3	14.75
1509	619	3	39.16
103	396	8	18.81
111	183	7	12.94
103	566	3	3.97
136	203	3	7.48
136	155	6	14.51
102	602	7	19.82
101	2054	5	22.35
112	514	5	21.19
112	572	5	22.41
3925	119	4	36.25
2651	14	3	8.38
12	431	6	7.34
8	2387	5	37.95
922	106	7	38.58
104	222	7	8.66
1904	12	3	8.07
107	4376	3	23.85
602	114	6	30.12
256	182	19	176.76
763	426	3	32.18
110	250	3	4.21
104	544	5	12.97
6	5523	3	51.87
2711	116	3	20.64
793	104	4	11.92
121	256	3	6.32
154	112	54	267.23
373	116	3	7.86
101	4336	3	16.24
107	2456	6	50.94
113	1775	3	17.31
343	101	5	3.94
113	1691	4	25.8
324	103	14	41.47
119	124	15	15.06
101	954	3	5.13
956	101	6	18.49
112	1416	3	15.95
136	511	4	22.05
724	14	7	12.65
145	221	3	9.6
2420	14	5	18.91
1503	14	3	5
109	180	9	18.08
2740	116	4	30.68
165	377	3	17.38
287	132	4	15.98
141	474	5	30.11
3152	123	3	24.31
7259	116	3	30.15
406	116	7	31.33
156	109	8	9.7
590	260	8	89.55
164	228	3	13.14
101	4161	3	16.24
127	588	3	14.34
1176	14	5	10.51
268	131	7	34.4
147	105	10	4.27
147	300	3	12.47
628	102	3	4.02
12	622	6	11.31
201	147	4	13.7
112	1670	3	17.08
176	3559	3	34.69
158	546	3	19.08
103	1668	3	10.18
229	442	3	23.58
12	878	5	11.09
118	188	8	20.82
8	311	3	5.75
104	733	5	16.31
3123	14	4	15.91
261	248	4	29.88
120	305	11	54.3
359	9	3	6.9
108	194	7	13.46
2705	106	3	18.03
1358	14	12	58.72
4835	14	3	13.11
152	110	40	151.01
103	2361	4	19.36
109	941	6	34.49
1428	12	3	6.47
237	59	5	18.01
138	1297	4	30.01
102	299	9	16.09
9	379	3	7.21
128	266	5	19.97
1505	437	3	36.91
103	906	5	16.03
977	2852	3	47.27
108	2121	3	17.47
137	126	8	11.62
571	103	6	15.35
1270	14	7	20.98
150	120	24	74.11
644	113	5	23.81
101	702	7	19.18
950	265	3	30.25
106	1482	3	13.67
381	459	3	27.9
3641	133	3	28.06
101	2117	5	22.35
953	105	7	37
122	6299	3	31.77
140	519	5	31.14
732	225	3	26.71
141	178	3	6.22
432	12	6	7.56
293	158	4	22.16
106	4153	3	23.03
682	12	4	5.43
968	104	3	8.36
462	107	5	17.46
894	114	3	13.13
1525	12	3	6.94
462	161	3	18.44
12	1454	6	22.1
4801	14	3	13.11
2517	101	3	11.37
574	9	3	9.83
112	153	31	110.86
132	207	9	40.52
1314	172	3	26.7
8	2345	8	77.6
119	115	25	28.09
101	890	3	4.61
119	228	4	8.62
1083	2852	3	48
513	225	3	24.41
567	12	11	32.11
101	2378	4	16.73
226	116	4	7.67
2325	12	3	9.55
124	297	4	13.66
2558	1223	3	47.59
3803	14	4	18.43
127	1207	3	18.93
219	244	6	45.46
133	3993	4	46.38
492	14	15	39.06
1603	14	5	13.64
127	441	4	19
104	1705	5	25.69
1717	14	4	9.68
162	156	4	12.4
103	833	3	6.05
1040	12	5	12.64
103	654	6	17.32
167	123	10	28.64
102	161	13	6.16
124	1259	3	17.82
1466	14	4	8.28
140	1077	4	29.5
716	258	3	27.92
1043	135	3	19.2
7230	14	3	17.49
366	559	3	29.01
158	362	13	112.04
1647	114	4	25.83
12	7209	3	19.76
118	273	3	6.5
757	127	4	23.66
187	161	3	10.38
850	14	4	4.47
1772	14	4	9.68
1163	101	9	40.54
118	113	37	63.23
107	572	4	14.16
437	105	3	5.66
188	734	3	24.16
524	120	3	10.75
288	192	10	85.62
463	109	3	8.13
606	116	7	37.57
114	7257	3	30.12
106	3216	3	19.26
335	12	7	7.06
299	187	4	26.02
129	1345	3	19.9
117	250	4	9.02
115	1804	3	18.01
130	285	5	21.85
146	361	3	13.74
1522	105	3	13.17
1947	119	3	18.79
610	115	6	30.16
123	122	46	143.72
156	146	5	12.74
102	461	5	8.35
102	505	7	17.35
9	17	15	42.17
2414	14	7	34.9
143	577	3	16.49
104	2307	3	13.97
320	1436	3	33.81
101	486	8	17.96
138	124	6	4.73
101	366	22	81.71
219	259	8	67.31
127	1132	3	18.51
775	116	6	33.56
101	2669	3	11.37
101	1044	3	5.42
224	104	6	6.29
106	346	5	13.2
719	112	8	47.81
2341	14	8	46.65
110	105	48	35.76
104	530	8	28.34
2105	14	7	31.51
3957	14	3	10.99
109	1542	8	62.1
130	616	6	39.44
203	115	9	26.36
1199	14	10	37.82
101	5457	3	20.67
231	108	4	6.37
140	248	8	42.82
109	265	12	50.4
146	2257	3	26.13
2074	14	4	11.52
1448	107	8	58.33
1587	12	3	6.94
112	158	8	11.78
122	520	15	110.35
213	141	7	31.8
227	408	4	33.03
113	913	3	13.41
111	390	4	12.17
140	2960	3	27.68
514	107	3	8.27
155	104	10	4.51
106	1570	4	21.57
304	121	3	7.37
116	108	30	26.72
131	200	4	10.92
698	852	3	36.04
133	2433	4	36.84
8	652	4	16.2
171	363	3	17.85
101	687	5	10
125	247	3	7.89
405	12	6	6.72
314	173	7	52.03
2173	127	3	23.31
133	760	8	62.36
788	102	4	8.94
12	583	4	4.35
137	188	3	6.61
151	126	8	16.03
107	5435	3	28.33
1467	124	3	18.77
2159	14	4	11.52
114	1939	3	17.99
178	301	3	16.9
2695	12	3	10.5
163	589	3	20.27
2660	12	3	10.5
101	923	3	4.86
6018	102	3	22.17
143	962	3	19.77
106	478	22	148.9
157	408	3	17.38
101	4259	3	16.24
4941	14	3	13.11
110	120	19	10.21
220	126	3	7.08
3653	101	4	22.62
799	101	6	16.04
129	2380	3	23.82
155	218	3	11.75
155	121	6	7.66
111	257	4	8.55
113	633	6	30.93
113	844	3	12.82
12	1170	15	91.4
107	3517	3	21.63
321	110	8	30.1
126	468	3	12.75
449	103	6	12.61
732	255	3	28.02
128	106	20	17.66
689	153	5	38.07
1415	208	5	56.02
109	972	4	19.33
1008	102	3	6.7
4704	12	3	15.33
104	660	6	20.44
2076	12	3	8.75
105	560	3	7.08
101	2975	3	12.55
184	221	3	14.76
106	799	4	15.82
1589	14	4	8.94
474	14	15	37.34
5083	14	3	13.11
344	113	3	7.3
107	525	5	19.05
1201	103	4	12.82
101	563	9	24.9
109	1996	3	17.62
114	161	8	13.05
6285	2572	3	62.6
147	331	3	13.2
686	116	8	47.86
102	3960	3	15.54
105	308	8	23.21
590	227	3	25.41
102	2737	3	12.81
341	150	5	28.17
123	103	36	13.66
1455	14	7	23.54
1004	101	5	14.02
2610	105	3	16.98
771	14	5	6.71
1376	105	5	26.05
1758	14	4	9.68
249	897	3	29.1
3729	14	4	18.43
109	806	10	65.37
1924	12	3	8.07
101	1220	3	6.44
103	637	6	16.89
103	705	3	5.16
208	107	31	155.98
101	578	5	8.46
101	6511	3	20.67
1599	116	4	25.03
1191	362	3	33.55
597	110	4	15.29
2644	14	3	8.38
3762	14	3	10.99
153	394	3	15.89
552	105	8	34.08
317	103	7	11.22
184	138	3	6.23
211	12	10	5.35
363	116	3	7.65
434	104	5	11.05
114	2766	3	20.61
3648	104	4	27.54
101	1474	5	17.65
167	245	4	21.24
617	173	3	21.77
1070	245	3	30.09
933	103	4	10.99
139	219	6	25.33
1268	103	6	25.63
288	103	9	16.97
140	895	8	68.2
127	260	3	8.89
6570	14	3	17.49
770	101	4	7.23
103	532	12	46.87
103	448	9	25.98
111	242	14	60.91
102	686	4	8.06
195	1534	4	42.2
2221	104	3	13.97
1682	12	5	18.22
141	109	13	14.61
508	102	4	5.87
1426	107	5	30.04
1458	4814	3	53.62
615	102	3	4.02
181	121	6	11.7
4089	16	3	30.4
528	9	4	14.66
103	1140	3	7.85
1181	14	8	25.36
137	14	155	324.25
101	717	4	6.66
752	103	6	18.72
128	1935	4	31.76
106	443	5	15.95
731	280	3	28.8
132	194	3	6.42
146	1778	3	23.84
118	964	3	14.46
12	162	63	151.86
471	219	4	33.51
101	1090	3	5.73
399	106	4	9.9
3132	14	5	23.86
122	1111	6	41.59
134	104	25	17.37
129	797	5	33.34
121	188	10	31.43
101	2253	3	10.41
114	2107	4	27.86
159	116	11	23.37
107	3349	5	47.22
4980	12	4	26.34
106	1209	6	35.03
856	14	11	34.88
102	993	3	6.4
