1371	1
2338	2
6102	3
9538	4
3238	5
871	6
4751	7
5158	8
9245	9
4892	10
592	11
2147	12
6073	13
5662	14
9262	15
2020	16
1843	17
444	18
8077	19
7132	20
8106	21
4144	22
5781	23
5841	24
9077	25
5868	26
9846	27
2195	28
6984	29
5833	30
6041	31
2335	32
7068	33
8198	34
8052	35
5616	36
8130	37
7086	38
2412	39
5146	40
2516	41
8996	42
9241	43
3384	44
9323	45
8345	46
7354	47
474	48
9254	49
7314	50
7213	51
460	52
3877	53
5466	54
2883	55
5378	56
1782	57
6863	58
6895	59
5885	60
2139	61
4831	62
1292	63
6844	64
4263	65
3413	66
2629	67
403	68
1811	69
3803	70
2779	71
8186	72
8441	73
1800	74
1663	75
1245	76
8902	77
7390	78
1784	79
6110	80
4305	81
9189	82
407	83
3709	84
8805	85
6923	86
7259	87
2778	88
4970	89
8810	90
3183	91
8303	92
5021	93
1455	94
8587	95
8251	96
7109	97
2298	98
3317	99
2221	100
823	101
4178	102
9632	103
2434	104
9010	105
2483	106
9480	107
3835	108
2742	109
4522	110
9725	111
3519	112
352	113
3837	114
472	115
837	116
4097	117
6837	118
9016	119
4280	120
31	121
5534	122
4885	123
3389	124
97	125
6953	126
9826	127
799	128
4899	129
1032	130
1473	131
3631	132
2908	133
876	134
4682	135
3497	136
513	137
1396	138
8759	139
9516	140
2497	141
3008	142
264	143
866	144
5292	145
508	146
8158	147
5092	148
3494	149
5726	150
9377	151
2318	152
6298	153
9841	154
5094	155
9099	156
7335	157
5672	158
2386	159
4354	160
373	161
1920	162
1282	163
4439	164
4790	165
1939	166
4387	167
4750	168
6578	169
6622	170
3946	171
8520	172
5795	173
7216	174
8056	175
9216	176
2702	177
2921	178
8616	179
4988	180
9556	181
3172	182
6776	183
2486	184
9838	185
2746	186
2112	187
9783	188
3135	189
306	190
2661	191
3372	192
1407	193
8223	194
5804	195
3087	196
7663	197
9319	198
3952	199
9269	200
4049	201
9167	202
1237	203
1448	204
968	205
471	206
1435	207
6955	208
7227	209
771	210
4783	211
9681	212
8202	213
9031	214
4957	215
3958	216
7316	217
1071	218
6082	219
909	220
2900	221
1218	222
7129	223
5519	224
9267	225
6095	226
5483	227
9782	228
4330	229
776	230
3481	231
2869	232
2884	233
5462	234
8026	235
7371	236
4696	237
2414	238
114	239
3067	240
5148	241
9749	242
9367	243
612	244
118	245
3613	246
6598	247
6885	248
7900	249
1276	250
2568	251
2740	252
6467	253
6716	254
6987	255
2136	256
6808	257
6947	258
8050	259
9332	260
7741	261
6925	262
3268	263
6948	264
5910	265
78	266
39	267
2219	268
8518	269
2289	270
4541	271
3368	272
4326	273
557	274
2420	275
8772	276
8005	277
8348	278
1824	279
6523	280
1028	281
3988	282
9232	283
8218	284
7968	285
7998	286
9165	287
2970	288
1453	289
3493	290
2914	291
5751	292
5658	293
9442	294
8401	295
6568	296
3285	297
2160	298
7600	299
8763	300
183	301
7322	302
8149	303
9064	304
8362	305
891	306
848	307
579	308
6302	309
6006	310
8203	311
3311	312
790	313
96	314
2357	315
2332	316
4111	317
3418	318
50	319
3824	320
6129	321
4685	322
4621	323
3706	324
877	325
9577	326
5596	327
9328	328
8094	329
2071	330
9426	331
5022	332
5709	333
1928	334
1768	335
3185	336
5068	337
4884	338
879	339
2350	340
8753	341
5199	342
7548	343
9552	344
2757	345
3564	346
4575	347
3755	348
7469	349
26	350
113	351
9457	352
7417	353
6009	354
1201	355
9131	356
9002	357
4589	358
6031	359
2237	360
6945	361
1064	362
6647	363
3685	364
8391	365
6766	366
6632	367
6352	368
3812	369
146	370
5002	371
6462	372
5061	373
678	374
41	375
3436	376
1450	377
4115	378
9592	379
1517	380
834	381
4577	382
5372	383
5143	384
1658	385
6689	386
4126	387
9297	388
4456	389
7851	390
2927	391
5330	392
7890	393
3768	394
6915	395
286	396
8869	397
7284	398
8321	399
5005	400
8228	401
6618	402
9224	403
1748	404
7564	405
1357	406
5473	407
319	408
8477	409
6475	410
4089	411
7405	412
3025	413
46	414
1533	415
1885	416
735	417
9478	418
3147	419
6641	420
1132	421
6341	422
3801	423
6935	424
4930	425
3827	426
1559	427
6327	428
9854	429
1439	430
9828	431
2528	432
5343	433
7617	434
5203	435
4598	436
1611	437
1459	438
5522	439
5844	440
2941	441
4136	442
4179	443
58	444
5878	445
3009	446
668	447
5484	448
9814	449
3620	450
7604	451
2349	452
7043	453
9855	454
3323	455
3792	456
9274	457
9173	458
6512	459
164	460
8938	461
1930	462
9824	463
8588	464
5029	465
5215	466
2492	467
7816	468
8153	469
1148	470
3853	471
6880	472
5108	473
3207	474
8721	475
7384	476
4692	477
5869	478
6288	479
5763	480
6988	481
4616	482
7949	483
7185	484
2231	485
3802	486
7829	487
7022	488
692	489
6643	490
4952	491
769	492
1858	493
2363	494
1979	495
3173	496
5971	497
6871	498
7385	499
6918	500
9562	501
1090	502
1425	503
560	504
347	505
6840	506
6396	507
5612	508
2235	509
3007	510
4084	511
95	512
2480	513
9590	514
5890	515
7708	516
2229	517
1410	518
7772	519
820	520
6435	521
8834	522
9191	523
3291	524
2812	525
6241	526
915	527
3109	528
7976	529
419	530
8216	531
3406	532
9845	533
2930	534
6673	535
9627	536
117	537
2865	538
3424	539
5428	540
9817	541
3747	542
3358	543
8516	544
3157	545
2095	546
9207	547
800	548
4795	549
9701	550
2820	551
8958	552
6520	553
6549	554
8794	555
7230	556
2673	557
622	558
4613	559
8083	560
9763	561
7940	562
5405	563
3742	564
5963	565
3485	566
9353	567
6479	568
4193	569
6995	570
7909	571
8171	572
99	573
1457	574
7965	575
5597	576
671	577
2126	578
6416	579
1035	580
9066	581
6712	582
5847	583
3275	584
9318	585
5222	586
179	587
105	588
5899	589
5496	590
365	591
8501	592
3860	593
8696	594
1655	595
280	596
6985	597
6311	598
8333	599
7587	600
1963	601
6983	602
715	603
5058	604
4735	605
992	606
1647	607
7938	608
6867	609
20	610
8885	611
4020	612
2331	613
523	614
3647	615
9604	616
4114	617
589	618
6418	619
6451	620
4653	621
2259	622
7095	623
4817	624
9589	625
5699	626
1485	627
6914	628
7756	629
3974	630
6783	631
3040	632
8603	633
9260	634
1977	635
6343	636
5687	637
7952	638
762	639
9337	640
9221	641
5209	642
4937	643
1606	644
7173	645
3016	646
9658	647
6891	648
2202	649
8925	650
1169	651
4371	652
5708	653
1568	654
7252	655
2175	656
5183	657
5402	658
77	659
6390	660
3114	661
1603	662
908	663
9012	664
3164	665
7480	666
9452	667
8043	668
8021	669
6532	670
9666	671
6399	672
7171	673
7800	674
4768	675
9522	676
2404	677
2032	678
112	679
2217	680
9615	681
2100	682
4107	683
6016	684
265	685
617	686
2625	687
1886	688
6237	689
2000	690
217	691
9336	692
7745	693
4959	694
605	695
1671	696
8750	697
634	698
2596	699
1289	700
6287	701
8292	702
670	703
2351	704
7896	705
6427	706
7052	707
5417	708
8702	709
6624	710
8394	711
1763	712
7092	713
1677	714
9525	715
6912	716
9498	717
1599	718
7511	719
3450	720
4874	721
3746	722
8066	723
727	724
5865	725
5930	726
8692	727
588	728
2763	729
5407	730
5921	731
5984	732
9433	733
5857	734
6946	735
3030	736
1140	737
5704	738
5281	739
9021	740
1572	741
1016	742
9778	743
1583	744
8033	745
5458	746
7836	747
2684	748
8959	749
6617	750
4017	751
4328	752
2044	753
8175	754
7767	755
1498	756
82	757
4485	758
6487	759
3099	760
4301	761
522	762
3962	763
1576	764
1750	765
627	766
4943	767
3239	768
8689	769
7643	770
9271	771
138	772
9603	773
4574	774
8069	775
9803	776
9302	777
8980	778
6265	779
4545	780
3551	781
3645	782
6611	783
6530	784
2319	785
4157	786
8017	787
99	788
8080	789
8457	790
3739	791
7743	792
8330	793
5745	794
4197	795
6962	796
2007	797
4247	798
4647	799
6308	800
4448	801
7430	802
7102	803
4858	804
3396	805
7488	806
5268	807
5052	808
7397	809
3926	810
8748	811
4198	812
5305	813
8629	814
4987	815
836	816
2832	817
4772	818
268	819
7055	820
3611	821
2741	822
5801	823
7427	824
8732	825
8121	826
4169	827
2565	828
9039	829
8455	830
1966	831
7761	832
5965	833
9141	834
1652	835
7325	836
8282	837
7705	838
6538	839
2711	840
555	841
4041	842
7869	843
2753	844
3134	845
5236	846
3122	847
7792	848
4060	849
1281	850
2046	851
8860	852
9113	853
1530	854
5328	855
2353	856
7096	857
9564	858
49	859
5610	860
6878	861
3453	862
3280	863
5454	864
2465	865
6400	866
4066	867
9738	868
7844	869
6085	870
8497	871
8690	872
8945	873
3420	874
2879	875
2627	876
4394	877
1793	878
5112	879
2130	880
4898	881
3282	882
4109	883
533	884
747	885
5076	886
8400	887
9694	888
1990	889
5778	890
4681	891
2251	892
2499	893
7796	894
8319	895
7858	896
5593	897
8093	898
8300	899
7440	900
6884	901
8981	902
7927	903
2773	904
1070	905
5752	906
2714	907
6091	908
24	909
3826	910
1496	911
9034	912
8503	913
157	914
9296	915
5286	916
6291	917
4635	918
5964	919
8988	920
4771	921
5624	922
1392	923
7603	924
8962	925
2198	926
7920	927
3777	928
1353	929
8317	930
8552	931
1374	932
6127	933
6492	934
3011	935
3712	936
9546	937
2718	938
6544	939
5938	940
4933	941
3044	942
2651	943
302	944
9184	945
9746	946
8854	947
4275	948
548	949
6117	950
6979	951
8928	952
330	953
3577	954
6012	955
4792	956
5179	957
6577	958
5646	959
4708	960
9335	961
1375	962
312	963
6430	964
4392	965
3338	966
8576	967
2150	968
4818	969
4974	970
9100	971
8599	972
9678	973
4838	974
5820	975
449	976
6680	977
1844	978
109	979
7793	980
2001	981
487	982
638	983
3762	984
9349	985
4863	986
3128	987
9230	988
3951	989
49	990
9295	991
7678	992
3196	993
1771	994
5	995
1487	996
8601	997
3714	998
2639	999
68	1000
5845	1001
1716	1002
6889	1003
3349	1004
6174	1005
6495	1006
8471	1007
918	1008
2555	1009
6590	1010
5979	1011
7584	1012
7613	1013
6828	1014
5575	1015
8723	1016
9482	1017
5574	1018
43	1019
6670	1020
7334	1021
3816	1022
5356	1023
3790	1024
4055	1025
6148	1026
9008	1027
3213	1028
7637	1029
4961	1030
8927	1031
8086	1032
5445	1033
7014	1034
5511	1035
2605	1036
1158	1037
625	1038
5780	1039
3075	1040
9371	1041
4765	1042
4749	1043
7981	1044
9677	1045
3060	1046
6896	1047
5813	1048
6434	1049
6869	1050
510	1051
2210	1052
1809	1053
4580	1054
7067	1055
1518	1056
6325	1057
7665	1058
194	1059
1	1060
3433	1061
4314	1062
5526	1063
5385	1064
2216	1065
6466	1066
7541	1067
7461	1068
656	1069
8048	1070
1095	1071
7527	1072
4942	1073
7145	1074
2438	1075
9481	1076
9532	1077
7484	1078
8358	1079
5441	1080
6804	1081
1213	1082
3179	1083
1848	1084
4714	1085
6688	1086
7803	1087
9080	1088
3367	1089
3364	1090
5275	1091
2844	1092
5421	1093
9199	1094
6043	1095
8375	1096
1243	1097
3930	1098
479	1099
4455	1100
3022	1101
5595	1102
7462	1103
6429	1104
3273	1105
7990	1106
8797	1107
7937	1108
4723	1109
3150	1110
5516	1111
9424	1112
104	1113
2960	1114
8556	1115
3751	1116
1025	1117
5703	1118
1614	1119
1865	1120
8549	1121
8845	1122
6176	1123
1881	1124
9505	1125
6201	1126
4650	1127
7942	1128
1234	1129
7727	1130
4641	1131
7498	1132
6919	1133
8660	1134
8627	1135
7333	1136
3572	1137
6747	1138
7029	1139
7446	1140
2135	1141
6705	1142
1221	1143
9675	1144
6733	1145
4229	1146
4365	1147
2408	1148
5896	1149
9275	1150
9485	1151
3271	1152
9088	1153
5362	1154
6726	1155
4488	1156
5935	1157
5386	1158
8733	1159
8513	1160
4499	1161
7627	1162
6548	1163
7702	1164
6826	1165
8099	1166
8148	1167
6721	1168
1681	1169
4252	1170
9704	1171
6240	1172
8359	1173
9643	1174
1059	1175
6569	1176
3366	1177
8353	1178
7303	1179
4595	1180
2103	1181
2626	1182
9785	1183
7074	1184
3305	1185
4368	1186
5770	1187
856	1188
811	1189
7814	1190
585	1191
1543	1192
8638	1193
5127	1194
885	1195
658	1196
5810	1197
63	1198
4501	1199
7396	1200
2525	1201
3998	1202
1104	1203
7533	1204
8239	1205
5649	1206
1628	1207
1805	1208
2762	1209
9108	1210
396	1211
316	1212
6779	1213
1726	1214
224	1215
6789	1216
1714	1217
5117	1218
1736	1219
8819	1220
941	1221
2490	1222
4427	1223
3144	1224
5225	1225
8528	1226
3035	1227
7573	1228
3046	1229
3600	1230
6404	1231
7418	1232
2943	1233
4509	1234
878	1235
3031	1236
9774	1237
9830	1238
9436	1239
1636	1240
4573	1241
5131	1242
8270	1243
3038	1244
3434	1245
8841	1246
7187	1247
9834	1248
6848	1249
7698	1250
5273	1251
8367	1252
7722	1253
9563	1254
7846	1255
3788	1256
8728	1257
7636	1258
6314	1259
6864	1260
1307	1261
4058	1262
7197	1263
988	1264
2876	1265
4546	1266
3805	1267
5080	1268
8267	1269
7098	1270
4206	1271
3028	1272
7276	1273
5485	1274
553	1275
8546	1276
4819	1277
1296	1278
5280	1279
4897	1280
5288	1281
142	1282
6315	1283
6960	1284
5309	1285
6921	1286
1477	1287
2618	1288
4044	1289
4739	1290
5186	1291
7214	1292
1053	1293
1660	1294
9688	1295
1761	1296
5196	1297
5040	1298
4607	1299
3357	1300
8097	1301
3880	1302
19	1303
4495	1304
901	1305
4976	1306
1861	1307
19	1308
8224	1309
9851	1310
2940	1311
3756	1312
4162	1313
7747	1314
1380	1315
4804	1316
6059	1317
6750	1318
4410	1319
8897	1320
320	1321
8476	1322
8088	1323
2407	1324
651	1325
6920	1326
285	1327
5248	1328
4225	1329
4383	1330
6358	1331
615	1332
4344	1333
8112	1334
1180	1335
6216	1336
4135	1337
5660	1338
8090	1339
5067	1340
7291	1341
4800	1342
2118	1343
2474	1344
660	1345
9585	1346
1316	1347
9011	1348
983	1349
359	1350
6852	1351
938	1352
7447	1353
8489	1354
5598	1355
7057	1356
6151	1357
2080	1358
4794	1359
2682	1360
3137	1361
9759	1362
74	1363
3561	1364
1962	1365
4128	1366
1475	1367
2101	1368
6306	1369
9682	1370
304	1371
5150	1372
9448	1373
2086	1374
3107	1375
6877	1376
9479	1377
4733	1378
3169	1379
5951	1380
3855	1381
1377	1382
6992	1383
5664	1384
5383	1385
8657	1386
371	1387
8107	1388
4665	1389
2114	1390
7071	1391
4709	1392
1580	1393
3112	1394
3916	1395
1200	1396
2722	1397
1288	1398
7399	1399
203	1400
6727	1401
5413	1402
4480	1403
5295	1404
9325	1405
5811	1406
5914	1407
2436	1408
8907	1409
5336	1410
8630	1411
8813	1412
578	1413
5571	1414
5023	1415
6026	1416
4886	1417
9121	1418
6070	1419
2387	1420
1502	1421
2578	1422
92	1423
1683	1424
9559	1425
9279	1426
1776	1427
3735	1428
9752	1429
9312	1430
8004	1431
7281	1432
1318	1433
2557	1434
9006	1435
8597	1436
6888	1437
463	1438
3482	1439
6602	1440
5361	1441
2494	1442
1418	1443
1751	1444
618	1445
8826	1446
6301	1447
5331	1448
9574	1449
2539	1450
5961	1451
8241	1452
4380	1453
5697	1454
4336	1455
1746	1456
6113	1457
6121	1458
2893	1459
7879	1460
7992	1461
1217	1462
4907	1463
1624	1464
9119	1465
5412	1466
3655	1467
7402	1468
39	1469
5749	1470
8184	1471
6740	1472
7911	1473
2110	1474
1097	1475
4466	1476
7009	1477
4837	1478
7647	1479
9298	1480
4844	1481
3585	1482
7543	1483
8396	1484
5958	1485
5221	1486
499	1487
9157	1488
5531	1489
1257	1490
8553	1491
2738	1492
6550	1493
5251	1494
3483	1495
2540	1496
1391	1497
1725	1498
1667	1499
4839	1500
9789	1501
6968	1502
2232	1503
2339	1504
6830	1505
3807	1506
2579	1507
6191	1508
2608	1509
9464	1510
4348	1511
1685	1512
9287	1513
102	1514
6604	1515
7736	1516
5311	1517
261	1518
6188	1519
3484	1520
1280	1521
6634	1522
5228	1523
2819	1524
3935	1525
475	1526
795	1527
1359	1528
3437	1529
1943	1530
299	1531
6338	1532
9005	1533
9183	1534
1342	1535
3881	1536
2997	1537
5367	1538
255	1539
7433	1540
1472	1541
6440	1542
8349	1543
1	1544
707	1545
8369	1546
3950	1547
8582	1548
1367	1549
5787	1550
1003	1551
7917	1552
2236	1553
5009	1554
8883	1555
6933	1556
3175	1557
4851	1558
5862	1559
4102	1560
6504	1561
1532	1562
4103	1563
3664	1564
6154	1565
3425	1566
7041	1567
6485	1568
61	1569
7608	1570
3032	1571
7434	1572
1696	1573
6353	1574
6524	1575
3321	1576
9492	1577
9612	1578
4424	1579
6207	1580
4915	1581
4465	1582
8127	1583
1164	1584
4038	1585
1304	1586
6658	1587
4547	1588
311	1589
2105	1590
9102	1591
9588	1592
2698	1593
4902	1594
4459	1595
8462	1596
6234	1597
1215	1598
9047	1599
8268	1600
7106	1601
9321	1602
8276	1603
1117	1604
8510	1605
9211	1606
6183	1607
3233	1608
8974	1609
9676	1610
4080	1611
3521	1612
1226	1613
7778	1614
8611	1615
5730	1616
5909	1617
130	1618
1190	1619
6335	1620
6001	1621
814	1622
1551	1623
2776	1624
9467	1625
8591	1626
2501	1627
5696	1628
5933	1629
8806	1630
33	1631
7565	1632
5798	1633
2089	1634
5638	1635
7000	1636
3002	1637
1438	1638
221	1639
1662	1640
5294	1641
9629	1642
9599	1643
9641	1644
6807	1645
5051	1646
6760	1647
8197	1648
5077	1649
2556	1650
2535	1651
2485	1652
5822	1653
8217	1654
6805	1655
1971	1656
5245	1657
4120	1658
2462	1659
6661	1660
8808	1661
6567	1662
2315	1663
2782	1664
2560	1665
9580	1666
7788	1667
995	1668
3660	1669
8564	1670
340	1671
2663	1672
3387	1673
1581	1674
4592	1675
1584	1676
3769	1677
3588	1678
4797	1679
7574	1680
2968	1681
2124	1682
6285	1683
829	1684
5347	1685
4570	1686
5916	1687
6542	1688
9122	1689
2958	1690
4628	1691
103	1692
610	1693
8762	1694
3177	1695
3505	1696
8557	1697
4521	1698
6271	1699
6407	1700
7962	1701
3796	1702
7783	1703
8166	1704
9362	1705
576	1706
127	1707
2373	1708
5880	1709
8653	1710
1515	1711
4259	1712
8827	1713
7508	1714
5579	1715
7582	1716
3250	1717
3924	1718
7105	1719
8294	1720
2585	1721
3910	1722
2093	1723
6606	1724
3793	1725
9775	1726
3156	1727
9387	1728
818	1729
6366	1730
7922	1731
912	1732
4931	1733
8178	1734
4984	1735
2461	1736
8944	1737
2736	1738
4669	1739
2929	1740
921	1741
6514	1742
2907	1743
7033	1744
7243	1745
1247	1746
1734	1747
3765	1748
844	1749
7805	1750
4748	1751
51	1752
606	1753
2471	1754
616	1755
3890	1756
8143	1757
5167	1758
3563	1759
538	1760
7840	1761
5805	1762
4807	1763
2530	1764
300	1765
2134	1766
6552	1767
358	1768
6715	1769
1490	1770
1727	1771
5758	1772
2012	1773
4730	1774
384	1775
902	1776
8265	1777
2377	1778
2084	1779
3651	1780
6156	1781
1061	1782
1632	1783
469	1784
4376	1785
4269	1786
9487	1787
3744	1788
6417	1789
4006	1790
1175	1791
8114	1792
329	1793
2781	1794
4010	1795
2040	1796
4472	1797
9081	1798
3699	1799
7863	1800
2207	1801
2477	1802
2510	1803
905	1804
621	1805
9610	1806
9313	1807
9022	1808
1596	1809
3595	1810
1327	1811
8930	1812
2255	1813
9290	1814
2527	1815
4147	1816
8322	1817
71	1818
8505	1819
7184	1820
8713	1821
3414	1822
9208	1823
7343	1824
239	1825
8637	1826
9550	1827
9096	1828
5774	1829
5974	1830
4074	1831
2417	1832
926	1833
4845	1834
1705	1835
9132	1836
3934	1837
270	1838
5518	1839
6958	1840
4478	1841
138	1842
8646	1843
1208	1844
3518	1845
1788	1846
2617	1847
994	1848
8368	1849
5602	1850
6499	1851
2835	1852
7980	1853
1441	1854
6800	1855
5078	1856
3825	1857
9210	1858
4317	1859
9276	1860
5888	1861
3978	1862
8957	1863
550	1864
7605	1865
9847	1866
5614	1867
2277	1868
2337	1869
6813	1870
350	1871
6623	1872
9504	1873
4194	1874
6642	1875
7742	1876
1917	1877
2024	1878
6557	1879
4744	1880
635	1881
8465	1882
7313	1883
3865	1884
3337	1885
7522	1886
7913	1887
4172	1888
5329	1889
3715	1890
7389	1891
5678	1892
6247	1893
7948	1894
8570	1895
5945	1896
5162	1897
6163	1898
3462	1899
4279	1900
5688	1901
8919	1902
1241	1903
8656	1904
1867	1905
2042	1906
7441	1907
314	1908
3616	1909
3785	1910
6845	1911
3417	1912
925	1913
7538	1914
5566	1915
4853	1916
9626	1917
767	1918
1796	1919
3683	1920
1704	1921
2031	1922
2075	1923
3537	1924
2993	1925
5493	1926
594	1927
3624	1928
8578	1929
7860	1930
1601	1931
2069	1932
8872	1933
3090	1934
6975	1935
8891	1936
7506	1937
7360	1938
7153	1939
9512	1940
6963	1941
6860	1942
9659	1943
7172	1944
8786	1945
2675	1946
8621	1947
5105	1948
3465	1949
5327	1950
955	1951
1483	1952
7700	1953
276	1954
6708	1955
2180	1956
1074	1957
2981	1958
5952	1959
5786	1960
1562	1961
957	1962
6474	1963
3479	1964
1812	1965
3320	1966
2056	1967
9839	1968
2775	1969
7161	1970
2853	1971
4543	1972
9366	1973
5942	1974
3004	1975
7367	1976
7328	1977
6981	1978
4029	1979
9523	1980
6074	1981
1625	1982
6551	1983
8041	1984
7085	1985
7191	1986
1284	1987
6965	1988
7321	1989
1889	1990
3490	1991
9395	1992
8635	1993
5227	1994
5306	1995
9850	1996
8791	1997
9414	1998
4895	1999
6	2000
9375	2001
613	2002
7999	2003
7195	2004
4170	2005
6391	2006
1755	2007
8384	2008
7459	2009
1651	2010
5476	2011
8506	2012
5071	2013
3215	2014
5487	2015
2168	2016
3412	2017
7473	2018
3781	2019
3256	2020
5271	2021
903	2022
1094	2023
7141	2024
3309	2025
3922	2026
5231	2027
3720	2028
8126	2029
4704	2030
6581	2031
2451	2032
3500	2033
9347	2034
6509	2035
5364	2036
6111	2037
4919	2038
6941	2039
9602	2040
7529	2041
8747	2042
7728	2043
8749	2044
8387	2045
230	2046
4700	2047
8512	2048
2786	2049
5204	2050
3864	2051
7853	2052
676	2053
4291	2054
2169	2055
5381	2056
1732	2057
5446	2058
244	2059
5508	2060
8538	2061
9748	2062
198	2063
832	2064
2348	2065
7257	2066
1703	2067
2307	2068
1224	2069
8496	2070
4925	2071
4258	2072
8691	2073
6465	2074
6497	2075
7421	2076
6189	2077
5255	2078
9745	2079
4440	2080
1133	2081
6951	2082
9058	2083
3298	2084
2974	2085
7710	2086
6472	2087
9513	2088
789	2089
3182	2090
5883	2091
567	2092
1849	2093
8119	2094
1823	2095
4864	2096
1673	2097
8574	2098
5692	2099
7935	2100
6709	2101
4629	2102
4912	2103
8741	2104
6109	2105
5272	2106
3883	2107
7689	2108
9672	2109
8388	2110
7463	2111
5960	2112
3315	2113
9551	2114
7499	2115
4918	2116
1083	2117
9124	2118
7509	2119
6683	2120
4803	2121
4513	2122
4223	2123
9402	2124
2691	2125
1707	2126
1165	2127
8194	2128
5839	2129
9301	2130
5184	2131
6452	2132
7128	2133
4214	2134
5319	2135
6046	2136
4670	2137
9205	2138
3241	2139
131	2140
7444	2141
1278	2142
8997	2143
5154	2144
7246	2145
8654	2146
356	2147
6990	2148
1787	2149
9255	2150
4796	2151
59	2152
8998	2153
1968	2154
2881	2155
3799	2156
4636	2157
2989	2158
9605	2159
3344	2160
5792	2161
8306	2162
5120	2163
6626	2164
1185	2165
9293	2166
4849	2167
6048	2168
4090	2169
139	2170
991	2171
2524	2172
4556	2173
5	2174
1488	2175
9696	2176
3441	2177
3015	2178
4243	2179
4208	2180
6870	2181
4979	2182
5190	2183
5512	2184
6112	2185
1066	2186
9651	2187
6454	2188
4433	2189
1752	2190
7020	2191
4277	2192
9314	2193
5906	2194
7268	2195
5966	2196
4601	2197
5766	2198
3939	2199
8875	2200
6761	2201
2142	2202
3970	2203
5242	2204
2392	2205
2755	2206
897	2207
4549	2208
6655	2209
1911	2210
3274	2211
5015	2212
6932	2213
7583	2214
5529	2215
6459	2216
3048	2217
1277	2218
7750	2219
8397	2220
3292	2221
1482	2222
1044	2223
9050	2224
4224	2225
1261	2226
1360	2227
345	2228
5197	2229
3920	2230
8129	2231
1323	2232
8861	2233
4542	2234
3858	2235
8726	2236
9460	2237
7545	2238
6501	2239
1326	2240
2659	2241
526	2242
4329	2243
3931	2244
2049	2245
4343	2246
5431	2247
8982	2248
4417	2249
4901	2250
1845	2251
7443	2252
2022	2253
8434	2254
5694	2255
2194	2256
4482	2257
4240	2258
6575	2259
7201	2260
8488	2261
4568	2262
7680	2263
1436	2264
6812	2265
8010	2266
6704	2267
9036	2268
3757	2269
2937	2270
7310	2271
6823	2272
2862	2273
2952	2274
9418	2275
4045	2276
6836	2277
7895	2278
4822	2279
2406	2280
5990	2281
4827	2282
2364	2283
2703	2284
6502	2285
250	2286
3554	2287
4569	2288
3092	2289
80	2290
2559	2291
1080	2292
6251	2293
9200	2294
6717	2295
7465	2296
3636	2297
1536	2298
975	2299
5352	2300
7139	2301
4047	2302
3665	2303
6822	2304
5151	2305
8073	2306
6910	2307
6508	2308
5433	2309
1101	2310
8402	2311
5769	2312
9555	2313
1566	2314
8389	2315
4285	2316
3587	2317
8134	2318
1351	2319
6930	2320
154	2321
888	2322
6961	2323
3590	2324
3945	2325
266	2326
8436	2327
4332	2328
7170	2329
6570	2330
4801	2331
6384	2332
4811	2333
9148	2334
6668	2335
5155	2336
5591	2337
4508	2338
5320	2339
2347	2340
1821	2341
5116	2342
7633	2343
17	2344
4267	2345
1961	2346
5299	2347
5853	2348
5252	2349
1525	2350
4161	2351
399	2352
7370	2353
1692	2354
182	2355
351	2356
6267	2357
3653	2358
2836	2359
3163	2360
8042	2361
8700	2362
9033	2363
2174	2364
5776	2365
9441	2366
8031	2367
6790	2368
4876	2369
5088	2370
3191	2371
3181	2372
6027	2373
3506	2374
2055	2375
8978	2376
1974	2377
2023	2378
2334	2379
4836	2380
9238	2381
8296	2382
9737	2383
2276	2384
7684	2385
7734	2386
652	2387
2223	2388
7958	2389
1286	2390
2867	2391
8167	2392
4814	2393
6638	2394
7552	2395
6491	2396
8573	2397
529	2398
6817	2399
7362	2400
5954	2401
1302	2402
3353	2403
5515	2404
2861	2405
4944	2406
7094	2407
1347	2408
7012	2409
2695	2410
7477	2411
2253	2412
7766	2413
3124	2414
1171	2415
4667	2416
4009	2417
7485	2418
6103	2419
6401	2420
6219	2421
4377	2422
6820	2423
7254	2424
5096	2425
5520	2426
1321	2427
7740	2428
9415	2429
5934	2430
1947	2431
4437	2432
349	2433
9728	2434
1988	2435
8237	2436
2961	2437
4481	2438
661	2439
4202	2440
401	2441
1429	2442
9084	2443
9193	2444
5925	2445
4639	2446
9237	2447
5422	2448
6531	2449
7295	2450
4947	2451
3982	2452
9340	2453
4211	2454
6976	2455
1005	2456
2379	2457
4177	2458
5302	2459
1033	2460
2566	2461
3815	2462
5081	2463
4649	2464
8263	2465
6173	2466
4341	2467
673	2468
5653	2469
362	2470
9048	2471
2833	2472
4511	2473
626	2474
1283	2475
8960	2476
2635	2477
3255	2478
607	2479
5432	2480
3696	2481
3515	2482
1500	2483
3473	2484
2931	2485
2537	2486
144	2487
1538	2488
5881	2489
9097	2490
3082	2491
6165	2492
1857	2493
5414	2494
54	2495
7364	2496
5905	2497
7536	2498
3621	2499
310	2500
5514	2501
3779	2502
6290	2503
364	2504
7701	2505
1900	2506
209	2507
646	2508
5861	2509
5132	2510
6556	2511
5188	2512
6055	2513
4606	2514
2094	2515
3847	2516
219	2517
1013	2518
2048	2519
9692	2520
9508	2521
5403	2522
2311	2523
9071	2524
1188	2525
4351	2526
3557	2527
259	2528
9	2529
5894	2530
2035	2531
2783	2532
1856	2533
6519	2534
5121	2535
2321	2536
2305	2537
404	2538
8257	2539
2479	2540
919	2541
445	2542
5902	2543
7757	2544
2155	2545
666	2546
7456	2547
4364	2548
2179	2549
524	2550
2511	2551
8967	2552
8079	2553
3026	2554
1491	2555
6137	2556
5827	2557
249	2558
5682	2559
6564	2560
6859	2561
9771	2562
2646	2563
3726	2564
572	2565
9644	2566
982	2567
1338	2568
5765	2569
2428	2570
9598	2571
222	2572
7535	2573
600	2574
949	2575
9378	2576
7330	2577
4566	2578
2847	2579
4007	2580
5375	2581
2496	2582
7843	2583
3100	2584
8509	2585
8068	2586
6075	2587
2987	2588
4953	2589
9521	2590
5538	2591
415	2592
2027	2593
2382	2594
5854	2595
4270	2596
4036	2597
9182	2598
8233	2599
839	2600
467	2601
6730	2602
2909	2603
2637	2604
5913	2605
7776	2606
9456	2607
1753	2608
7100	2609
9848	2610
8651	2611
6413	2612
8561	2613
812	2614
980	2615
5915	2616
2240	2617
809	2618
6166	2619
6231	2620
7712	2621
1501	2622
9647	2623
86	2624
5102	2625
7815	2626
3533	2627
5941	2628
2924	2629
9041	2630
619	2631
8177	2632
4850	2633
7787	2634
3072	2635
5615	2636
48	2637
7490	2638
4015	2639
3565	2640
478	2641
8607	2642
7297	2643
6153	2644
535	2645
4397	2646
18	2647
5388	2648
5775	2649
3142	2650
9222	2651
5617	2652
6746	2653
8817	2654
7315	2655
2313	2656
184	2657
2495	2658
2938	2659
9393	2660
2688	2661
4369	2662
7121	2663
79	2664
8407	2665
1329	2666
1927	2667
1497	2668
3237	2669
6973	2670
5753	2671
2875	2672
2546	2673
3332	2674
8766	2675
3158	2676
9710	2677
7194	2678
5860	2679
782	2680
9667	2681
3700	2682
1152	2683
129	2684
3979	2685
5553	2686
4941	2687
6928	2688
710	2689
674	2690
8123	2691
7539	2692
7025	2693
2257	2694
8668	2695
5742	2696
5760	2697
4634	2698
1242	2699
5873	2700
7841	2701
3938	2702
7874	2703
4654	2704
6447	2705
5477	2706
441	2707
3426	2708
574	2709
195	2710
2936	2711
822	2712
7209	2713
4854	2714
83	2715
8152	2716
7563	2717
4129	2718
6516	2719
2186	2720
6458	2721
683	2722
2857	2723
337	2724
6627	2725
6795	2726
860	2727
8639	2728
1916	2729
1570	2730
5141	2731
8550	2732
1830	2733
1877	2734
3954	2735
8054	2736
9075	2737
8847	2738
254	2739
1068	2740
9201	2741
2291	2742
1941	2743
8250	2744
687	2745
4825	2746
6433	2747
8931	2748
5568	2749
6056	2750
1006	2751
3848	2752
3415	2753
4404	2754
6175	2755
6087	2756
1969	2757
7260	2758
4137	2759
7985	2760
8764	2761
2487	2762
8179	2763
4118	2764
8605	2765
5721	2766
5521	2767
8531	2768
4436	2769
9095	2770
5207	2771
6588	2772
5426	2773
6426	2774
6545	2775
7157	2776
9404	2777
1398	2778
8022	2779
4727	2780
4385	2781
1294	2782
8385	2783
3154	2784
7407	2785
6562	2786
1157	2787
9779	2788
9808	2789
9286	2790
8923	2791
7027	2792
3232	2793
8058	2794
5727	2795
568	2796
4560	2797
7762	2798
9477	2799
9406	2800
8307	2801
6693	2802
9652	2803
3874	2804
8648	2805
1022	2806
5468	2807
6998	2808
4026	2809
974	2810
637	2811
5577	2812
119	2813
8293	2814
3307	2815
3737	2816
5544	2817
5042	2818
2122	2819
7253	2820
6539	2821
8633	2822
7855	2823
5592	2824
413	2825
6210	2826
8181	2827
5178	2828
89	2829
1422	2830
591	2831
5929	2832
6406	2833
7415	2834
2376	2835
7169	2836
3430	2837
7431	2838
4559	2839
850	2840
9180	2841
5499	2842
4174	2843
9816	2844
2613	2845
5126	2846
5528	2847
5210	2848
6809	2849
7571	2850
2014	2851
509	2852
435	2853
2391	2854
82	2855
8298	2856
7193	2857
2656	2858
3553	2859
5224	2860
9780	2861
7263	2862
939	2863
8780	2864
5297	2865
9568	2866
8352	2867
2509	2868
9801	2869
6131	2870
3192	2871
6345	2872
3776	2873
5569	2874
7242	2875
1602	2876
334	2877
9753	2878
2948	2879
2206	2880
8065	2881
9673	2882
5220	2883
9123	2884
3836	2885
3203	2886
1024	2887
3703	2888
8098	2889
4830	2890
4983	2891
7779	2892
2860	2893
410	2894
7299	2895
2102	2896
8002	2897
7429	2898
297	2899
7713	2900
1193	2901
6436	2902
1470	2903
1710	2904
7182	2905
7181	2906
3630	2907
2920	2908
3787	2909
9483	2910
37	2911
8758	2912
9547	2913
6294	2914
4759	2915
398	2916
5506	2917
6692	2918
5442	2919
3566	2920
8801	2921
1207	2922
6032	2923
56	2924
2125	2925
5684	2926
8469	2927
7908	2928
3216	2929
4967	2930
506	2931
7423	2932
8481	2933
8115	2934
428	2935
2641	2936
3375	2937
6873	2938
8491	2939
602	2940
9139	2941
8231	2942
9453	2943
8220	2944
3659	2945
736	2946
7292	2947
1409	2948
7912	2949
920	2950
5152	2951
344	2952
199	2953
6481	2954
5993	2955
654	2956
211	2957
6802	2958
6157	2959
210	2960
207	2961
2120	2962
9076	2963
2878	2964
7021	2965
6781	2966
4991	2967
8555	2968
1120	2969
6909	2970
3964	2971
3692	2972
4939	2973
4031	2974
5507	2975
4435	2976
5977	2977
5700	2978
5380	2979
1081	2980
6203	2981
5594	2982
3774	2983
4302	2984
6662	2985
528	2986
68	2987
1456	2988
464	2989
1238	2990
9490	2991
9351	2992
3806	2993
9419	2994
8450	2995
1027	2996
292	2997
1554	2998
8882	2999
8229	3000
2433	3001
9356	3002
6537	3003
8565	3004
4785	3005
3449	3006
1382	3007
6250	3008
1423	3009
393	3010
9253	3011
3752	3012
7692	3013
6116	3014
59	3015
7125	3016
3034	3017
3293	3018
5489	3019
8526	3020
4022	3021
8248	3022
7769	3023
5759	3024
9003	3025
5447	3026
2872	3027
7782	3028
5370	3029
6646	3030
8824	3031
2189	3032
8544	3033
7357	3034
6022	3035
6510	3036
614	3037
3702	3038
9503	3039
1699	3040
5470	3041
2448	3042
1616	3043
2138	3044
8865	3045
6526	3046
4707	3047
8895	3048
155	3049
8311	3050
1569	3051
2045	3052
6340	3053
2826	3054
8617	3055
1552	3056
5165	3057
6047	3058
2764	3059
4527	3060
3622	3061
5107	3062
23	3063
7946	3064
338	3065
8062	3066
1268	3067
128	3068
1946	3069
1356	3070
7301	3071
2002	3072
3190	3073
546	3074
4082	3075
3133	3076
4266	3077
8314	3078
6147	3079
7978	3080
6033	3081
4067	3082
3898	3083
802	3084
3116	3085
141	3086
7392	3087
69	3088
3680	3089
7923	3090
3599	3091
3937	3092
7996	3093
7751	3094
3006	3095
2654	3096
4791	3097
3917	3098
9853	3099
9533	3100
8840	3101
4676	3102
6020	3103
1545	3104
8142	3105
3813	3106
1641	3107
2668	3108
863	3109
5718	3110
7994	3111
2422	3112
7261	3113
9593	3114
5720	3115
7739	3116
3658	3117
4789	3118
4910	3119
26	3120
3356	3121
842	3122
248	3123
2481	3124
5601	3125
6248	3126
9594	3127
9699	3128
6903	3129
5316	3130
6225	3131
584	3132
5644	3133
3244	3134
7514	3135
1759	3136
1235	3137
8640	3138
1905	3139
5527	3140
8049	3141
4391	3142
9364	3143
2445	3144
7114	3145
9399	3146
1469	3147
2758	3148
2574	3149
6172	3150
3045	3151
1127	3152
1633	3153
374	3154
9090	3155
3252	3156
1419	3157
1173	3158
6665	3159
6881	3160
2886	3161
8862	3162
3153	3163
6605	3164
7654	3165
566	3166
1527	3167
1505	3168
6687	3169
5711	3170
1797	3171
5062	3172
7238	3173
4362	3174
2794	3175
4070	3176
7267	3177
9105	3178
5237	3179
9820	3180
4201	3181
2418	3182
9665	3183
8256	3184
7631	3185
2587	3186
7672	3187
895	3188
804	3189
9431	3190
296	3191
2534	3192
7620	3193
9473	3194
1878	3195
8740	3196
8242	3197
481	3198
7752	3199
4866	3200
282	3201
4518	3202
7072	3203
6756	3204
773	3205
779	3206
9507	3207
9529	3208
6224	3209
5537	3210
3555	3211
930	3212
7117	3213
3548	3214
1544	3215
9218	3216
6755	3217
1194	3218
2705	3219
4657	3220
5901	3221
9094	3222
3967	3223
8424	3224
7870	3225
1993	3226
8955	3227
5578	3228
2333	3229
4921	3230
5032	3231
6771	3232
8155	3233
2506	3234
3625	3235
3738	3236
2964	3237
7245	3238
4079	3239
4358	3240
8720	3241
9463	3242
5785	3243
3797	3244
363	3245
85	3246
429	3247
6521	3248
7907	3249
6040	3250
5864	3251
18	3252
40	3253
2267	3254
134	3255
9614	3256
1622	3257
7218	3258
6375	3259
4994	3260
4782	3261
4893	3262
3081	3263
4960	3264
473	3265
3380	3266
3005	3267
1139	3268
677	3269
7833	3270
4832	3271
4631	3272
2457	3273
3568	3274
6644	3275
7486	3276
3068	3277
388	3278
3576	3279
6382	3280
1803	3281
2274	3282
694	3283
5540	3284
8191	3285
7898	3286
1432	3287
8200	3288
1694	3289
8569	3290
149	3291
808	3292
5912	3293
7222	3294
7467	3295
8717	3296
5967	3297
4154	3298
6784	3299
8277	3300
1492	3301
6505	3302
4441	3303
8708	3304
1585	3305
7346	3306
5799	3307
4558	3308
9720	3309
1358	3310
2209	3311
2213	3312
698	3313
5556	3314
2017	3315
3913	3316
9063	3317
6007	3318
7944	3319
2197	3320
6696	3321
5434	3322
5393	3323
1619	3324
9570	3325
442	3326
47	3327
1630	3328
7019	3329
9192	3330
2171	3331
7986	3332
623	3333
7497	3334
7323	3335
9110	3336
7175	3337
8201	3338
8289	3339
2067	3340
1335	3341
8663	3342
6904	3343
7336	3344
3228	3345
8032	3346
4445	3347
1985	3348
2657	3349
7850	3350
5629	3351
7811	3352
2083	3353
9631	3354
1509	3355
851	3356
4486	3357
201	3358
8100	3359
511	3360
8337	3361
4875	3362
6527	3363
8521	3364
6036	3365
8525	3366
4718	3367
5160	3368
9040	3369
7411	3370
5321	3371
3012	3372
3517	3373
5748	3374
7451	3375
3217	3376
2224	3377
5406	3378
3118	3379
810	3380
6513	3381
1399	3382
2079	3383
7150	3384
6744	3385
4	3386
2953	3387
8423	3388
3186	3389
5408	3390
1519	3391
3984	3392
7231	3393
327	3394
3160	3395
2	3396
9760	3397
91	3398
759	3399
6392	3400
7104	3401
8873	3402
24	3403
3886	3404
4732	3405
9027	3406
8943	3407
4479	3408
8386	3409
2692	3410
775	3411
3036	3412
7951	3413
4553	3414
9506	3415
889	3416
8447	3417
3404	3418
5729	3419
2341	3420
6498	3421
14	3422
5995	3423
6378	3424
1578	3425
4924	3426
870	3427
64	3428
3985	3429
6959	3430
2092	3431
4303	3432
2595	3433
7147	3434
7888	3435
8952	3436
6694	3437
6989	3438
5011	3439
6035	3440
8756	3441
7008	3442
7207	3443
9074	3444
1514	3445
7018	3446
5969	3447
8889	3448
2723	3449
4719	3450
1317	3451
2910	3452
9664	3453
3439	3454
6897	3455
9202	3456
7265	3457
7438	3458
7190	3459
6546	3460
8213	3461
6276	3462
1712	3463
3758	3464
712	3465
6815	3466
1328	3467
2696	3468
8136	3469
8716	3470
1893	3471
3347	3472
8560	3473
3771	3474
6122	3475
3443	3476
3851	3477
6278	3478
8739	3479
341	3480
9416	3481
6729	3482
5636	3483
7963	3484
8849	3485
8085	3486
1313	3487
8215	3488
7581	3489
7845	3490
1794	3491
2769	3492
8067	3493
5927	3494
4958	3495
8411	3496
8844	3497
3270	3498
6152	3499
7377	3500
6256	3501
7355	3502
4236	3503
8446	3504
9497	3505
5014	3506
6649	3507
7289	3508
9226	3509
8590	3510
1970	3511
220	3512
8279	3513
2173	3514
6686	3515
6379	3516
7988	3517
1203	3518
4948	3519
1454	3520
56	3521
8522	3522
4294	3523
180	3524
3866	3525
7977	3526
6204	3527
7091	3528
3438	3529
5838	3530
5851	3531
4276	3532
7929	3533
7810	3534
7644	3535
552	3536
1571	3537
8783	3538
40	3539
111	3540
2450	3541
7398	3542
7250	3543
1341	3544
9432	3545
4415	3546
126	3547
5085	3548
9357	3549
9233	3550
5675	3551
3973	3552
4848	3553
6208	3554
2439	3555
4683	3556
997	3557
972	3558
6652	3559
5627	3560
2113	3561
8449	3562
5301	3563
4894	3564
2384	3565
7358	3566
1461	3567
23	3568
9427	3569
4585	3570
9791	3571
6128	3572
295	3573
2282	3574
751	3575
6659	3576
2687	3577
793	3578
2985	3579
3549	3580
2544	3581
6044	3582
7247	3583
2132	3584
682	3585
1610	3586
4715	3587
62	3588
7422	3589
7612	3590
9697	3591
6882	3592
94	3593
6849	3594
2399	3595
8811	3596
3627	3597
108	3598
4075	3599
8712	3600
3039	3601
9055	3602
6886	3603
3352	3604
9140	3605
2220	3606
307	3607
7436	3608
2393	3609
5119	3610
8226	3611
2649	3612
5369	3613
8135	3614
4998	3615
9317	3616
1786	3617
7070	3618
2309	3619
361	3620
6118	3621
923	3622
8782	3623
5168	3624
3694	3625
9582	3626
9256	3627
3516	3628
9428	3629
4262	3630
5291	3631
3492	3632
3394	3633
5532	3634
8360	3635
6135	3636
6587	3637
7217	3638
4608	3639
6847	3640
1220	3641
5174	3642
7857	3643
7589	3644
4949	3645
1668	3646
7655	3647
127	3648
7964	3649
5524	3650
9062	3651
8074	3652
6738	3653
4059	3654
9244	3655
7464	3656
1695	3657
5866	3658
6640	3659
9294	3660
2360	3661
1637	3662
7220	3663
8554	3664
5923	3665
3290	3666
3463	3667
8255	3668
9835	3669
2825	3670
2116	3671
1950	3672
5779	3673
8372	3674
5693	3675
847	3676
1656	3677
5777	3678
4366	3679
7718	3680
6728	3681
7939	3682
4615	3683
5342	3684
1228	3685
8188	3686
8055	3687
8956	3688
253	3689
4475	3690
2053	3691
9358	3692
150	3693
5968	3694
7474	3695
7970	3696
7572	3697
5997	3698
9772	3699
2308	3700
5035	3701
2070	3702
6381	3703
3963	3704
4867	3705
5640	3706
6097	3707
22	3708
5282	3709
3120	3710
2944	3711
37	3712
6952	3713
2369	3714
1049	3715
6908	3716
6671	3717
8878	3718
8480	3719
8831	3720
9177	3721
3598	3722
6603	3723
3895	3724
9004	3725
9354	3726
4840	3727
7374	3728
9430	3729
6004	3730
1336	3731
6710	3732
5871	3733
2802	3734
3397	3735
4520	3736
7715	3737
3000	3738
989	3739
7324	3740
8662	3741
9268	3742
2799	3743
8842	3744
5012	3745
6777	3746
5994	3747
805	3748
7504	3749
8141	3750
3544	3751
8921	3752
6010	3753
7822	3754
309	3755
9159	3756
8984	3757
7790	3758
7349	3759
1887	3760
1153	3761
886	3762
4338	3763
100	3764
3279	3765
940	3766
9621	3767
1402	3768
7799	3769
8832	3770
4181	3771
497	3772
7056	3773
3871	3774
2653	3775
5560	3776
3486	3777
3471	3778
6597	3779
7375	3780
5312	3781
7073	3782
5793	3783
514	3784
9721	3785
4139	3786
4938	3787
6255	3788
7723	3789
1730	3790
2470	3791
9549	3792
3725	3793
6138	3794
4018	3795
3530	3796
7183	3797
5498	3798
6229	3799
3581	3800
8357	3801
8990	3802
7108	3803
5175	3804
4033	3805
6181	3806
137	3807
6861	3808
271	3809
9698	3810
2806	3811
3324	3812
124	3813
7523	3814
111	3815
3345	3816
484	3817
643	3818
3319	3819
9292	3820
7296	3821
7286	3822
2580	3823
8165	3824
2939	3825
3670	3826
8180	3827
328	3828
213	3829
9240	3830
9147	3831
5283	3832
6490	3833
2366	3834
3512	3835
7225	3836
5315	3837
7847	3838
9168	3839
2203	3840
7932	3841
7131	3842
539	3843
6476	3844
4426	3845
2523	3846
9619	3847
7531	3848
3431	3849
6724	3850
1082	3851
7641	3852
6235	3853
6821	3854
7872	3855
5054	3856
4535	3857
6630	3858
1902	3859
9567	3860
5855	3861
313	3862
8427	3863
8814	3864
2679	3865
8036	3866
2153	3867
5849	3868
5842	3869
2885	3870
7875	3871
4149	3872
960	3873
1924	3874
7695	3875
3065	3876
8675	3877
208	3878
3772	3879
4767	3880
7155	3881
8803	3882
3049	3883
3328	3884
6583	3885
875	3886
7982	3887
7877	3888
1801	3889
7827	3890
5490	3891
9310	3892
2262	3893
2491	3894
7432	3895
8881	3896
9324	3897
6907	3898
76	3899
5279	3900
2710	3901
7037	3902
7026	3903
6967	3904
5307	3905
4593	3906
2658	3907
5355	3908
1765	3909
8543	3910
7515	3911
8059	3912
8508	3913
126	3914
6099	3915
7063	3916
4962	3917
1708	3918
2543	3919
8904	3920
1872	3921
1936	3922
4409	3923
7241	3924
824	3925
6252	3926
7492	3927
9440	3928
9073	3929
119	3930
1649	3931
1790	3932
2821	3933
6529	3934
3794	3935
6810	3936
4145	3937
8970	3938
6793	3939
2739	3940
3839	3941
6757	3942
4095	3943
50	3944
8111	3945
641	3946
4640	3947
6421	3948
1670	3949
2484	3950
1516	3951
3096	3952
2734	3953
6719	3954
7876	3955
1141	3956
6261	3957
1204	3958
5145	3959
5695	3960
5044	3961
5545	3962
4046	3963
7510	3964
2917	3965
6003	3966
5719	3967
2991	3968
7285	3969
4725	3970
8000	3971
3278	3972
9400	3973
2228	3974
1894	3975
8600	3976
5619	3977
1267	3978
3103	3979
4073	3980
3906	3981
9023	3982
3666	3983
2678	3984
7818	3985
6100	3986
8910	3987
4218	3988
8916	3989
196	3990
1434	3991
9596	3992
7947	3993
4260	3994
6130	3995
3681	3996
2792	3997
2389	3998
6648	3999
8313	4000
8285	4001
238	4002
8852	4003
6762	4004
4576	4005
6713	4006
9528	4007
1056	4008
7642	4009
5357	4010
377	4011
3198	4012
6094	4013
9444	4014
420	4015
7279	4016
5399	4017
5156	4018
169	4019
7557	4020
649	4021
6555	4022
6443	4023
482	4024
6136	4025
2731	4026
1709	4027
3811	4028
8495	4029
904	4030
8769	4031
2359	4032
4502	4033
1980	4034
6164	4035
8992	4036
1236	4037
859	4038
547	4039
7368	4040
1050	4041
8912	4042
3360	4043
8025	4044
2761	4045
6357	4046
2358	4047
3783	4048
1156	4049
644	4050
893	4051
161	4052
8118	4053
6049	4054
6763	4055
5633	4056
7556	4057
770	4058
190	4059
7687	4060
7005	4061
4594	4062
7340	4063
5643	4064
4490	4065
7791	4066
136	4067
2009	4068
7809	4069
1747	4070
6050	4071
5396	4072
3106	4073
9674	4074
6060	4075
934	4076
7452	4077
1697	4078
2424	4079
3053	4080
9695	4081
5724	4082
3674	4083
4672	4084
5366	4085
3927	4086
7470	4087
6473	4088
6450	4089
8011	4090
1308	4091
7906	4092
8704	4093
3242	4094
6058	4095
73	4096
8327	4097
3162	4098
124	4099
1411	4100
2854	4101
5659	4102
6295	4103
4999	4104
7969	4105
2117	4106
2809	4107
1481	4108
104	4109
8262	4110
348	4111
8583	4112
532	4113
7819	4114
1991	4115
9116	4116
6273	4117
7120	4118
2505	4119
1646	4120
3111	4121
8211	4122
7298	4123
8399	4124
9382	4125
4298	4126
35	4127
4121	4128
7720	4129
4805	4130
3523	4131
1994	4132
8232	4133
2716	4134
1866	4135
3540	4136
7867	4137
5001	4138
6169	4139
4483	4140
9043	4141
6543	4142
5090	4143
8645	4144
2329	4145
3288	4146
5705	4147
3455	4148
777	4149
7138	4150
6594	4151
9227	4152
9069	4153
5666	4154
9606	4155
6801	4156
4284	4157
7082	4158
6076	4159
3972	4160
3070	4161
109	4162
5872	4163
4342	4164
8410	4165
8909	4166
9756	4167
6414	4168
2296	4169
8124	4170
8936	4171
38	4172
7614	4173
6792	4174
4184	4175
9057	4176
7967	4177
2181	4178
2515	4179
5390	4180
2551	4181
5290	4182
632	4183
5986	4184
7111	4185
1073	4186
1825	4187
599	4188
4523	4189
1925	4190
115	4191
55	4192
1814	4193
5258	4194
1114	4195
9261	4196
1976	4197
466	4198
8669	4199
5478	4200
493	4201
2452	4202
9807	4203
3125	4204
5623	4205
7450	4206
431	4207
4388	4208
3094	4209
6601	4210
8499	4211
1123	4212
6167	4213
9767	4214
1560	4215
418	4216
5095	4217
5706	4218
8539	4219
6272	4220
7568	4221
8619	4222
3402	4223
7123	4224
8836	4225
5341	4226
2336	4227
549	4228
6829	4229
8037	4230
1847	4231
3197	4232
3499	4233
7732	4234
9757	4235
947	4236
6359	4237
5806	4238
9179	4239
1640	4240
7524	4241
9438	4242
6319	4243
107	4244
4561	4245
8461	4246
1145	4247
7547	4248
3220	4249
2073	4250
6489	4251
6	4252
7274	4253
8490	4254
3115	4255
2498	4256
8275	4257
6678	4258
7126	4259
3195	4260
1744	4261
132	4262
6942	4263
2531	4264
8920	4265
6573	4266
6850	4267
4395	4268
5253	4269
3891	4270
5734	4271
1091	4272
573	4273
167	4274
7656	4275
8051	4276
8444	4277
2577	4278
2507	4279
4287	4280
1613	4281
5157	4282
5060	4283
7549	4284
1143	4285
8463	4286
4985	4287
5716	4288
21	4289
1126	4290
6786	4291
8382	4292
5429	4293
6843	4294
8828	4295
28	4296
5558	4297
1421	4298
1354	4299
7401	4300
1593	4301
7331	4302
2756	4303
9776	4304
9405	4305
6739	4306
3201	4307
6182	4308
657	4309
5970	4310
575	4311
6002	4312
5919	4313
3071	4314
1042	4315
2476	4316
6559	4317
1331	4318
8082	4319
8771	4320
1177	4321
8063	4322
999	4323
2192	4324
6281	4325
5007	4326
243	4327
7848	4328
3454	4329
5922	4330
7657	4331
7311	4332
1270	4333
6125	4334
5517	4335
2581	4336
9684	4337
2670	4338
9203	4339
6600	4340
3422	4341
72	4342
9471	4343
3019	4344
6775	4345
2772	4346
699	4347
865	4348
36	4349
7080	4350
4163	4351
8286	4352
9575	4353
4599	4354
1219	4355
7133	4356
6751	4357
3229	4358
7632	4359
9384	4360
5198	4361
1807	4362
6645	4363
1846	4364
1826	4365
7658	4366
5205	4367
8	4368
685	4369
4113	4370
8760	4371
2176	4372
3139	4373
7668	4374
3832	4375
4757	4376
2888	4377
65	4378
5940	4379
8562	4380
1043	4381
2380	4382
6214	4383
562	4384
9755	4385
9530	4386
7755	4387
2072	4388
2196	4389
6831	4390
5261	4391
882	4392
115	4393
1191	4394
1949	4395
2230	4396
9709	4397
3729	4398
3552	4399
8108	4400
4290	4401
6571	4402
7813	4403
5870	4404
5415	4405
5129	4406
4982	4407
96	4408
1676	4409
2971	4410
8589	4411
7159	4412
3363	4413
2388	4414
1000	4415
5773	4416
80	4417
5176	4418
551	4419
3457	4420
5317	4421
8071	4422
8140	4423
1548	4424
1363	4425
2021	4426
3297	4427
3734	4428
9316	4429
9125	4430
5606	4431
1129	4432
728	4433
2398	4434
6419	4435
3635	4436
1397	4437
1956	4438
3975	4439
702	4440
8095	4441
1653	4442
5542	4443
7662	4444
7834	4445
2170	4446
8007	4447
1953	4448
7174	4449
424	4450
1875	4451
9806	4452
6187	4453
8775	4454
5796	4455
5027	4456
9645	4457
8953	4458
1187	4459
3130	4460
9488	4461
6566	4462
1464	4463
7889	4464
2995	4465
4810	4466
8559	4467
9581	4468
7453	4469
1954	4470
8674	4471
1700	4472
7017	4473
7517	4474
8416	4475
7031	4476
1687	4477
8586	4478
7925	4479
8187	4480
2247	4481
1112	4482
9089	4483
4808	4484
8258	4485
4093	4486
2154	4487
1873	4488
4806	4489
110	4490
5050	4491
8271	4492
6078	4493
273	4494
3994	4495
662	4496
5074	4497
7424	4498
7570	4499
1084	4500
1859	4501
5296	4502
3902	4503
945	4504
3532	4505
172	4506
3251	4507
7305	4508
9303	4509
6268	4510
2280	4511
3033	4512
5728	4513
3104	4514
3748	4515
78	4516
7784	4517
7135	4518
8160	4519
3987	4520
216	4521
1499	4522
6964	4523
3733	4524
3654	4525
4357	4526
7134	4527
7719	4528
3318	4529
9181	4530
7097	4531
2258	4532
8751	4533
6890	4534
1645	4535
7359	4536
8299	4537
60	4538
9363	4539
318	4540
4367	4541
9339	4542
3257	4543
3468	4544
4251	4545
3385	4546
2976	4547
2245	4548
3326	4549
7481	4550
2864	4551
4359	4552
7957	4553
8540	4554
8681	4555
7707	4556
1733	4557
2947	4558
2199	4559
7593	4560
2640	4561
5502	4562
5513	4563
1202	4564
4722	4565
2933	4566
7162	4567
9689	4568
1674	4569
8110	4570
5625	4571
1965	4572
5082	4573
8939	4574
2667	4575
3383	4576
496	4577
4855	4578
4611	4579
517	4580
12	4581
4315	4582
3435	4583
3149	4584
1789	4585
3445	4586
2368	4587
2597	4588
8624	4589
6371	4590
2431	4591
3151	4592
202	4593
4088	4594
4536	4595
1770	4596
5771	4597
3728	4598
2852	4599
7272	4600
1791	4601
7618	4602
6123	4603
4153	4604
7519	4605
1729	4606
1297	4607
6316	4608
8961	4609
731	4610
91	4611
1642	4612
44	4613
1274	4614
1955	4615
4039	4616
9620	4617
2850	4618
6066	4619
7520	4620
9101	4621
7468	4622
7634	4623
743	4624
1590	4625
4316	4626
9186	4627
6394	4628
342	4629
4094	4630
8087	4631
6370	4632
9390	4633
9823	4634
2243	4635
5086	4636
9475	4637
2478	4638
6409	4639
4239	4640
4923	4641
1908	4642
3287	4643
4793	4644
29	4645
5276	4646
9740	4647
7228	4648
3697	4649
1172	4650
2553	4651
7256	4652
425	4653
2752	4654
5802	4655
3446	4656
5474	4657
6142	4658
6270	4659
5559	4660
64	4661
3894	4662
7681	4663
9252	4664
3634	4665
924	4666
1040	4667
1561	4668
6405	4669
3817	4670
5715	4671
2028	4672
3061	4673
3990	4674
7234	4675
8408	4676
9215	4677
3017	4678
2301	4679
3069	4680
729	4681
5469	4682
3662	4683
3690	4684
5006	4685
3536	4686
8426	4687
101	4688
4292	4689
1840	4690
9799	4691
6970	4692
4841	4693
590	4694
3583	4695
3225	4696
1957	4697
3879	4698
4244	4699
964	4700
8707	4701
581	4702
7351	4703
9277	4704
4105	4705
4557	4706
5250	4707
8199	4708
9144	4709
4972	4710
4230	4711
370	4712
178	4713
3428	4714
3904	4715
6943	4716
227	4717
272	4718
1869	4719
5303	4720
8274	4721
544	4722
1072	4723
7013	4724
7775	4725
8413	4726
3456	4727
4591	4728
6373	4729
1293	4730
9284	4731
5371	4732
4973	4733
6535	4734
2411	4735
8245	4736
7383	4737
6107	4738
6239	4739
4469	4740
4309	4741
6770	4742
4493	4743
6906	4744
3953	4745
8628	4746
3509	4747
1690	4748
3764	4749
1350	4750
4776	4751
1480	4752
1339	4753
4728	4754
8053	4755
1015	4756
6263	4757
794	4758
1189	4759
5274	4760
6286	4761
2261	4762
6675	4763
491	4764
3388	4765
1442	4766
2700	4767
2517	4768
1679	4769
3351	4770
1621	4771
411	4772
1060	4773
3460	4774
5824	4775
969	4776
9030	4777
433	4778
5541	4779
1337	4780
5665	4781
7973	4782
9840	4783
3795	4784
6069	4785
7003	4786
4156	4787
3303	4788
1574	4789
8641	4790
293	4791
6574	4792
4662	4793
9548	4794
3308	4795
4816	4796
894	4797
1992	4798
3327	4799
7831	4800
5097	4801
887	4802
6233	4803
9804	4804
1151	4805
8244	4806
1882	4807
3789	4808
8432	4809
9726	4810
3976	4811
6858	4812
4308	4813
1449	4814
1008	4815
8905	4816
2777	4817
9166	4818
5950	4819
4582	4820
8991	4821
3260	4822
3335	4823
852	4824
4737	4825
784	4826
749	4827
2873	4828
7936	4829
1828	4830
9289	4831
3539	4832
5679	4833
4451	4834
1918	4835
2655	4836
4462	4837
4032	4838
3267	4839
4643	4840
944	4841
4879	4842
7404	4843
3140	4844
7904	4845
5603	4846
2271	4847
6449	4848
7914	4849
2638	4850
9072	4851
8729	4852
8532	4853
5547	4854
1718	4855
9410	4856
3965	4857
929	4858
774	4859
2662	4860
5712	4861
9679	4862
3678	4863
2372	4864
168	4865
2286	4866
6439	4867
2146	4868
5134	4869
1795	4870
1146	4871
1346	4872
432	4873
5585	4874
3656	4875
8182	4876
1137	4877
1076	4878
4609	4879
1014	4880
1540	4881
7304	4882
2603	4883
16	4884
57	4885
9355	4886
3178	4887
6264	4888
1124	4889
8259	4890
6773	4891
6389	4892
3416	4893
5379	4894
4282	4895
907	4896
1102	4897
645	4898
704	4899
1110	4900
2185	4901
6469	4902
874	4903
5110	4904
2184	4905
1598	4906
2951	4907
2233	4908
2928	4909
2010	4910
6351	4911
1415	4912
3610	4913
234	4914
1563	4915
864	4916
3300	4917
379	4918
873	4919
1542	4920
2725	4921
2522	4922
6841	4923
2975	4924
3508	4925
2767	4926
6883	4927
1424	4928
2945	4929
6296	4930
2631	4931
5821	4932
1108	4933
9359	4934
2690	4935
2751	4936
3269	4937
9468	4938
386	4939
9653	4940
2681	4941
1871	4942
9155	4943
402	4944
7119	4945
7780	4946
8243	4947
7501	4948
2362	4949
9086	4950
3711	4951
9702	4952
746	4953
8133	4954
3646	4955
9608	4956
9341	4957
6494	4958
267	4959
5285	4960
6684	4961
5389	4962
5962	4963
1555	4964
786	4965
4087	4966
8734	4967
2607	4968
1688	4969
495	4970
6580	4971
5028	4972
8101	4973
2096	4974
8924	4975
1451	4976
5816	4977
3921	4978
3966	4979
6674	4980
9392	4981
3098	4982
7326	4983
38	4984
4232	4985
9719	4986
8752	4987
1115	4988
565	4989
152	4990
9809	4991
3498	4992
140	4993
1199	4994
8678	4995
7991	4996
1373	4997
455	4998
9338	4999
9346	5000
3202	5001
7599	5002
9411	5003
686	5004
8634	5005
6312	5006
7585	5007
1594	5008
2504	5009
86	5010
8120	5011
7837	5012
8324	5013
6690	5014
5460	5015
1996	5016
2743	5017
3829	5018
2273	5019
8364	5020
1163	5021
1340	5022
6017	5023
8864	5024
4133	5025
4697	5026
5137	5027
2754	5028
2843	5029
6065	5030
8460	5031
9543	5032
3868	5033
5247	5034
7901	5035
8304	5036
4687	5037
9085	5038
7691	5039
3386	5040
8761	5041
123	5042
8081	5043
5504	5044
8825	5045
353	5046
9611	5047
4001	5048
4159	5049
11	5050
8310	5051
6996	5052
998	5053
8934	5054
4779	5055
87	5056
4212	5057
4069	5058
4295	5059
4450	5060
1669	5061
8537	5062
5099	5063
3524	5064
7	5065
958	5066
7478	5067
5580	5068
5135	5069
4355	5070
4746	5071
2664	5072
819	5073
1634	5074
5459	5075
4992	5076
3399	5077
948	5078
7586	5079
8994	5080
5008	5081
33	5082
6898	5083
1550	5084
2582	5085
3050	5086
1253	5087
3830	5088
5083	5089
1892	5090
6126	5091
4705	5092
32	5093
4312	5094
3329	5095
697	5096
8899	5097
2801	5098
6403	5099
4125	5100
452	5101
7136	5102
6355	5103
8577	5104
47	5105
8264	5106
5072	5107
1529	5108
1546	5109
4809	5110
2128	5111
6797	5112
1972	5113
9300	5114
9706	5115
1403	5116
6354	5117
797	5118
2030	5119
6500	5120
4141	5121
7460	5122
4872	5123
8623	5124
7588	5125
8725	5126
1579	5127
9743	5128
1251	5129
7479	5130
303	5131
3687	5132
4870	5133
1689	5134
2592	5135
5956	5136
571	5137
5562	5138
3310	5139
298	5140
5689	5141
3088	5142
2859	5143
2634	5144
6171	5145
9687	5146
2167	5147
476	5148
1903	5149
5756	5150
5563	5151
6619	5152
525	5153
8855	5154
4386	5155
4431	5156
3556	5157
2563	5158
2823	5159
8822	5160
7686	5161
7394	5162
4272	5163
6260	5164
4152	5165
4911	5166
4743	5167
4062	5168
8866	5169
6442	5170
8886	5171
1521	5172
2458	5173
761	5174
2977	5175
8266	5176
8989	5177
8183	5178
7236	5179
5019	5180
4548	5181
7309	5182
1052	5183
4034	5184
4929	5185
1443	5186
2612	5187
9558	5188
6759	5189
4519	5190
7562	5191
4447	5192
8024	5193
2598	5194
3043	5195
5926	5196
8754	5197
8247	5198
6346	5199
5681	5200
145	5201
1896	5202
8174	5203
5920	5204
8705	5205
3511	5206
2099	5207
5263	5208
87	5209
129	5210
5582	5211
9291	5212
4648	5213
3343	5214
9451	5215
1617	5216
2870	5217
4264	5218
9111	5219
9038	5220
3763	5221
4826	5222
2694	5223
8913	5224
7290	5225
5674	5226
9070	5227
3849	5228
3501	5229
3535	5230
6553	5231
6168	5232
9660	5233
5398	5234
9044	5235
9049	5236
5351	5237
4671	5238
8137	5239
3211	5240
8246	5241
3607	5242
8789	5243
537	5244
8091	5245
9171	5246
1504	5247
4753	5248
3204	5249
6190	5250
462	5251
1808	5252
5353	5253
7717	5254
6703	5255
9129	5256
6368	5257
7616	5258
6324	5259
7381	5260
8104	5261
5491	5262
4306	5263
4531	5264
8581	5265
1012	5266
7606	5267
8355	5268
1222	5269
2611	5270
6045	5271
8261	5272
690	5273
8320	5274
5600	5275
95	5276
4966	5277
7567	5278
5677	5279
4099	5280
8972	5281
3936	5282
437	5283
3545	5284
855	5285
2892	5286
6782	5287
7482	5288
611	5289
4307	5290
4764	5291
6824	5292
8342	5293
346	5294
7078	5295
9509	5296
1627	5297
8176	5298
8280	5299
8468	5300
7704	5301
2774	5302
4993	5303
7457	5304
7081	5305
3986	5306
9794	5307
2293	5308
6834	5309
9466	5310
5648	5311
8625	5312
1178	5313
8439	5314
5893	5315
1474	5316
6470	5317
4037	5318
7580	5319
4504	5320
7312	5321
8344	5322
7023	5323
2950	5324
1626	5325
4108	5326
6192	5327
8340	5328
4443	5329
3559	5330
961	5331
3942	5332
8779	5333
2747	5334
3893	5335
9013	5336
9407	5337
5481	5338
1467	5339
1648	5340
83	5341
7319	5342
7674	5343
8438	5344
8430	5345
4888	5346
7640	5347
6030	5348
6028	5349
4675	5350
6432	5351
1904	5352
2225	5353
7961	5354
4740	5355
3983	5356
215	5357
5219	5358
7283	5359
3597	5360
2344	5361
6423	5362
8682	5363
8954	5364
3023	5365
561	5366
7801	5367
4098	5368
1675	5369
2200	5370
9715	5371
2429	5372
6585	5373
9176	5374
3246	5375
8284	5376
1262	5377
7113	5378
6737	5379
1836	5380
4234	5381
73	5382
9054	5383
8381	5384
1537	5385
1577	5386
6778	5387
4444	5388
4390	5389
8636	5390
624	5391
6077	5392
9408	5393
5461	5394
4382	5395
2849	5396
8350	5397
9225	5398
6936	5399
6879	5400
4663	5401
368	5402
4916	5403
2370	5404
4721	5405
153	5406
3780	5407
1850	5408
275	5409
6124	5410
4117	5411
260	5412
3888	5413
7142	5414
9127	5415
6484	5416
3968	5417
3080	5418
5535	5419
7471	5420
2632	5421
8807	5422
2328	5423
1831	5424
7495	5425
3478	5426
5628	5427
9032	5428
987	5429
2729	5430
559	5431
9793	5432
4659	5433
5747	5434
4968	5435
7731	5436
9017	5437
2161	5438
3667	5439
8453	5440
7839	5441
6839	5442
6718	5443
5686	5444
4736	5445
5657	5446
3466	5447
4565	5448
4257	5449
278	5450
5622	5451
1493	5452
6612	5453
333	5454
4261	5455
2583	5456
2803	5457
981	5458
2793	5459
2871	5460
7648	5461
287	5462
1524	5463
6222	5464
965	5465
2558	5466
4403	5467
6088	5468
5420	5469
160	5470
4747	5471
7177	5472
7445	5473
828	5474
7983	5475
5471	5476
498	5477
5147	5478
2295	5479
7897	5480
681	5481
4610	5482
1057	5483
5049	5484
1248	5485
3393	5486
5784	5487
6666	5488
6279	5489
231	5490
3058	5491
5655	5492
5373	5493
4781	5494
9526	5495
4419	5496
8548	5497
931	5498
3701	5499
813	5500
281	5501
2586	5502
756	5503
6202	5504
5630	5505
3205	5506
9429	5507
3956	5508
2676	5509
758	5510
3167	5511
1832	5512
647	5513
8162	5514
3850	5515
1526	5516
586	5517
1428	5518
414	5519
543	5520
1231	5521
5740	5522
5944	5523
628	5524
830	5525
6184	5526
1196	5527
633	5528
9413	5529
3845	5530
2090	5531
7652	5532
3370	5533
1192	5534
2137	5535
7079	5536
4318	5537
8445	5538
4581	5539
27	5540
4684	5541
1940	5542
1914	5543
8736	5544
4363	5545
101	5546
2183	5547
5891	5548
8671	5549
5392	5550
9164	5551
4914	5552
245	5553
1355	5554
165	5555
9584	5556
4978	5557
3095	5558
4506	5559
7826	5560
3638	5561
6275	5562
235	5563
8880	5564
3579	5565
1731	5566
7476	5567
6159	5568
1654	5569
8308	5570
8523	5571
845	5572
8593	5573
6999	5574
1937	5575
9591	5576
1372	5577
5284	5578
4110	5579
7924	5580
7271	5581
5731	5582
7115	5583
6170	5584
4024	5585
8966	5586
6865	5587
8339	5588
4091	5589
1387	5590
2735	5591
9622	5592
2052	5593
6057	5594
8768	5595
1265	5596
6014	5597
8527	5598
1314	5599
8164	5600
9777	5601
486	5602
2145	5603
7007	5604
826	5605
2193	5606
391	5607
5762	5608
1311	5609
5430	5610
170	5611
283	5612
3582	5613
4497	5614
4231	5615
2984	5616
5213	5617
9051	5618
4526	5619
2323	5620
1362	5621
9056	5622
1299	5623
3052	5624
4862	5625
7532	5626
4245	5627
2998	5628
2973	5629
7378	5630
6794	5631
1209	5632
4043	5633
4620	5634
7410	5635
5764	5636
1713	5637
7726	5638
501	5639
8040	5640
9142	5641
9469	5642
3299	5643
5561	5644
3593	5645
1147	5646
2437	5647
696	5648
5163	5649
9476	5650
9510	5651
5260	5652
6303	5653
1512	5654
653	5655
1067	5656
8161	5657
5144	5658
3432	5659
5482	5660
5639	5661
4530	5662
3155	5663
8015	5664
714	5665
9083	5666
7808	5667
1206	5668
8225	5669
2561	5670
6021	5671
8947	5672
4471	5673
4920	5674
3373	5675
294	5676
9052	5677
3410	5678
1462	5679
3841	5680
1883	5681
3447	5682
8170	5683
2904	5684
9368	5685
5427	5686
4913	5687
9669	5688
596	5689
3814	5690
5599	5691
6660	5692
2464	5693
8467	5694
8132	5695
3663	5696
378	5697
6083	5698
564	5699
4196	5700
2915	5701
1154	5702
5066	5703
8595	5704
4416	5705
1166	5706
4690	5707
708	5708
6620	5709
680	5710
7725	5711
3541	5712
3854	5713
5661	5714
6853	5715
5981	5716
6356	5717
4454	5718
9136	5719
46	5720
2212	5721
8610	5722
5722	5723
440	5724
9707	5725
861	5726
2790	5727
7118	5728
2356	5729
2840	5730
8830	5731
3908	5732
9822	5733
5815	5734
8649	5735
7694	5736
1686	5737
6455	5738
6855	5739
2355	5740
7255	5741
3296	5742
1853	5743
5436	5744
986	5745
2588	5746
2211	5747
4602	5748
1567	5749
9345	5750
2281	5751
512	5752
139	5753
913	5754
7099	5755
6230	5756
1295	5757
8551	5758
6621	5759
9754	5760
9742	5761
6064	5762
5449	5763
4131	5764
1195	5765
985	5766
3887	5767
7774	5768
6034	5769
2897	5770
1919	5771
3782	5772
4180	5773
3265	5774
3145	5775
788	5776
8451	5777
5641	5778
2532	5779
32	5780
2475	5781
4887	5782
1852	5783
7512	5784
3188	5785
9220	5786
9628	5787
6591	5788
1465	5789
3691	5790
7028	5791
1263	5792
4327	5793
5620	5794
9690	5795
7503	5796
1378	5797
3	5798
7703	5799
90	5800
8935	5801
577	5802
4604	5803
9249	5804
4989	5805
4986	5806
416	5807
470	5808
1813	5809
5900	5810
5936	5811
7894	5812
8433	5813
2144	5814
6424	5815
8504	5816
9495	5817
6425	5818
5488	5819
4524	5820
7038	5821
6667	5822
1586	5823
6868	5824
6974	5825
8472	5826
5208	5827
3558	5828
4119	5829
4238	5830
3862	5831
5313	5832
2316	5833
4005	5834
9020	5835
4470	5836
9537	5837
7369	5838
197	5839
1984	5840
7577	5841
205	5842
3718	5843
3642	5844
4051	5845
8189	5846
2584	5847
9443	5848
8715	5849
831	5850
6254	5851
3513	5852
54	5853
2468	5854
1273	5855
369	5856
102	5857
9219	5858
7959	5859
8343	5860
5947	5861
7006	5862
5467	5863
1597	5864
4540	5865
3230	5866
531	5867
5337	5868
76	5869
7376	5870
4802	5871
2159	5872
896	5873
9242	5874
4313	5875
583	5876
3534	5877
5505	5878
8856	5879
8932	5880
1565	5881
2554	5882
8157	5883
5581	5884
7639	5885
7754	5886
7699	5887
3571	5888
8773	5889
8163	5890
454	5891
7212	5892
1211	5893
3528	5894
193	5895
8868	5896
4246	5897
4726	5898
9634	5899
8618	5900
3981	5901
1741	5902
4035	5903
72	5904
1181	5905
2549	5906
6939	5907
9133	5908
4185	5909
8221	5910
7425	5911
7628	5912
6819	5913
3722	5914
663	5915
2375	5916
739	5917
8395	5918
5065	5919
5020	5920
1638	5921
1479	5922
4025	5923
8987	5924
1179	5925
2533	5926
7933	5927
9810	5928
9472	5929
6441	5930
672	5931
7409	5932
9365	5933
6507	5934
4890	5935
7388	5936
4281	5937
1618	5938
6408	5939
4014	5940
8718	5941
390	5942
772	5943
3469	5944
3113	5945
8999	5946
88	5947
9649	5948
1437	5949
7329	5950
1910	5951
1324	5952
9103	5953
8650	5954
8414	5955
2003	5956
3750	5957
9151	5958
2765	5959
9217	5960
4123	5961
9412	5962
3184	5963
8722	5964
4713	5965
9461	5966
2182	5967
5003	5968
4429	5969
1334	5970
9247	5971
6486	5972
545	5973
9561	5974
5550	5975
752	5976
8890	5977
6269	5978
540	5979
1592	5980
9535	5981
7083	5982
3507	5983
6015	5984
42	5985
3152	5986
2697	5987
5073	5988
3989	5989
2241	5990
8798	5991
2726	5992
5349	5993
4249	5994
2866	5995
9511	5996
1932	5997
5998	5998
6827	5999
3037	6000
9717	6001
1945	6002
3514	6003
6310	6004
4420	6005
9213	6006
1839	6007
7724	6008
5937	6009
3661	6010
1643	6011
305	6012
1197	6013
1650	6014
5480	6015
9420	6016
4349	6017
9236	6018
8963	6019
7233	6020
2275	6021
3569	6022
7011	6023
6140	6024
9403	6025
5783	6026
3083	6027
953	6028
2238	6029
6483	6030
1395	6031
9637	6032
1898	6033
4477	6034
3525	6035
3382	6036
4467	6037
8965	6038
5438	6039
8479	6040
4132	6041
4860	6042
3745	6043
8325	6044
3637	6045
8269	6046
8580	6047
1829	6048
3719	6049
6503	6050
4503	6051
6196	6052
5453	6053
9330	6054
5246	6055
3079	6056
2378	6057
8843	6058
5017	6059
9635	6060
8567	6061
5736	6062
3870	6063
6104	6064
5059	6065
2935	6066
1310	6067
6714	6068
5142	6069
2636	6070
4954	6071
688	6072
7664	6073
2266	6074
7076	6075
2906	6076
5265	6077
4168	6078
1510	6079
2279	6080
6062	6081
6299	6082
5973	6083
503	6084
9128	6085
6811	6086
4812	6087
263	6088
3876	6089
1785	6090
862	6091
8428	6092
2547	6093
4081	6094
4617	6095
4835	6096
1760	6097
3427	6098
7143	6099
4614	6100
5831	6101
7188	6102
6525	6103
5565	6104
5239	6105
5465	6106
3861	6107
3063	6108
7	6109
3334	6110
3401	6111
3673	6112
8887	6113
9802	6114
5911	6115
6108	6116
9421	6117
2156	6118
4828	6119
7537	6120
9639	6121
846	6122
2205	6123
5886	6124
9769	6125
3648	6126
5972	6127
6894	6128
2284	6129
7353	6130
4600	6131
4702	6132
4414	6133
4677	6134
6637	6135
4379	6136
959	6137
7516	6138
4745	6139
8884	6140
3313	6141
7609	6142
5782	6143
4896	6144
6663	6145
45	6146
3689	6147
4304	6148
9750	6149
2306	6150
5828	6151
2149	6152
3013	6153
7288	6154
1020	6155
4605	6156
6115	6157
2689	6158
2312	6159
3148	6160
6814	6161
8060	6162
8693	6163
8185	6164
9680	6165
5039	6166
6365	6167
395	6168
3066	6169
8092	6170
3999	6171
6215	6172
5576	6173
8019	6174
2889	6175
6243	6176
8208	6177
2521	6178
3618	6179
9259	6180
4500	6181
2645	6182
8128	6183
3640	6184
6691	6185
5551	6186
5743	6187
4311	6188
5875	6189
5200	6190
4824	6191
4492	6192
9304	6193
1735	6194
1922	6195
5170	6196
3377	6197
6437	6198
335	6199
3724	6200
6685	6201
3236	6202
7180	6203
8951	6204
2500	6205
8793	6206
1458	6207
6707	6208
7215	6209
3857	6210
5588	6211
409	6212
7630	6213
9327	6214
4063	6215
9781	6216
9162	6217
8622	6218
7048	6219
4293	6220
2019	6221
9741	6222
4092	6223
9059	6224
8440	6225
2374	6226
9465	6227
6333	6228
6081	6229
7338	6230
308	6231
357	6232
2324	6233
465	6234
1259	6235
4562	6236
1631	6237
3421	6238
4195	6239
2043	6240
6541	6241
9683	6242
8870	6243
3442	6244
336	6245
7598	6246
3208	6247
1252	6248
5494	6249
6289	6250
6496	6251
4078	6252
5038	6253
3810	6254
1715	6255
4945	6256
2442	6257
4786	6258
6105	6259
977	6260
1682	6261
5533	6262
7154	6263
7748	6264
9489	6265
6893	6266
6593	6267
4813	6268
3589	6269
3843	6270
5876	6271
5647	6272
9601	6273
1897	6274
3723	6275
3550	6276
4507	6277
7669	6278
4889	6279
9388	6280
5492	6281
7163	6282
4389	6283
5676	6284
9843	6285
7950	6286
189	6287
3547	6288
8443	6289
5452	6290
6874	6291
5293	6292
8361	6293
515	6294
1723	6295
7391	6296
9185	6297
4463	6298
6380	6299
4003	6300
8776	6301
9007	6302
4666	6303
4271	6304
7069	6305
6068	6306
7540	6307
5733	6308
16	6309
3899	6310
3014	6311
1036	6312
2789	6313
3487	6314
3212	6315
9527	6316
4619	6317
7146	6318
3784	6319
4171	6320
1305	6321
798	6322
8986	6323
5024	6324
8757	6325
7016	6326
4738	6327
1907	6328
3822	6329
9519	6330
6377	6331
6911	6332
3819	6333
5982	6334
1522	6335
4578	6336
8877	6337
77	6338
6139	6339
6331	6340
5767	6341
9045	6342
7030	6343
5374	6344
6482	6345
218	6346
123	6347
4085	6348
1414	6349
2992	6350
5424	6351
2759	6352
4216	6353
3955	6354
4064	6355
6134	6356
7049	6357
3775	6358
9545	6359
9161	6360
4652	6361
6949	6362
8816	6363
9531	6364
2395	6365
603	6366
4345	6367
5185	6368
8655	6369
177	6370
8821	6371
1198	6372
5365	6373
9163	6374
2068	6375
128	6376
6213	6377
8743	6378
2600	6379
5637	6380
9617	6381
2057	6382
785	6383
8670	6384
7675	6385
8254	6386
8383	6387
4755	6388
9150	6389
9732	6390
4891	6391
4000	6392
7047	6393
3740	6394
2047	6395
2493	6396
2288	6397
9423	6398
3458	6399
9454	6400
7891	6401
5746	6402
5100	6403
8666	6404
3176	6405
2427	6406
1055	6407
9515	6408
8214	6409
7211	6410
2709	6411
8922	6412
3138	6413
1168	6414
6410	6415
4877	6416
9248	6417
8089	6418
1494	6419
8377	6420
5768	6421
4352	6422
8971	6423
5931	6424
4142	6425
9281	6426
3480	6427
6096	6428
927	6429
2234	6430
2449	6431
8770	6432
2902	6433
3502	6434
3856	6435
3885	6436
4627	6437
7054	6438
171	6439
4632	6440
5114	6441
971	6442
1774	6443
3452	6444
9607	6445
8403	6446
6282	6447
8405	6448
5497	6449
5790	6450
7671	6451
2078	6452
5983	6453
3721	6454
7273	6455
1447	6456
3286	6457
1285	6458
7226	6459
2724	6460
7412	6461
1255	6462
9744	6463
8993	6464
6262	6465
1938	6466
7865	6467
4625	6468
4770	6469
5140	6470
8429	6471
7667	6472
7487	6473
3736	6474
1389	6475
3767	6476
5034	6477
7090	6478
9663	6479
2770	6480
2287	6481
1912	6482
6697	6483
7221	6484
5346	6485
5685	6486
1951	6487
2064	6488
2683	6489
7864	6490
7198	6491
3371	6492
1766	6493
8571	6494
9223	6495
223	6496
1345	6497
3361	6498
237	6499
3770	6500
2249	6501
1817	6502
3474	6503
4494	6504
667	6505
4254	6506
6565	6507
9572	6508
3121	6509
7089	6510
5525	6511
5057	6512
7638	6513
8075	6514
4256	6515
2421	6516
2285	6517
9270	6518
6468	6519
2440	6520
4458	6521
1737	6522
8057	6523
6367	6524
2550	6525
2390	6526
6608	6527
9693	6528
7683	6529
1078	6530
2903	6531
2432	6532
7984	6533
8431	6534
9765	6535
7594	6536
732	6537
6978	6538
355	6539
8647	6540
5195	6541
7032	6542
4228	6543
5761	6544
7040	6545
7051	6546
4865	6547
2294	6548
2887	6549
7363	6550
8784	6551
6977	6552
9703	6553
5192	6554
2297	6555
9160	6556
7880	6557
8796	6558
5723	6559
9474	6560
2733	6561
3650	6562
9009	6563
4583	6564
9450	6565
6297	6566
9053	6567
4904	6568
2874	6569
6329	6570
8536	6571
3306	6572
8252	6573
1118	6574
2591	6575
2797	6576
5259	6577
1047	6578
2660	6579
3672	6580
417	6581
2706	6582
4774	6583
1781	6584
7087	6585
2851	6586
7124	6587
3411	6588
5191	6589
122	6590
6672	6591
4668	6592
1777	6593
7489	6594
2300	6595
4112	6596
7635	6597
6478	6598
7223	6599
8664	6600
4821	6601
4423	6602
9422	6603
5437	6604
5041	6605
3626	6606
4405	6607
8711	6608
7505	6609
8596	6610
7868	6611
5229	6612
485	6613
2345	6614
4124	6615
9175	6616
3675	6617
2441	6618
700	6619
8482	6620
2925	6621
4199	6622
4706	6623
7802	6624
8892	6625
2250	6626
8378	6627
6554	6628
1134	6629
4372	6630
4843	6631
9146	6632
6106	6633
6398	6634
9661	6635
5416	6636
5826	6637
1693	6638
2283	6639
4917	6640
44	6641
2624	6642
2162	6643
7979	6644
7560	6645
8594	6646
2265	6647
321	6648
6259	6649
3808	6650
738	6651
7960	6652
5169	6653
1214	6654
5217	6655
4927	6656
176	6657
7205	6658
4638	6659
147	6660
9026	6661
8146	6662
2841	6663
1004	6664
8331	6665
2503	6666
6534	6667
7458	6668
2133	6669
3959	6670
8003	6671
5840	6672
2728	6673
9446	6674
6711	6675
5084	6676
8851	6677
9786	6678
4340	6679
1444	6680
133	6681
2322	6682
2396	6683
1365	6684
8336	6685
5206	6686
1958	6687
1239	6688
1079	6689
8193	6690
4586	6691
4393	6692
1743	6693
7835	6694
7677	6695
6029	6696
9309	6697
2839	6698
6699	6699
9344	6700
5111	6701
1607	6702
3947	6703
5138	6704
2822	6705
7905	6706
5932	6707
3102	6708
2222	6709
7646	6710
9579	6711
5548	6712
4146	6713
6798	6714
2172	6715
9187	6716
569	6717
4333	6718
4407	6719
2063	6720
4233	6721
7064	6722
4400	6723
3210	6724
2187	6725
7997	6726
4754	6727
5171	6728
4190	6729
6348	6730
7716	6731
2106	6732
9204	6733
595	6734
8312	6735
2037	6736
2877	6737
3570	6738
1085	6739
2394	6740
3602	6741
4658	6742
6825	6743
4603	6744
8517	6745
1644	6746
4778	6747
9640	6748
8631	6749
1623	6750
9114	6751
3707	6752
5976	6753
2371	6754
8291	6755
4642	6756
2737	6757
392	6758
2538	6759
9067	6760
98	6761
2131	6762
906	6763
8584	6764
8676	6765
4203	6766
713	6767
66	6768
8459	6769
6253	6770
3354	6771
5583	6772
11	6773
187	6774
4143	6775
1702	6776
136	6777
9373	6778
477	6779
5093	6780
3716	6781
4688	6782
4618	6783
8370	6784
3668	6785
2923	6786
8145	6787
3840	6788
4116	6789
6631	6790
3609	6791
3546	6792
8204	6793
5324	6794
6723	6795
6013	6796
4760	6797
4150	6798
730	6799
488	6800
6547	6801
2610	6802
5269	6803
2513	6804
9711	6805
4956	6806
7258	6807
3584	6808
6323	6809
1009	6810
6402	6811
2062	6812
9266	6813
2326	6814
6725	6815
4922	6816
6161	6817
2942	6818
3283	6819
1034	6820
6374	6821
2813	6822
806	6823
8027	6824
8278	6825
4268	6826
6540	6827
9307	6828
7059	6829
2051	6830
122	6831
6635	6832
5045	6833
9369	6834
4002	6835
4678	6836
3623	6837
9825	6838
400	6839
3392	6840
9299	6841
1818	6842
8976	6843
9118	6844
8498	6845
6720	6846
7496	6847
8470	6848
4597	6849
408	6850
5314	6851
1762	6852
7046	6853
9844	6854
1099	6855
7624	6856
6833	6857
5702	6858
4042	6859
6205	6860
1986	6861
8858	6862
7626	6863
3222	6864
7206	6865
8706	6866
9285	6867
4590	6868
8888	6869
7050	6870
2473	6871
4861	6872
4449	6873
5991	6874
8714	6875
9805	6876
9553	6877
4563	6878
8374	6879
5440	6880
570	6881
9616	6882
970	6883
9197	6884
2814	6885
6931	6886
6899	6887
8038	6888
9068	6889
1973	6890
4361	6891
5323	6892
598	6893
2963	6894
7592	6895
5036	6896
753	6897
8737	6898
5418	6899
1997	6900
9493	6901
2292	6902
9784	6903
2830	6904
6218	6905
7036	6906
135	6907
7763	6908
3091	6909
3684	6910
67	6911
5836	6912
192	6913
4703	6914
3126	6915
4207	6916
5651	6917
13	6918
3284	6919
6179	6920
360	6921
8659	6922
1394	6923
9727	6924
9206	6925
7590	6926
7528	6927
6245	6928
4321	6929
6966	6930
5812	6931
3180	6932
3470	6933
9145	6934
2569	6935
8365	6936
3231	6937
8376	6938
1332	6939
6657	6940
5791	6941
9613	6942
7066	6943
582	6944
884	6945
8698	6946
757	6947
7966	6948
4525	6949
7278	6950
7733	6951
754	6952
6453	6953
1330	6954
5671	6955
2620	6956
3227	6957
1507	6958
4019	6959
4476	6960
6926	6961
2633	6962
290	6963
4192	6964
8045	6965
3391	6966
7921	6967
4857	6968
4071	6969
2573	6970
2264	6971
1557	6972
1170	6973
326	6974
2570	6975
2766	6976
4255	6977
2562	6978
52	6979
8867	6980
9565	6981
375	6982
6676	6983
1804	6984
5013	6985
4633	6986
3628	6987
5645	6988
8679	6989
5948	6990
4852	6991
7264	6992
8568	6993
483	6994
5750	6995
7659	6996
4716	6997
7306	6998
8968	6999
6388	7000
6528	7001
8105	7002
8039	7003
3543	7004
7403	7005
9797	7006
3336	7007
2066	7008
5368	7009
2715	7010
6431	7011
4335	7012
257	7013
2004	7014
5172	7015
755	7016
2058	7017
186	7018
5113	7019
5903	7020
2342	7021
3365	7022
1553	7023
6609	7024
7449	7025
720	7026
7302	7027
4339	7028
5136	7029
609	7030
719	7031
4787	7032
4926	7033
2699	7034
3003	7035
2443	7036
7513	7037
4551	7038
1098	7039
8731	7040
4873	7041
2564	7042
979	7043
679	7044
8150	7045
6954	7046
8347	7047
1528	7048
2453	7049
8236	7050
914	7051
1742	7052
406	7053
5450	7054
166	7055
5339	7056
4222	7057
917	7058
4823	7059
3074	7060
2006	7061
1417	7062
4104	7063
5510	7064
6572	7065
1386	7066
2260	7067
4418	7068
1260	7069
922	7070
2719	7071
2686	7072
185	7073
2916	7074
3093	7075
899	7076
801	7077
7737	7078
181	7079
3732	7080
5234	7081
2837	7082
4378	7083
8371	7084
6636	7085
5122	7086
8950	7087
4297	7088
9668	7089
5908	7090
3693	7091
5173	7092
8398	7093
4004	7094
7266	7095
7144	7096
4265	7097
8288	7098
3234	7099
6754	7100
6803	7101
6042	7102
4644	7103
8710	7104
6145	7105
274	7106
4438	7107
6872	7108
766	7109
8900	7110
4346	7111
2	7112
4489	7113
9386	7114
6731	7115
1230	7116
427	7117
6257	7118
4491	7119
6980	7120
6089	7121
2599	7122
5256	7123
7318	7124
2416	7125
1427	7126
6753	7127
156	7128
1100	7129
3408	7130
9642	7131
2034	7132
8297	7133
2104	7134
8857	7135
3932	7136
1162	7137
2602	7138
5087	7139
4871	7140
6084	7141
5298	7142
2590	7143
4673	7144
7269	7145
2299	7146
2514	7147
8572	7148
381	7149
8973	7150
132	7151
6742	7152
5202	7153
2151	7154
2352	7155
1167	7156
2244	7157
5884	7158
711	7159
9061	7160
8420	7161
1728	7162
6149	7163
5642	7164
9231	7165
5904	7166
4434	7167
1186	7168
448	7169
4900	7170
4815	7171
8703	7172
3828	7173
6774	7174
9024	7175
1779	7176
6114	7177
8975	7178
5016	7179
8493	7180
5223	7181
8047	7182
7277	7183
5037	7184
2913	7185
7575	7186
1661	7187
9624	7188
5985	7189
2858	7190
35	7191
4237	7192
7862	7193
3146	7194
2343	7195
75	7196
2748	7197
6144	7198
6982	7199
5425	7200
3786	7201
2919	7202
5589	7203
7196	7204
4186	7205
956	7206
4710	7207
8006	7208
1160	7209
4289	7210
4068	7211
6610	7212
928	7213
277	7214
7956	7215
2541	7216
3214	7217
7673	7218
8948	7219
9445	7220
9265	7221
5270	7222
8863	7223
9350	7224
367	7225
3359	7226
4331	7227
5448	7228
9170	7229
2140	7230
1401	7231
7093	7232
3495	7233
7307	7234
3261	7235
7771	7236
2708	7237
7915	7238
125	7239
1769	7240
5211	7241
1589	7242
8800	7243
7282	7244
2732	7245
151	7246
5387	7247
1981	7248
2848	7249
4217	7250
9539	7251
4977	7252
6334	7253
2575	7254
4160	7255
1306	7256
9037	7257
9739	7258
7365	7259
9137	7260
4384	7261
2749	7262
430	7263
4167	7264
954	7265
6734	7266
3398	7267
41	7268
70	7269
3838	7270
4969	7271
5536	7272
12	7273
689	7274
3940	7275
4219	7276
3243	7277
6361	7278
2115	7279
675	7280
323	7281
20	7282
9398	7283
4402	7284
716	7285
5350	7286
9195	7287
6445	7288
7989	7289
7317	7290
6266	7291
8190	7292
7035	7293
5308	7294
1087	7295
3901	7296
1609	7297
2680	7298
3641	7299
8792	7300
2038	7301
5397	7302
6307	7303
3760	7304
5338	7305
3165	7306
2666	7307
6629	7308
3639	7309
8941	7310
5980	7311
1868	7312
718	7313
6420	7314
2956	7315
869	7316
9670	7317
1895	7318
2589	7319
7943	7320
2780	7321
2111	7322
7697	7323
1486	7324
2403	7325
684	7326
5201	7327
6582	7328
8295	7329
7711	7330
3730	7331
5423	7332
8458	7333
5800	7334
6905	7335
8914	7336
8848	7337
2472	7338
7854	7339
7558	7340
7823	7341
7738	7342
5115	7343
332	7344
7140	7345
5959	7346
43	7347
1534	7348
4964	7349
4021	7350
4242	7351
1446	7352
1783	7353
6558	7354
1279	7355
9014	7356
6607	7357
9360	7358
317	7359
3362	7360
9790	7361
7034	7362
8579	7363
5757	7364
3054	7365
1349	7366
3264	7367
9705	7368
1379	7369
4498	7370
9723	7371
1062	7372
7408	7373
6463	7374
8230	7375
21	7376
2788	7377
4220	7378
1452	7379
4189	7380
4474	7381
9273	7382
5212	7383
763	7384
1773	7385
5897	7386
5848	7387
5124	7388
6901	7389
3575	7390
7759	7391
8473	7392
1287	7393
9283	7394
1021	7395
8535	7396
1942	7397
3263	7398
9091	7399
8940	7400
3669	7401
9714	7402
7849	7403
4533	7404
8113	7405
1227	7406
5996	7407
3355	7408
5539	7409
7088	7410
7679	7411
7200	7412
580	7413
3578	7414
8644	7415
7554	7416
7348	7417
4950	7418
2895	7419
5698	7420
9524	7421
3852	7422
7341	7423
3062	7424
2208	7425
6238	7426
4381	7427
1899	7428
9417	7429
6242	7430
2815	7431
9625	7432
5955	7433
8534	7434
4250	7435
7625	7436
4883	7437
7629	7438
7873	7439
722	7440
6086	7441
6625	7442
950	7443
9115	7444
521	7445
9278	7446
7881	7447
3294	7448
4430	7449
5501	7450
3617	7451
3679	7452
4012	7453
5411	7454
9747	7455
6922	7456
9015	7457
7342	7458
5683	7459
5992	7460
7804	7461
3001	7462
6349	7463
53	7464
366	7465
7866	7466
7785	7467
1229	7468
251	7469
527	7470
8673	7471
2413	7472
4637	7473
4878	7474
2704	7475
5725	7476
4140	7477
3472	7478
7971	7479
1575	7480
1109	7481
5243	7482
5264	7483
6150	7484
1595	7485
721	7486
3889	7487
3187	7488
1906	7489
3266	7490
8643	7491
5668	7492
7002	7493
8606	7494
4487	7495
4175	7496
9734	7497
4674	7498
8196	7499
6787	7500
9250	7501
2800	7502
6079	7503
946	7504
890	7505
1106	7506
4664	7507
9343	7508
5509	7509
9000	7510
6732	7511
2572	7512
4013	7513
3743	7514
1368	7515
107	7516
3644	7517
1320	7518
1038	7519
4425	7520
2460	7521
9107	7522
783	7523
4325	7524
3322	7525
6857	7526
7817	7527
1901	7528
4165	7529
3649	7530
3127	7531
6722	7532
3451	7533
9120	7534
3619	7535
62	7536
5395	7537
2911	7538
1879	7539
4411	7540
8044	7541
2039	7542
5587	7543
2760	7544
1348	7545
8072	7546
214	7547
9104	7548
9306	7549
25	7550
4539	7551
3020	7552
7024	7553
2526	7554
5856	7555
7393	7556
1212	7557
4906	7558
9718	7559
1159	7560
5444	7561
8147	7562
1722	7563
4428	7564
724	7565
892	7566
2201	7567
4213	7568
4375	7569
2218	7570
6764	7571
1921	7572
4299	7573
2615	7574
9098	7575
6997	7576
9	7577
7838	7578
1266	7579
3562	7580
2912	7581
2054	7582
4596	7583
4555	7584
6372	7585
2791	7586
3804	7587
5472	7588
3992	7589
3878	7590
1232	7591
3592	7592
631	7593
2143	7594
835	7595
5153	7596
9209	7597
1390	7598
8328	7599
4975	7600
8755	7601
4537	7602
4534	7603
4699	7604
2529	7605
5344	7606
5818	7607
8173	7608
9849	7609
9381	7610
6471	7611
6835	7612
2880	7613
2239	7614
6957	7615
5300	7616
916	7617
9646	7618
7521	7619
5026	7620
2988	7621
9712	7622
2365	7623
8144	7624
225	7625
2571	7626
2148	7627
2191	7628
8392	7629
6701	7630
7414	7631
8272	7632
3350	7633
2824	7634
1051	7635
9813	7636
4990	7637
4932	7638
6816	7639
6464	7640
3704	7641
8234	7642
5738	7643
4788	7644
6993	7645
6008	7646
6362	7647
6283	7648
8238	7649
3907	7650
5287	7651
6162	7652
4432	7653
103	7654
1931	7655
6300	7656
1150	7657
8125	7658
7065	7659
3475	7660
7448	7661
1929	7662
8937	7663
2041	7664
3223	7665
3029	7666
9671	7667
4130	7668
9796	7669
7534	7670
1684	7671
7373	7672
7395	7673
7229	7674
2076	7675
3809	7676
5451	7677
6735	7678
3174	7679
7061	7680
2818	7681
1183	7682
1107	7683
3892	7684
5164	7685
695	7686
5837	7687
8688	7688
2652	7689
2166	7690
8876	7691
5632	7692
6653	7693
135	7694
2863	7695
6614	7696
1608	7697
6851	7698
3705	7699
3159	7700
1754	7701
7764	7702
1822	7703
2954	7704
8949	7705
4880	7706
8390	7707
1136	7708
8896	7709
7442	7710
6339	7711
2672	7712
2409	7713
10	7714
1383	7715
8001	7716
5690	7717
5439	7718
1923	7719
2157	7720
6336	7721
5018	7722
2454	7723
236	7724
3915	7725
8833	7726
8437	7727
3944	7728
2325	7729
75	7730
7561	7731
563	7732
1010	7733
1135	7734
6098	7735
8685	7736
2674	7737
530	7738
5384	7739
6197	7740
3	7741
2576	7742
9334	7743
2994	7744
8898	7745
6054	7746
405	7747
8448	7748
4028	7749
4310	7750
457	7751
1489	7752
9272	7753
1019	7754
55	7755
1315	7756
480	7757
9501	7758
5552	7759
8412	7760
8301	7761
1478	7762
7518	7763
8287	7764
9571	7765
8614	7766
191	7767
9376	7768
8502	7769
9654	7770
116	7771
3527	7772
2320	7773
4717	7774
3633	7775
3766	7776
1325	7777
6596	7778
5098	7779
5030	7780
4235	7781
6194	7782
3400	7783
2606	7784
6317	7785
2811	7786
7475	7787
5180	7788
2226	7789
9401	7790
872	7791
742	7792
7454	7793
8419	7794
9229	7795
5125	7796
7542	7797
745	7798
1780	7799
8212	7800
7601	7801
6019	7802
5064	7803
8030	7804
4505	7805
4182	7806
3909	7807
8547	7808
8117	7809
7525	7810
6258	7811
8475	7812
5877	7813
1333	7814
162	7815
8332	7816
2693	7817
4056	7818
29	7819
8139	7820
1290	7821
1393	7822
6456	7823
2107	7824
7682	7825
3314	7826
1065	7827
8658	7828
7828	7829
6385	7830
9331	7831
7555	7832
4651	7833
6322	7834
6536	7835
5543	7836
1406	7837
963	7838
9042	7839
5254	7840
5554	7841
9818	7842
7419	7843
8785	7844
8016	7845
376	7846
163	7847
1717	7848
57	7849
4693	7850
9311	7851
3381	7852
4155	7853
8454	7854
6994	7855
2270	7856
5334	7857
4484	7858
15	7859
8070	7860
6217	7861
5182	7862
9758	7863
8839	7864
8492	7865
7551	7866
2303	7867
1113	7868
7883	7869
536	7870
7550	7871
3168	7872
1369	7873
6917	7874
5887	7875
5735	7876
7871	7877
6758	7878
2158	7879
5345	7880
4799	7881
6090	7882
6209	7883
1959	7884
8838	7885
125	7886
4532	7887
2029	7888
6053	7889
2085	7890
2419	7891
7578	7892
121	7893
9333	7894
4473	7895
394	7896
952	7897
9458	7898
1816	7899
8985	7900
2050	7901
9534	7902
7148	7903
5717	7904
2796	7905
3717	7906
7208	7907
4460	7908
1344	7909
269	7910
1092	7911
5475	7912
5863	7913
1174	7914
2469	7915
9372	7916
204	7917
3200	7918
2856	7919
6956	7920
2263	7921
750	7922
6093	7923
3224	7924
3859	7925
5882	7926
461	7927
1048	7928
8661	7929
2512	7930
4399	7931
1130	7932
4587	7933
7178	7934
8078	7935
3869	7936
4	7937
100	7938
6937	7939
593	7940
7993	7941
8273	7942
8515	7943
5555	7944
3612	7945
9586	7946
4529	7947
7400	7948
1088	7949
3911	7950
1615	7951
3995	7952
1400	7953
9078	7954
4373	7955
8138	7956
2965	7957
6586	7958
9435	7959
1799	7960
1300	7961
9352	7962
8871	7963
1254	7964
6745	7965
9172	7966
5233	7967
5710	7968
1678	7969
7386	7970
1264	7971
3129	7972
7294	7973
3531	7974
9152	7975
8487	7976
1909	7977
6743	7978
5133	7979
4775	7980
81	7981
6412	7982
2152	7983
5943	7984
7199	7985
4166	7986
4691	7987
5744	7988
1860	7989
3281	7990
6363	7991
4011	7992
827	7993
7202	7994
9447	7995
659	7996
780	7997
8727	7998
6360	7999
7714	8000
6561	8001
5874	8002
1256	8003
1244	8004
288	8005
4077	8006
1547	8007
7507	8008
97	8009
7249	8010
1983	8011
6395	8012
9239	8013
1413	8014
439	8015
629	8016
8804	8017
1749	8018
7842	8019
2669	8020
1757	8021
3378	8022
1149	8023
3395	8024
4588	8025
8837	8026
1639	8027
8604	8028
7670	8029
4724	8030
6599	8031
3141	8032
2254	8033
3193	8034
3403	8035
8823	8036
4544	8037
1915	8038
8969	8039
1463	8040
8305	8041
3818	8042
2426	8043
5166	8044
6633	8045
9766	8046
2177	8047
5626	8048
1144	8049
1272	8050
9257	8051
6461	8052
703	8053
7685	8054
6158	8055
5267	8056
4164	8057
9795	8058
4661	8059
833	8060
258	8061
422	8062
7768	8063
6488	8064
7953	8065
3189	8066
1275	8067
4882	8068
3330	8069
9648	8070
5046	8071
4337	8072
7251	8073
5892	8074
1343	8075
1767	8076
3971	8077
5634	8078
3055	8079
1319	8080
9573	8081
3928	8082
6293	8083
2385	8084
7955	8085
446	8086
9082	8087
9212	8088
2026	8089
2463	8090
13	8091
4773	8092
81	8093
978	8094
3	8095
3464	8096
9716	8097
9434	8098
7795	8099
3948	8100
8686	8101
5500	8102
8894	8103
3235	8104
5999	8105
3131	8106
3218	8107
9235	8108
5546	8109
4452	8110
7930	8111
984	8112
2246	8113
1058	8114
1138	8115
3652	8116
1223	8117
6232	8118
8346	8119
5055	8120
7806	8121
1233	8122
1471	8123
8116	8124
9724	8125
9439	8126
3905	8127
301	8128
2108	8129
7666	8130
4396	8131
3778	8132
6309	8133
8478	8134
4248	8135
6386	8136
1999	8137
6274	8138
9708	8139
4205	8140
438	8141
7320	8142
3863	8143
5089	8144
9811	8145
7972	8146
5789	8147
1549	8148
8151	8149
6765	8150
4762	8151
3925	8152
6563	8153
3727	8154
3846	8155
89	8156
4072	8157
8464	8158
4856	8159
71	8160
3047	8161
7060	8162
3605	8163
1476	8164
5266	8165
3961	8166
3440	8167
6039	8168
2750	8169
5004	8170
3698	8171
1935	8172
4030	8173
6592	8174
6199	8175
5586	8176
2817	8177
883	8178
8034	8179
3448	8180
3276	8181
7623	8182
6223	8183
4729	8184
1370	8185
2272	8186
1103	8187
5189	8188
5400	8189
7042	8190
2990	8191
3194	8192
717	8193
7149	8194
4061	8195
7413	8196
1111	8197
2381	8198
4731	8199
6677	8200
9391	8201
1775	8202
5584	8203
2795	8204
4134	8205
397	8206
6664	8207
7607	8208
9214	8209
5443	8210
1182	8211
3467	8212
3346	8213
3831	8214
967	8215
3277	8216
9821	8217
857	8218
7885	8219
9174	8220
2771	8221
734	8222
6900	8223
6280	8224
3900	8225
5819	8226
8103	8227
9494	8228
6842	8229
5907	8230
4200	8231
9093	8232
1620	8233
8338	8234
2982	8235
3348	8236
8494	8237
9196	8238
4946	8239
2946	8240
7777	8241
8290	8242
2842	8243
3791	8244
1258	8245
5825	8246
2804	8247
5047	8248
1161	8249
468	8250
8209	8251
8519	8252
9819	8253
7366	8254
7544	8255
8979	8256
9153	8257
7053	8258
3632	8259
2890	8260
9158	8261
5278	8262
8417	8263
5611	8264
7062	8265
597	8266
5530	8267
5232	8268
4936	8269
1635	8270
9194	8271
8724	8272
8778	8273
9827	8274
3957	8275
36	8276
6584	8277
9686	8278
3341	8279
5214	8280
7749	8281
7382	8282
5590	8283
5304	8284
6185	8285
4567	8286
7240	8287
3374	8288
1322	8289
4122	8290
4995	8291
996	8292
3526	8293
6024	8294
2898	8295
849	8296
2648	8297
3821	8298
3295	8299
137	8300
6037	8301
8373	8302
6415	8303
1404	8304
2415	8305
3166	8306
630	8307
492	8308
5978	8309
748	8310
5249	8311
7553	8312
6226	8313
242	8314
2430	8315
6221	8316
881	8317
2383	8318
9135	8319
6193	8320
7830	8321
1738	8322
6186	8323
8023	8324
3503	8325
853	8326
3143	8327
1792	8328
2061	8329
7493	8330
2622	8331
2252	8332
1864	8333
1691	8334
9154	8335
4412	8336
412	8337
5557	8338
4777	8339
9109	8340
1388	8341
5772	8342
6328	8343
7760	8344
1054	8345
1249	8346
2455	8347
3488	8348
2542	8349
5177	8350
4300	8351
7576	8352
7416	8353
6141	8354
2354	8355
9735	8356
3459	8357
3342	8358
289	8359
241	8360
900	8361
4758	8362
8404	8363
240	8364
9842	8365
3882	8366
8812	8367
8815	8368
1960	8369
3041	8370
6364	8371
1301	8372
3056	8373
4997	8374
5194	8375
943	8376
48	8377
1205	8378
8012	8379
3731	8380
8946	8381
6347	8382
5843	8383
247	8384
9751	8385
3405	8386
4054	8387
4903	8388
2685	8389
2677	8390
1833	8391
6428	8392
3219	8393
5564	8394
1018	8395
3688	8396
7455	8397
7179	8398
8020	8399
1665	8400
118	8401
9491	8402
5063	8403
8542	8404
5123	8405
5218	8406
5809	8407
1591	8408
5377	8409
2829	8410
5235	8411
94	8412
5713	8413
9815	8414
7332	8415
7995	8416
6856	8417
840	8418
5924	8419
7372	8420
6741	8421
5359	8422
3316	8423
2567	8424
4319	8425
7918	8426
5794	8427
2713	8428
3059	8429
9486	8430
1011	8431
7176	8432
8926	8433
3024	8434
106	8435
1506	8436
5732	8437
7010	8438
8354	8439
6772	8440
5394	8441
2033	8442
3064	8443
5486	8444
5091	8445
817	8446
3604	8447
4859	8448
1503	8449
936	8450
3057	8451
2489	8452
9198	8453
8334	8454
7127	8455
331	8456
98	8457
451	8458
2604	8459
6457	8460
3695	8461
6940	8462
1558	8463
3042	8464
7151	8465
8227	8466
4273	8467
1269	8468
5523	8469
9282	8470
3331	8471
1588	8472
3376	8473
7103	8474
910	8475
2966	8476
74	8477
7610	8478
9787	8479
3504	8480
2712	8481
5829	8482
5241	8483
507	8484
6477	8485
6160	8486
5455	8487
3941	8488
1468	8489
8013	8490
9264	8491
1312	8492
2593	8493
2644	8494
705	8495
9308	8496
8018	8497
9587	8498
4971	8499
7770	8500
4086	8501
3573	8502
4695	8503
5322	8504
7483	8505
2310	8506
7167	8507
6748	8508
3708	8509
90	8510
6227	8511
7084	8512
6862	8513
34	8514
9833	8515
4023	8516
1989	8517
8598	8518
911	8519
322	8520
9370	8521
9761	8522
2410	8523
7919	8524
1740	8525
1007	8526
1037	8527
92	8528
5310	8529
7356	8530
1089	8531
5109	8532
3021	8533
5070	8534
1810	8535
4226	8536
2983	8537
9156	8538
4528	8539
4980	8540
4283	8541
212	8542
2121	8543
8613	8544
2402	8545
7615	8546
1430	8547
1706	8548
1978	8549
6146	8550
380	8551
1556	8552
7494	8553
1121	8554
4963	8555
3429	8556
5879	8557
665	8558
2456	8559
1366	8560
821	8561
3798	8562
6212	8563
1841	8564
3085	8565
6934	8566
1069	8567
1975	8568
8683	8569
173	8570
2807	8571
7765	8572
3301	8573
6342	8574
3929	8575
9258	8576
7156	8577
8592	8578
9389	8579
8524	8580
6533	8581
4734	8582
1225	8583
8028	8584
9576	8585
867	8586
7232	8587
8746	8588
2768	8589
8566	8590
2784	8591
7856	8592
6628	8593
7203	8594
9228	8595
226	8596
4584	8597
1246	8598
2330	8599
1309	8600
2601	8601
2082	8602
5741	8603
1851	8604
2720	8605
7597	8606
8788	8607
642	8608
4756	8609
7621	8610
3423	8611
1026	8612
9060	8613
9600	8614
3097	8615
8260	8616
7649	8617
9117	8618
9394	8619
85	8620
2097	8621
1659	8622
5257	8623
1798	8624
3077	8625
2969	8626
5609	8627
1508	8628
1982	8629
9691	8630
436	8631
2846	8632
4253	8633
1815	8634
133	8635
691	8636
8632	8637
1412	8638
7690	8639
9169	8640
8626	8641
8169	8642
7651	8643
976	8644
6092	8645
541	8646
148	8647
9770	8648
6119	8649
4127	8650
518	8651
6595	8652
3491	8653
3476	8654
7045	8655
8486	8656
2314	8657
8745	8658
6938	8659
7746	8660
7987	8661
4766	8662
9831	8663
1802	8664
2518	8665
2098	8666
1086	8667
5031	8668
2701	8669
14	8670
1758	8671
5573	8672
2614	8673
8156	8674
4288	8675
4510	8676
6025	8677
4422	8678
1806	8679
2482	8680
3943	8681
4934	8682
6799	8683
6220	8684
2214	8685
8122	8686
7892	8687
3240	8688
1772	8689
9713	8690
7789	8691
7112	8692
7709	8693
1884	8694
4612	8695
1756	8696
1116	8697
2242	8698
51	8699
6924	8700
4571	8701
4905	8702
8697	8703
8222	8704
5667	8705
5605	8706
5739	8707
4514	8708
7798	8709
5079	8710
206	8711
2425	8712
4008	8713
5069	8714
4965	8715
554	8716
5419	8717
7546	8718
5187	8719
7807	8720
3489	8721
6916	8722
1604	8723
4780	8724
8335	8725
2401	8726
9484	8727
1023	8728
8309	8729
6515	8730
2616	8731
5680	8732
2327	8733
2986	8734
7491	8735
3171	8736
5673	8737
8799	8738
6791	8739
3542	8740
5161	8741
9326	8742
500	8743
1039	8744
1862	8745
9342	8746
7859	8747
781	8748
3949	8749
7224	8750
4679	8751
84	8752
9832	8753
8608	8754
5103	8755
8061	8756
8545	8757
1131	8758
6768	8759
3086	8760
6796	8761
1778	8762
2087	8763
7797	8764
4050	8765
9662	8766
8281	8767
1405	8768
5867	8769
4151	8770
8195	8771
2838	8772
84	8773
387	8774
2036	8775
8612	8776
6448	8777
3820	8778
65	8779
9462	8780
8680	8781
3873	8782
951	8783
3078	8784
4442	8785
3304	8786
4833	8787
6875	8788
4955	8789
5858	8790
7926	8791
6446	8792
6927	8793
5946	8794
7596	8795
8777	8796
636	8797
2119	8798
6892	8799
2025	8800
7137	8801
108	8802
2127	8803
7887	8804
5409	8805
6736	8806
1838	8807
58	8808
1612	8809
4158	8810
6654	8811
4742	8812
1724	8813
10	8814
1513	8815
2955	8816
2178	8817
1948	8818
372	8819
2979	8820
6304	8821
4421	8822
4552	8823
519	8824
7931	8825
3248	8826
3089	8827
6511	8828
3123	8829
7204	8830
9557	8831
3249	8832
5889	8833
6616	8834
9263	8835
9455	8836
2346	8837
640	8838
4550	8839
5691	8840
6887	8841
7653	8842
6681	8843
8533	8844
7158	8845
9396	8846
8818	8847
2717	8848
8701	8849
5149	8850
2894	8851
5669	8852
9554	8853
158	8854
423	8855
6589	8856
8356	8857
5670	8858
354	8859
5244	8860
7794	8861
5216	8862
1381	8863
2459	8864
803	8865
7878	8866
106	8867
3221	8868
6854	8869
9730	8870
5262	8871
3538	8872
2074	8873
1128	8874
5549	8875
4370	8876
6051	8877
1854	8878
5607	8879
8906	8880
6198	8881
1888	8882
6493	8883
6080	8884
7164	8885
7308	8886
3209	8887
6700	8888
4188	8889
1720	8890
7910	8891
8511	8892
1240	8893
9380	8894
2016	8895
8874	8896
3110	8897
520	8898
2290	8899
8915	8900
4148	8901
4646	8902
4626	8903
7820	8904
9143	8905
3247	8906
7622	8907
3010	8908
1511	8909
9736	8910
6695	8911
5652	8912
9623	8913
4096	8914
9035	8915
3980	8916
4720	8917
778	8918
5635	8919
7893	8920
458	8921
9836	8922
5503	8923
2088	8924
1964	8925
3018	8926
3254	8927
7327	8928
9320	8929
5949	8930
456	8931
8283	8932
3051	8933
7466	8934
3773	8935
1250	8936
7559	8937
4204	8938
7237	8939
5846	8940
2934	8941
9520	8942
5033	8943
9857	8944
542	8945
7706	8946
7015	8947
9029	8948
3574	8949
5404	8950
8942	8951
1891	8952
8084	8953
8096	8954
2828	8955
2435	8956
2831	8957
4187	8958
28	8959
5410	8960
8820	8961
5139	8962
6444	8963
6177	8964
6061	8965
7270	8966
7280	8967
2269	8968
4829	8969
9792	8970
6397	8971
2400	8972
8425	8973
5567	8974
174	8975
6063	8976
9764	8977
1216	8978
6132	8979
4630	8980
7347	8981
5238	8982
4909	8983
1384	8984
7945	8985
6344	8986
8835	8987
1029	8988
8409	8989
7954	8990
6246	8991
2642	8992
116	8993
8917	8994
9149	8995
9540	8996
9852	8997
2005	8998
3753	8999
7361	9000
8602	9001
6506	9002
1701	9003
6155	9004
7130	9005
6639	9006
8064	9007
3749	9008
6480	9009
5807	9010
3258	9011
9798	9012
6769	9013
608	9014
8076	9015
5832	9016
7502	9017
4040	9018
8456	9019
61	9020
6986	9021
932	9022
1855	9023
1880	9024
935	9025
6120	9026
8172	9027
1466	9028
2980	9029
709	9030
7595	9031
17	9032
4741	9033
8964	9034
733	9035
3918	9036
2405	9037
7168	9038
1664	9039
3997	9040
5333	9041
325	9042
8735	9043
8918	9044
3461	9045
3596	9046
4512	9047
7825	9048
8893	9049
5604	9050
1075	9051
5572	9052
9383	9053
1063	9054
175	9055
8363	9056
5957	9057
1046	9058
9315	9059
31	9060
2548	9061
9134	9062
9633	9063
9437	9064
3686	9065
7293	9066
3761	9067
69	9068
1926	9069
7001	9070
4227	9071
9733	9072
7645	9073
2999	9074
2163	9075
9138	9076
7530	9077
3833	9078
2996	9079
9188	9080
4401	9081
990	9082
4057	9083
6876	9084
8781	9085
962	9086
4761	9087
8466	9088
6305	9089
2248	9090
1587	9091
6669	9092
7437	9093
5464	9094
8879	9095
9348	9096
841	9097
7812	9098
601	9099
8315	9100
9650	9101
8102	9102
9800	9103
5382	9104
4940	9105
6651	9106
7758	9107
30	9108
1291	9109
8159	9110
9243	9111
7101	9112
6517	9113
1541	9114
8406	9115
3136	9116
8911	9117
343	9118
2805	9119
4686	9120
3510	9121
6005	9122
7426	9123
3253	9124
3754	9125
6615	9126
2901	9127
5401	9128
1834	9129
2905	9130
4457	9131
6180	9132
8014	9133
4554	9134
1721	9135
1600	9136
760	9137
1298	9138
4784	9139
2834	9140
7696	9141
8351	9142
5608	9143
3289	9144
9655	9145
4296	9146
1017	9147
4701	9148
3884	9149
2671	9150
6832	9151
4935	9152
3993	9153
6038	9154
4868	9155
9425	9156
1031	9157
1361	9158
4881	9159
740	9160
7602	9161
8415	9162
1210	9163
7244	9164
8168	9165
7721	9166
22	9167
1431	9168
5788	9169
791	9170
9566	9171
7300	9172
3896	9173
4350	9174
6206	9175
4468	9176
112	9177
114	9178
5928	9179
143	9180
5010	9181
6838	9182
5803	9183
5701	9184
2918	9185
3614	9186
2123	9187
2707	9188
723	9189
6698	9190
1523	9191
3170	9192
5354	9193
3529	9194
8500	9195
4016	9196
1842	9197
8421	9198
8802	9199
8422	9200
5895	9201
6944	9202
159	9203
1142	9204
7928	9205
6438	9206
7693	9207
5101	9208
4763	9209
3226	9210
8219	9211
5631	9212
5570	9213
5621	9214
5240	9215
2721	9216
256	9217
4928	9218
807	9219
816	9220
3914	9221
3302	9222
9087	9223
8318	9224
8983	9225
9106	9226
2008	9227
2190	9228
6178	9229
4842	9230
3520	9231
5654	9232
9251	9233
66	9234
4221	9235
7569	9236
9768	9237
6018	9238
8609	9239
9583	9240
4360	9241
6706	9242
1539	9243
6749	9244
725	9245
2785	9246
4660	9247
6313	9248
1520	9249
3522	9250
7729	9251
315	9252
1820	9253
9569	9254
933	9255
4191	9256
30	9257
9656	9258
5835	9259
2926	9260
1105	9261
5376	9262
1870	9263
8366	9264
4347	9265
8008	9266
7902	9267
3580	9268
4538	9269
9459	9270
52	9271
3390	9272
2727	9273
383	9274
2065	9275
7004	9276
3842	9277
339	9278
2278	9279
2810	9280
2304	9281
7352	9282
9234	9283
6320	9284
1176	9285
8380	9286
4981	9287
8563	9288
9079	9289
3340	9290
7781	9291
53	9292
1998	9293
3759	9294
1096	9295
8672	9296
4951	9297
2466	9298
8859	9299
2227	9300
2891	9301
4624	9302
3117	9303
5834	9304
4834	9305
7379	9306
7122	9307
2268	9308
8206	9309
7941	9310
7650	9311
7344	9312
7786	9313
5797	9314
4712	9315
8253	9316
5435	9317
5939	9318
7824	9319
6023	9320
6350	9321
117	9322
2896	9323
9496	9324
7903	9325
8787	9326
6101	9327
8131	9328
5830	9329
5159	9330
7116	9331
9630	9332
2129	9333
3477	9334
2868	9335
3073	9336
3800	9337
6902	9338
3419	9339
3933	9340
4798	9341
120	9342
2165	9343
5181	9344
7165	9345
1680	9346
443	9347
2630	9348
741	9349
6866	9350
8995	9351
9019	9352
796	9353
4052	9354
459	9355
4413	9356
4322	9357
4572	9358
2619	9359
2978	9360
7107	9361
5025	9362
2018	9363
2730	9364
1535	9365
7753	9366
1573	9367
4464	9368
966	9369
9246	9370
3676	9371
385	9372
1002	9373
7166	9374
2502	9375
6422	9376
5128	9377
9829	9378
389	9379
2397	9380
3594	9381
5859	9382
1967	9383
7239	9384
1041	9385
3259	9386
6376	9387
6971	9388
8695	9389
3872	9390
2609	9391
2962	9392
6387	9393
7974	9394
7039	9395
1119	9396
3076	9397
8530	9398
4398	9399
5823	9400
6143	9401
7916	9402
8484	9403
6411	9404
1303	9405
6133	9406
34	9407
200	9408
2816	9409
5456	9410
8774	9411
1719	9412
604	9413
4680	9414
7934	9415
3199	9416
2628	9417
4278	9418
7611	9419
134	9420
3677	9421
2011	9422
2798	9423
6337	9424
67	9425
2361	9426
1	9427
3608	9428
4564	9429
534	9430
942	9431
8474	9432
6650	9433
556	9434
88	9435
8694	9436
291	9437
8329	9438
9618	9439
8903	9440
93	9441
4408	9442
6991	9443
6200	9444
7676	9445
7262	9446
229	9447
1876	9448
8240	9449
27	9450
25	9451
2141	9452
620	9453
8615	9454
4374	9455
6788	9456
3991	9457
2643	9458
2367	9459
2623	9460
9609	9461
7975	9462
8699	9463
4820	9464
6236	9465
3601	9466
1495	9467
7861	9468
4076	9469
4769	9470
7735	9471
6767	9472
7192	9473
1030	9474
3496	9475
3629	9476
2256	9477
279	9478
120	9479
4324	9480
2932	9481
3339	9482
701	9483
4623	9484
8529	9485
1460	9486
8642	9487
9636	9488
4083	9489
505	9490
7075	9491
765	9492
3912	9493
3027	9494
5363	9495
5987	9496
7852	9497
764	9498
4065	9499
9385	9500
7406	9501
2447	9502
228	9503
6292	9504
2013	9505
4516	9506
7832	9507
4323	9508
706	9509
1672	9510
6785	9511
1837	9512
8744	9513
639	9514
9518	9515
6071	9516
8709	9517
2077	9518
5754	9519
1835	9520
2508	9521
284	9522
5226	9523
5917	9524
4356	9525
2109	9526
868	9527
9812	9528
2967	9529
450	9530
6929	9531
2536	9532
5898	9533
9305	9534
6576	9535
8667	9536
5193	9537
2545	9538
838	9539
504	9540
3409	9541
4694	9542
7287	9543
8249	9544
7472	9545
8742	9546
4053	9547
3132	9548
4711	9549
744	9550
262	9551
3919	9552
8452	9553
7044	9554
3713	9555
5277	9556
3379	9557
3923	9558
3996	9559
7275	9560
1934	9561
825	9562
9065	9563
3444	9564
9837	9565
6284	9566
8977	9567
7152	9568
3682	9569
8684	9570
6518	9571
1987	9572
5989	9573
2959	9574
9361	9575
105	9576
3325	9577
1352	9578
3867	9579
8235	9580
9379	9581
655	9582
7420	9583
8418	9584
8575	9585
5618	9586
8210	9587
1408	9588
5953	9589
3312	9590
7077	9591
6011	9592
8809	9593
8302	9594
8442	9595
1629	9596
4517	9597
9499	9598
5348	9599
2520	9600
8435	9601
4579	9602
8665	9603
8323	9604
1666	9605
8009	9606
3108	9607
6560	9608
9397	9609
1745	9610
1001	9611
6913	9612
8652	9613
9025	9614
15	9615
5118	9616
3272	9617
898	9618
6972	9619
1385	9620
1944	9621
7058	9622
9514	9623
7189	9624
8585	9625
7428	9626
1420	9627
6806	9628
558	9629
2446	9630
5360	9631
9685	9632
3603	9633
2621	9634
2882	9635
2188	9636
447	9637
2972	9638
5852	9639
7821	9640
7579	9641
8205	9642
1739	9643
6393	9644
8341	9645
2744	9646
880	9647
6579	9648
669	9649
7337	9650
6818	9651
693	9652
9001	9653
324	9654
8379	9655
1093	9656
7773	9657
2665	9658
7110	9659
9657	9660
4453	9661
2808	9662
2827	9663
8029	9664
8850	9665
9638	9666
9130	9667
4752	9668
6679	9669
8154	9670
8767	9671
6702	9672
5053	9673
2650	9674
252	9675
4183	9676
2302	9677
9536	9678
2845	9679
4689	9680
1952	9681
8730	9682
7660	9683
1440	9684
382	9685
7744	9686
5714	9687
1657	9688
3591	9689
502	9690
2060	9691
5043	9692
1995	9693
1827	9694
7345	9695
6277	9696
6969	9697
5075	9698
9374	9699
121	9700
8514	9701
4027	9702
9773	9703
6052	9704
3897	9705
2745	9706
2899	9707
489	9708
2164	9709
1819	9710
60	9711
2423	9712
2059	9713
3823	9714
3105	9715
42	9716
5988	9717
5479	9718
7160	9719
5104	9720
1605	9721
6656	9722
8790	9723
7186	9724
1933	9725
8207	9726
3741	9727
1122	9728
6752	9729
4698	9730
7435	9731
93	9732
2467	9733
5325	9734
434	9735
1874	9736
5106	9737
2949	9738
648	9739
9409	9740
664	9741
6522	9742
1582	9743
6613	9744
6332	9745
246	9746
9500	9747
5457	9748
6369	9749
2	9750
9502	9751
3834	9752
9126	9753
4173	9754
4	9755
8485	9756
1863	9757
8795	9758
4138	9759
2204	9760
9731	9761
7500	9762
7526	9763
7661	9764
79	9765
3960	9766
3977	9767
737	9768
8	9769
4461	9770
3710	9771
2340	9772
6330	9773
70	9774
2488	9775
6195	9776
2647	9777
5000	9778
3262	9779
1376	9780
3671	9781
2081	9782
1045	9783
7439	9784
9762	9785
1913	9786
8908	9787
9542	9788
232	9789
4100	9790
130	9791
7619	9792
4406	9793
494	9794
8046	9795
3407	9796
6460	9797
3567	9798
4645	9799
6383	9800
113	9801
4334	9802
4515	9803
1184	9804
3245	9805
6072	9806
1531	9807
9541	9808
7350	9809
8316	9810
1077	9811
4847	9812
5808	9813
3606	9814
9190	9815
1426	9816
3161	9817
1271	9818
5332	9819
7688	9820
2787	9821
993	9822
426	9823
5755	9824
8933	9825
973	9826
6326	9827
4101	9828
7884	9829
7380	9830
4210	9831
3119	9832
1764	9833
3560	9834
9597	9835
1445	9836
5048	9837
8192	9838
6682	9839
5975	9840
131	9841
5056	9842
9517	9843
7210	9844
9578	9845
6780	9846
2552	9847
937	9848
8326	9849
7339	9850
8901	9851
9788	9852
1484	9853
854	9854
1698	9855
4622	9856
2594	9857
6000	9858
650	9859
5463	9860
843	9861
8393	9862
5289	9863
7235	9864
7730	9865
9018	9866
7882	9867
4656	9868
8558	9869
9560	9870
6950	9871
587	9872
9449	9873
7899	9874
1433	9875
9112	9876
110	9877
7566	9878
2091	9879
9178	9880
9280	9881
9028	9882
7219	9883
3969	9884
4496	9885
9595	9886
3643	9887
4353	9888
1890	9889
8541	9890
7387	9891
6244	9892
5358	9893
63	9894
8109	9895
8035	9896
5656	9897
5335	9898
4274	9899
6846	9900
4241	9901
45	9902
5613	9903
5850	9904
8719	9905
4846	9906
8829	9907
1125	9908
9544	9909
4320	9910
3084	9911
4209	9912
5650	9913
5318	9914
9329	9915
2015	9916
4996	9917
4106	9918
815	9919
4655	9920
5340	9921
6318	9922
3586	9923
9700	9924
8765	9925
2855	9926
3844	9927
3333	9928
9470	9929
7248	9930
6321	9931
188	9932
768	9933
421	9934
2215	9935
7886	9936
8507	9937
8853	9938
8846	9939
4215	9940
9729	9941
1564	9942
490	9943
3657	9944
3369	9945
3206	9946
5130	9947
2957	9948
8738	9949
3101	9950
9722	9951
1155	9952
6211	9953
5663	9954
1364	9955
4176	9956
9046	9957
453	9958
9288	9959
1416	9960
3615	9961
7591	9962
9322	9963
8687	9964
5495	9965
6228	9966
4048	9967
9092	9968
4446	9969
516	9970
6067	9971
4908	9972
5817	9973
5814	9974
4869	9975
233	9976
5391	9977
858	9978
5230	9979
3875	9980
2519	9981
792	9982
5707	9983
8620	9984
787	9985
2922	9986
8677	9987
5326	9988
1711	9989
8929	9990
8483	9991
9856	9992
2444	9993
6249	9994
726	9995
5918	9996
4286	9997
5737	9998
3903	9999
2317	10000
