6091	1
7305	2
3738	3
628	4
7083	5
113	6
1699	7
3689	8
6144	9
1696	10
2169	11
1591	12
8757	13
2659	14
7870	15
225	16
5406	17
4200	18
113	19
6594	20
8551	21
4051	22
6741	23
418	24
2980	25
3747	26
430	27
5458	28
5412	29
7006	30
2586	31
6548	32
3262	33
1842	34
7849	35
758	36
282	37
2059	38
3732	39
1112	40
3214	41
3454	42
2871	43
3975	44
4501	45
2420	46
267	47
1347	48
260	49
750	50
7867	51
6645	52
2919	53
4703	54
3237	55
325	56
732	57
1352	58
2646	59
1320	60
4929	61
6056	62
2622	63
4006	64
6970	65
6614	66
3878	67
2557	68
2177	69
7931	70
230	71
7124	72
8640	73
3789	74
2197	75
1104	76
1916	77
5124	78
6219	79
2712	80
6740	81
1783	82
1273	83
7338	84
5418	85
7213	86
325	87
5800	88
3838	89
8603	90
3773	91
4056	92
282	93
7514	94
4879	95
113	96
3957	97
5296	98
2203	99
71	100
71	101
71	102
6475	103
3422	104
31	105
21	106
7028	107
4267	108
5265	109
3579	110
1268	111
522	112
3649	113
490	114
8056	115
4998	116
3728	117
7435	118
8582	119
7831	120
212	121
4571	122
8433	123
3596	124
4936	125
8329	126
8730	127
881	128
6588	129
349	130
2781	131
46	132
2614	133
55	134
8593	135
1237	136
3120	137
50	138
7988	139
4235	140
7805	141
4352	142
523	143
8579	144
707	145
4647	146
835	147
6560	148
551	149
4438	150
8133	151
469	152
2287	153
538	154
2505	155
3786	156
8785	157
4148	158
1521	159
525	160
291	161
1009	162
651	163
6507	164
7495	165
2338	166
1711	167
6748	168
881	169
50	170
470	171
2443	172
799	173
7295	174
6401	175
8285	176
4388	177
8371	178
7411	179
648	180
456	181
510	182
8323	183
808	184
7629	185
21	186
378	187
392	188
6080	189
2483	190
797	191
6072	192
6125	193
2133	194
158	195
1479	196
6164	197
4799	198
870	199
1599	200
1007	201
1581	202
8519	203
6593	204
740	205
6099	206
500	207
3798	208
1570	209
6698	210
2294	211
2797	212
3571	213
596	214
4833	215
797	216
5100	217
2274	218
3242	219
3850	220
6448	221
6419	222
1412	223
2905	224
407	225
6754	226
6506	227
406	228
621	229
140	230
546	231
845	232
2544	233
7064	234
5760	235
5225	236
604	237
2560	238
5994	239
1366	240
707	241
1158	242
22	243
5635	244
4039	245
3690	246
2004	247
5609	248
4215	249
2364	250
632	251
4367	252
105	253
2397	254
8149	255
4960	256
6986	257
6202	258
4811	259
3460	260
6794	261
3290	262
1769	263
2974	264
2593	265
150	266
338	267
7832	268
647	269
4094	270
5556	271
25	272
1002	273
10	274
1861	275
3128	276
1654	277
194	278
5848	279
7960	280
170	281
8141	282
306	283
1632	284
6433	285
4717	286
4001	287
6665	288
3694	289
87	290
7650	291
4524	292
238	293
2013	294
2841	295
6107	296
3899	297
2098	298
395	299
1280	300
745	301
1529	302
5893	303
344	304
1841	305
157	306
3635	307
7925	308
6587	309
1803	310
1072	311
2660	312
8732	313
1681	314
8184	315
1185	316
8568	317
2105	318
4755	319
7767	320
3028	321
1456	322
4027	323
15	324
7918	325
5163	326
6744	327
3200	328
4047	329
8776	330
3046	331
2987	332
7005	333
8628	334
8469	335
6628	336
2620	337
5725	338
5487	339
8081	340
6302	341
7068	342
7008	343
2334	344
4951	345
1539	346
8266	347
6911	348
1313	349
248	350
6508	351
6453	352
665	353
866	354
5911	355
886	356
828	357
5886	358
8516	359
746	360
8304	361
2387	362
3934	363
488	364
294	365
2382	366
1874	367
2513	368
854	369
6963	370
5990	371
1877	372
7206	373
803	374
7817	375
576	376
3544	377
1023	378
3857	379
2810	380
448	381
540	382
1238	383
7773	384
8495	385
241	386
517	387
679	388
2802	389
17	390
2847	391
2598	392
6715	393
254	394
6541	395
3577	396
6500	397
2154	398
1823	399
6691	400
3465	401
426	402
6458	403
63	404
6713	405
1753	406
6549	407
862	408
4917	409
7419	410
3116	411
5824	412
5305	413
2269	414
928	415
8692	416
6985	417
1281	418
4275	419
2839	420
7080	421
5032	422
8564	423
2026	424
7751	425
1071	426
1651	427
4	428
7633	429
5110	430
150	431
240	432
1154	433
8607	434
8562	435
7725	436
4639	437
5431	438
4341	439
780	440
134	441
5323	442
7916	443
6373	444
4002	445
6393	446
4061	447
6852	448
6562	449
4961	450
7507	451
2104	452
309	453
7195	454
1130	455
709	456
5165	457
427	458
1997	459
829	460
4228	461
8454	462
7652	463
6937	464
6669	465
3436	466
7752	467
3301	468
473	469
2946	470
567	471
6128	472
4683	473
7508	474
4223	475
262	476
8152	477
430	478
7465	479
3287	480
761	481
36	482
381	483
3961	484
233	485
4507	486
983	487
7994	488
8534	489
897	490
1113	491
100	492
5527	493
47	494
4004	495
6777	496
24	497
8430	498
4364	499
2861	500
1092	501
524	502
3292	503
3806	504
1028	505
861	506
4676	507
339	508
3049	509
3244	510
5379	511
6416	512
7055	513
2265	514
545	515
3425	516
4112	517
8590	518
7561	519
8508	520
4874	521
14	522
7126	523
454	524
30	525
7473	526
2388	527
2664	528
7103	529
4955	530
4281	531
8451	532
7660	533
4888	534
5930	535
315	536
2652	537
4093	538
3188	539
3945	540
3797	541
7360	542
439	543
796	544
910	545
8109	546
880	547
880	548
8395	549
4232	550
287	551
7247	552
6864	553
5907	554
4320	555
4167	556
7492	557
6181	558
3000	559
5507	560
6561	561
6484	562
5674	563
2727	564
7175	565
2131	566
1291	567
1839	568
7740	569
1250	570
898	571
6928	572
2490	573
7071	574
1968	575
8784	576
8766	577
5699	578
4975	579
4698	580
6083	581
8765	582
1639	583
4477	584
5229	585
4035	586
5159	587
884	588
770	589
5997	590
1398	591
442	592
99	593
462	594
7040	595
4416	596
3215	597
6686	598
1975	599
567	600
26	601
874	602
2939	603
606	604
7543	605
6908	606
5040	607
7059	608
5184	609
8034	610
489	611
619	612
1754	613
7273	614
2344	615
8233	616
47	617
8408	618
6717	619
581	620
2342	621
3877	622
3534	623
8530	624
4260	625
572	626
323	627
8618	628
4207	629
5786	630
1566	631
5713	632
3324	633
6412	634
3005	635
1118	636
6108	637
4784	638
307	639
6430	640
8148	641
30	642
7356	643
4181	644
4964	645
3389	646
4132	647
3390	648
4003	649
7594	650
4202	651
4144	652
2588	653
5076	654
5066	655
4145	656
4169	657
4196	658
2944	659
4170	660
4962	661
6887	662
3253	663
2955	664
1270	665
7790	666
4528	667
4383	668
7791	669
4296	670
5964	671
3006	672
895	673
6275	674
8693	675
491	676
2897	677
8065	678
8667	679
754	680
3709	681
5597	682
723	683
4489	684
6162	685
3903	686
3100	687
5839	688
2521	689
1450	690
6683	691
5962	692
1622	693
4250	694
3229	695
450	696
6037	697
4180	698
4116	699
5948	700
673	701
1145	702
7600	703
6596	704
359	705
7625	706
6537	707
6166	708
3035	709
5352	710
5442	711
541	712
35	713
782	714
5194	715
2575	716
382	717
4956	718
3594	719
7577	720
8793	721
2649	722
316	723
5918	724
3043	725
6	726
6624	727
6040	728
637	729
4096	730
8500	731
8003	732
528	733
5843	734
4496	735
786	736
5493	737
1928	738
523	739
4527	740
6285	741
2312	742
4005	743
2161	744
3291	745
5215	746
5205	747
1693	748
6358	749
5547	750
552	751
1980	752
5706	753
3235	754
805	755
1798	756
6642	757
4820	758
4966	759
6473	760
483	761
1208	762
8411	763
1128	764
642	765
3455	766
33	767
5548	768
5902	769
7296	770
1065	771
3523	772
8584	773
84	774
6771	775
2890	776
7024	777
1541	778
7049	779
2128	780
4965	781
4728	782
2160	783
138	784
5662	785
2848	786
5784	787
689	788
5489	789
1625	790
4954	791
1822	792
2566	793
5201	794
5687	795
7276	796
865	797
838	798
4363	799
2266	800
4575	801
15	802
2349	803
7314	804
5077	805
6086	806
1385	807
3644	808
3908	809
562	810
6262	811
4677	812
8000	813
7948	814
8122	815
2439	816
8038	817
7145	818
4046	819
94	820
245	821
5196	822
630	823
1700	824
4620	825
3925	826
5175	827
3192	828
2185	829
554	830
7404	831
512	832
5304	833
335	834
3642	835
6196	836
6170	837
5440	838
5187	839
5956	840
4512	841
112	842
5942	843
451	844
978	845
8267	846
7010	847
3499	848
8663	849
4013	850
1562	851
5801	852
7243	853
8592	854
6102	855
4159	856
6818	857
2794	858
379	859
7797	860
269	861
1649	862
705	863
78	864
5715	865
6584	866
8032	867
5125	868
345	869
8247	870
4772	871
8033	872
7014	873
2452	874
2065	875
197	876
7207	877
2816	878
3045	879
2171	880
7589	881
3266	882
1325	883
3573	884
5424	885
5759	886
5139	887
5733	888
1100	889
7232	890
14	891
8307	892
1626	893
686	894
6177	895
2225	896
2920	897
2082	898
2232	899
4664	900
8243	901
6729	902
6008	903
4710	904
7664	905
4598	906
5668	907
3503	908
6922	909
1520	910
2478	911
363	912
8457	913
4434	914
5724	915
4152	916
3009	917
2845	918
1917	919
6286	920
4675	921
55	922
1887	923
4540	924
3494	925
7240	926
788	927
6546	928
1821	929
7835	930
2226	931
6917	932
156	933
5785	934
8169	935
3316	936
638	937
563	938
5094	939
129	940
8460	941
5062	942
8678	943
3637	944
8040	945
6254	946
694	947
7320	948
8790	949
4568	950
4866	951
3362	952
1833	953
8057	954
6775	955
6517	956
7590	957
1869	958
1898	959
8778	960
1655	961
6551	962
503	963
5587	964
5749	965
5657	966
4934	967
7534	968
8471	969
2824	970
7607	971
5608	972
6051	973
1337	974
227	975
5466	976
451	977
7635	978
5773	979
2869	980
7879	981
7021	982
2075	983
5436	984
5589	985
2877	986
7445	987
1678	988
3552	989
270	990
4671	991
6842	992
8809	993
1800	994
6920	995
412	996
7155	997
1500	998
800	999
1121	1000
781	1001
1221	1002
3081	1003
5666	1004
2132	1005
6724	1006
3997	1007
3400	1008
5204	1009
3834	1010
8004	1011
1304	1012
155	1013
2227	1014
1465	1015
7676	1016
6939	1017
1387	1018
1659	1019
592	1020
4026	1021
622	1022
902	1023
4098	1024
5399	1025
94	1026
8751	1027
7733	1028
56	1029
4295	1030
6653	1031
4763	1032
4057	1033
5158	1034
7414	1035
3329	1036
524	1037
87	1038
6543	1039
1983	1040
1298	1041
8394	1042
4337	1043
6033	1044
16	1045
7796	1046
8602	1047
6890	1048
2747	1049
3418	1050
3710	1051
458	1052
1035	1053
6471	1054
539	1055
7385	1056
3003	1057
5186	1058
7085	1059
7272	1060
824	1061
1	1062
125	1063
15	1064
7310	1065
2326	1066
1899	1067
3862	1068
411	1069
4494	1070
5545	1071
5234	1072
4733	1073
952	1074
8443	1075
5955	1076
7267	1077
3504	1078
4120	1079
5292	1080
5952	1081
7896	1082
3944	1083
4058	1084
5271	1085
1707	1086
666	1087
166	1088
8612	1089
1351	1090
5910	1091
1768	1092
2912	1093
3210	1094
8661	1095
4633	1096
3358	1097
662	1098
8656	1099
611	1100
831	1101
3219	1102
6894	1103
1680	1104
600	1105
1401	1106
7402	1107
3611	1108
6626	1109
8676	1110
6261	1111
3764	1112
163	1113
981	1114
231	1115
8716	1116
7864	1117
7187	1118
2438	1119
3126	1120
399	1121
4699	1122
2163	1123
1919	1124
6100	1125
599	1126
4695	1127
5365	1128
3295	1129
643	1130
4935	1131
1815	1132
200	1133
8406	1134
838	1135
4637	1136
1010	1137
14	1138
1684	1139
6063	1140
7245	1141
2360	1142
3839	1143
3836	1144
6960	1145
5669	1146
2170	1147
7693	1148
5892	1149
4590	1150
6735	1151
134	1152
8475	1153
8053	1154
8072	1155
8100	1156
8104	1157
8118	1158
8121	1159
8160	1160
8164	1161
8357	1162
8397	1163
8398	1164
2084	1165
7558	1166
7929	1167
1005	1168
6232	1169
197	1170
7724	1171
655	1172
5457	1173
5690	1174
7866	1175
5764	1176
641	1177
8609	1178
8747	1179
1506	1180
3385	1181
2421	1182
1227	1183
89	1184
5909	1185
4277	1186
4479	1187
6795	1188
5047	1189
1115	1190
5765	1191
2489	1192
391	1193
157	1194
2153	1195
3751	1196
889	1197
8477	1198
226	1199
1730	1200
2940	1201
6200	1202
7560	1203
6304	1204
4572	1205
3403	1206
1074	1207
4124	1208
2218	1209
7924	1210
559	1211
7334	1212
7668	1213
182	1214
2907	1215
667	1216
1844	1217
84	1218
6156	1219
2826	1220
8067	1221
8069	1222
1725	1223
2859	1224
1795	1225
1796	1226
6229	1227
6222	1228
8210	1229
8340	1230
8445	1231
1686	1232
7979	1233
8008	1234
589	1235
8786	1236
2031	1237
5210	1238
1359	1239
273	1240
5051	1241
1300	1242
7875	1243
5008	1244
3060	1245
785	1246
7479	1247
571	1248
102	1249
3973	1250
4696	1251
6900	1252
1305	1253
1302	1254
1777	1255
7288	1256
104	1257
5348	1258
7941	1259
8180	1260
877	1261
3288	1262
2209	1263
8227	1264
54	1265
2373	1266
203	1267
5455	1268
8208	1269
1122	1270
6284	1271
4624	1272
2195	1273
1666	1274
1875	1275
242	1276
231	1277
3722	1278
7125	1279
4643	1280
3255	1281
7552	1282
821	1283
1961	1284
6030	1285
4566	1286
6041	1287
1970	1288
1969	1289
686	1290
5671	1291
2380	1292
1504	1293
7776	1294
388	1295
3223	1296
8265	1297
6931	1298
3912	1299
4078	1300
8437	1301
1648	1302
7571	1303
4266	1304
7063	1305
640	1306
19	1307
59	1308
205	1309
3437	1310
6058	1311
673	1312
3636	1313
5283	1314
8611	1315
2340	1316
214	1317
8314	1318
2601	1319
6197	1320
70	1321
70	1322
4725	1323
498	1324
7756	1325
5734	1326
379	1327
7038	1328
7182	1329
6897	1330
6060	1331
586	1332
3980	1333
509	1334
6811	1335
641	1336
1845	1337
449	1338
1717	1339
3020	1340
572	1341
4076	1342
728	1343
7639	1344
6655	1345
3338	1346
138	1347
6609	1348
8318	1349
8363	1350
1013	1351
7012	1352
136	1353
5350	1354
8681	1355
532	1356
1452	1357
1702	1358
7863	1359
3196	1360
3832	1361
820	1362
7118	1363
7715	1364
8374	1365
1981	1366
8515	1367
270	1368
4734	1369
3144	1370
5409	1371
4983	1372
1214	1373
825	1374
6104	1375
3352	1376
1901	1377
4125	1378
679	1379
6722	1380
6701	1381
5376	1382
6564	1383
5070	1384
1620	1385
535	1386
5386	1387
5646	1388
3279	1389
6423	1390
8554	1391
3730	1392
3876	1393
103	1394
4493	1395
7148	1396
916	1397
2694	1398
1535	1399
3674	1400
6554	1401
1976	1402
3617	1403
4588	1404
3397	1405
7468	1406
6240	1407
3533	1408
6435	1409
4409	1410
462	1411
2446	1412
159	1413
77	1414
4017	1415
267	1416
1989	1417
7228	1418
6296	1419
4444	1420
706	1421
2745	1422
7854	1423
1956	1424
8788	1425
3369	1426
2303	1427
6682	1428
4456	1429
3597	1430
1805	1431
6281	1432
5967	1433
4158	1434
3818	1435
1791	1436
6225	1437
2176	1438
8246	1439
2147	1440
361	1441
4141	1442
6244	1443
155	1444
4569	1445
1000	1446
517	1447
118	1448
1499	1449
6545	1450
4957	1451
6199	1452
1017	1453
7300	1454
5844	1455
935	1456
2213	1457
2590	1458
5010	1459
2236	1460
2238	1461
2244	1462
2245	1463
2247	1464
2249	1465
2251	1466
2252	1467
2256	1468
2257	1469
2259	1470
2260	1471
1585	1472
580	1473
41	1474
5012	1475
8412	1476
8197	1477
6947	1478
1210	1479
2025	1480
5612	1481
7978	1482
614	1483
4294	1484
2120	1485
4628	1486
121	1487
3735	1488
4	1489
4	1490
7518	1491
7451	1492
6140	1493
2731	1494
8510	1495
471	1496
2534	1497
2111	1498
7822	1499
8467	1500
3415	1501
8292	1502
2336	1503
5147	1504
3513	1505
2768	1506
5658	1507
680	1508
894	1509
504	1510
8449	1511
200	1512
169	1513
8188	1514
3676	1515
8369	1516
6762	1517
6146	1518
3887	1519
2838	1520
8037	1521
533	1522
8021	1523
4570	1524
3976	1525
5811	1526
7321	1527
5789	1528
5242	1529
692	1530
5505	1531
1464	1532
2215	1533
2118	1534
4672	1535
5389	1536
7606	1537
4251	1538
852	1539
6533	1540
7405	1541
3868	1542
250	1543
1091	1544
8187	1545
7016	1546
6918	1547
199	1548
354	1549
8556	1550
8098	1551
6437	1552
6601	1553
826	1554
3233	1555
4706	1556
8501	1557
3283	1558
2126	1559
717	1560
8731	1561
290	1562
3396	1563
5890	1564
4940	1565
805	1566
2413	1567
8794	1568
6045	1569
5882	1570
4824	1571
1501	1572
520	1573
266	1574
7703	1575
3016	1576
3565	1577
1301	1578
7853	1579
7795	1580
7857	1581
999	1582
6477	1583
663	1584
6853	1585
7079	1586
8379	1587
8442	1588
4797	1589
3543	1590
760	1591
3581	1592
4481	1593
2130	1594
692	1595
3451	1596
5170	1597
441	1598
7134	1599
6648	1600
5085	1601
76	1602
2229	1603
4586	1604
1936	1605
1714	1606
1966	1607
4067	1608
3163	1609
6860	1610
7302	1611
2545	1612
7772	1613
6258	1614
5730	1615
6826	1616
4178	1617
5820	1618
7359	1619
2825	1620
970	1621
2159	1622
1780	1623
5954	1624
289	1625
3622	1626
5606	1627
562	1628
8222	1629
2995	1630
2279	1631
1195	1632
1902	1633
4428	1634
8107	1635
2158	1636
5958	1637
1759	1638
3134	1639
2151	1640
85	1641
4927	1642
5596	1643
6595	1644
858	1645
5087	1646
7384	1647
2556	1648
169	1649
171	1650
4404	1651
6934	1652
613	1653
3345	1654
1818	1655
8096	1656
7096	1657
3444	1658
5850	1659
2369	1660
1737	1661
634	1662
163	1663
3012	1664
3681	1665
8559	1666
4719	1667
478	1668
6602	1669
541	1670
6910	1671
1636	1672
791	1673
6019	1674
7663	1675
3302	1676
3419	1677
7620	1678
7637	1679
6097	1680
7942	1681
2129	1682
5452	1683
5237	1684
8009	1685
5356	1686
756	1687
149	1688
423	1689
2053	1690
6124	1691
602	1692
173	1693
55	1694
8543	1695
577	1696
7847	1697
122	1698
86	1699
5272	1700
1952	1701
8715	1702
4655	1703
6266	1704
4308	1705
5263	1706
7612	1707
8566	1708
8124	1709
3603	1710
4550	1711
8407	1712
5741	1713
1054	1714
1740	1715
856	1716
1323	1717
2137	1718
1728	1719
7089	1720
4660	1721
3022	1722
6331	1723
3339	1724
458	1725
1831	1726
3407	1727
1248	1728
4157	1729
383	1730
3845	1731
8135	1732
8575	1733
6157	1734
7720	1735
472	1736
232	1737
3759	1738
7095	1739
140	1740
1043	1741
7709	1742
5319	1743
4561	1744
1172	1745
4843	1746
1582	1747
4911	1748
713	1749
2123	1750
3094	1751
609	1752
1674	1753
1178	1754
521	1755
5502	1756
8583	1757
6637	1758
7188	1759
763	1760
8202	1761
6462	1762
856	1763
66	1764
8263	1765
4209	1766
2219	1767
848	1768
3423	1769
49	1770
165	1771
7263	1772
2054	1773
3066	1774
3154	1775
4064	1776
5753	1777
90	1778
5169	1779
1307	1780
549	1781
6973	1782
735	1783
239	1784
7109	1785
8750	1786
2425	1787
2856	1788
6778	1789
1263	1790
5420	1791
2150	1792
7056	1793
8434	1794
1269	1795
8458	1796
4052	1797
3575	1798
2366	1799
8417	1800
6812	1801
8802	1802
3112	1803
6491	1804
482	1805
58	1806
6783	1807
2427	1808
1792	1809
3740	1810
5862	1811
4403	1812
7604	1813
4783	1814
1915	1815
7501	1816
719	1817
4730	1818
843	1819
2780	1820
1606	1821
111	1822
440	1823
855	1824
4070	1825
718	1826
21	1827
3555	1828
283	1829
6987	1830
4987	1831
5138	1832
8403	1833
5550	1834
5703	1835
2180	1836
872	1837
3382	1838
4838	1839
275	1840
6646	1841
2051	1842
4878	1843
49	1844
413	1845
5467	1846
3561	1847
2095	1848
608	1849
6925	1850
1024	1851
2637	1852
1189	1853
207	1854
4871	1855
6906	1856
2621	1857
5239	1858
2374	1859
490	1860
7172	1861
2432	1862
4041	1863
3519	1864
8350	1865
7713	1866
1828	1867
4016	1868
2898	1869
1159	1870
7505	1871
5584	1872
2024	1873
7262	1874
1593	1875
1527	1876
3230	1877
7191	1878
2625	1879
625	1880
2964	1881
7486	1882
3404	1883
4577	1884
7183	1885
669	1886
5153	1887
1524	1888
3380	1889
2631	1890
3334	1891
3842	1892
4596	1893
338	1894
8713	1895
8721	1896
7351	1897
6297	1898
600	1899
150	1900
3431	1901
5253	1902
6829	1903
672	1904
5303	1905
8015	1906
109	1907
3539	1908
1272	1909
7131	1910
46	1911
2902	1912
5783	1913
5694	1914
1480	1915
27	1916
7766	1917
7730	1918
1027	1919
5912	1920
806	1921
925	1922
5332	1923
6519	1924
6559	1925
2862	1926
789	1927
7509	1928
5475	1929
7022	1930
732	1931
5006	1932
865	1933
132	1934
1271	1935
1183	1936
3231	1937
4925	1938
2752	1939
4883	1940
7562	1941
7444	1942
5840	1943
4974	1944
394	1945
265	1946
403	1947
6417	1948
8677	1949
1339	1950
2503	1951
5599	1952
7449	1953
7462	1954
1957	1955
5972	1956
14	1957
305	1958
3007	1959
402	1960
8091	1961
6371	1962
6245	1963
8075	1964
6846	1965
5996	1966
6234	1967
6479	1968
1652	1969
2499	1970
1522	1971
5616	1972
7209	1973
5508	1974
363	1975
5291	1976
2989	1977
7308	1978
4288	1979
3755	1980
2533	1981
1953	1982
342	1983
7282	1984
6767	1985
3485	1986
5960	1987
2657	1988
2011	1989
3184	1990
8129	1991
982	1992
70	1993
7936	1994
2853	1995
8117	1996
429	1997
4059	1998
5426	1999
4123	2000
4386	2001
5791	2002
5009	2003
4714	2004
4146	2005
5480	2006
4307	2007
6921	2008
7353	2009
1400	2010
6630	2011
3017	2012
8570	2013
6557	2014
5108	2015
3769	2016
1747	2017
509	2018
3	2019
2627	2020
5796	2021
8319	2022
1431	2023
7921	2024
2746	2025
3159	2026
5879	2027
6516	2028
317	2029
5951	2030
1767	2031
4463	2032
6305	2033
298	2034
605	2035
5150	2036
4953	2037
193	2038
6298	2039
6765	2040
7837	2041
3479	2042
773	2043
303	2044
127	2045
6149	2046
787	2047
6993	2048
4154	2049
6571	2050
4119	2051
6680	2052
1212	2053
1741	2054
666	2055
7681	2056
73	2057
7679	2058
7727	2059
5270	2060
1025	2061
713	2062
4099	2063
6362	2064
5539	2065
2894	2066
7564	2067
519	2068
5525	2069
6074	2070
6376	2071
8322	2072
7306	2073
1896	2074
5421	2075
6815	2076
4236	2077
1285	2078
6809	2079
8759	2080
7361	2081
163	2082
2316	2083
2535	2084
2822	2085
5776	2086
2189	2087
5027	2088
1706	2089
584	2090
5149	2091
2786	2092
930	2093
3535	2094
6075	2095
5364	2096
185	2097
7757	2098
5528	2099
5995	2100
8441	2101
3848	2102
237	2103
2722	2104
4819	2105
5018	2106
722	2107
8525	2108
487	2109
3937	2110
1093	2111
104	2112
4844	2113
3057	2114
328	2115
3104	2116
3260	2117
3586	2118
7900	2119
6791	2120
5488	2121
4519	2122
4918	2123
6705	2124
7409	2125
6436	2126
424	2127
7316	2128
3351	2129
60	2130
886	2131
4330	2132
7738	2133
237	2134
6579	2135
6760	2136
4609	2137
3792	2138
6676	2139
3	2140
2820	2141
1219	2142
95	2143
1986	2144
2922	2145
358	2146
2	2147
136	2148
7233	2149
8156	2150
8066	2151
6	2152
6084	2153
4812	2154
6618	2155
2493	2156
824	2157
1617	2158
4565	2159
18	2160
3350	2161
3985	2162
2106	2163
2107	2164
2108	2165
890	2166
4544	2167
531	2168
6661	2169
202	2170
3859	2171
4398	2172
3884	2173
1011	2174
4600	2175
7763	2176
4351	2177
5829	2178
1950	2179
3438	2180
2726	2181
6087	2182
26	2183
5011	2184
1394	2185
5742	2186
6337	2187
7754	2188
4941	2189
5876	2190
4411	2191
702	2192
3448	2193
2591	2194
3322	2195
8258	2196
1857	2197
3782	2198
8695	2199
5762	2200
5118	2201
1199	2202
8330	2203
73	2204
7531	2205
2821	2206
8631	2207
4625	2208
3496	2209
2638	2210
1327	2211
6028	2212
75	2213
3610	2214
2852	2215
5698	2216
6400	2217
1782	2218
3892	2219
5916	2220
3660	2221
374	2222
839	2223
6480	2224
1435	2225
8036	2226
903	2227
5884	2228
142	2229
1515	2230
8218	2231
4222	2232
614	2233
4619	2234
4977	2235
6721	2236
7441	2237
5828	2238
895	2239
1601	2240
5054	2241
3645	2242
7687	2243
1200	2244
48	2245
196	2246
6936	2247
7224	2248
8643	2249
5494	2250
3064	2251
2367	2252
8245	2253
861	2254
719	2255
682	2256
4186	2257
919	2258
1802	2259
6956	2260
7782	2261
5042	2262
444	2263
108	2264
6763	2265
7643	2266
6871	2267
3733	2268
6347	2269
25	2270
3497	2271
4345	2272
13	2273
6912	2274
302	2275
3793	2276
489	2277
6964	2278
6142	2279
3443	2280
12	2281
436	2282
2610	2283
7535	2284
3968	2285
3092	2286
42	2287
534	2288
4279	2289
4554	2290
7506	2291
3021	2292
7408	2293
3901	2294
4933	2295
4457	2296
8224	2297
7579	2298
5836	2299
8273	2300
4827	2301
4453	2302
2720	2303
3105	2304
953	2305
3931	2306
4896	2307
6556	2308
7574	2309
4365	2310
5578	2311
3982	2312
4422	2313
4270	2314
396	2315
1473	2316
7806	2317
7809	2318
4372	2319
2143	2320
4539	2321
7672	2322
6847	2323
3307	2324
624	2325
5667	2326
168	2327
776	2328
4798	2329
6615	2330
6525	2331
1295	2332
8724	2333
4868	2334
1240	2335
829	2336
7331	2337
690	2338
6472	2339
6447	2340
7674	2341
8767	2342
1350	2343
4189	2344
6082	2345
855	2346
4545	2347
4903	2348
6712	2349
3864	2350
5853	2351
909	2352
467	2353
50	2354
8372	2355
6538	2356
5144	2357
3514	2358
3743	2359
6750	2360
834	2361
1713	2362
4769	2363
6194	2364
8201	2365
1992	2366
1229	2367
6697	2368
1213	2369
4342	2370
1287	2371
1149	2372
7677	2373
8215	2374
1222	2375
4376	2376
806	2377
670	2378
6029	2379
5819	2380
2103	2381
6954	2382
149	2383
7434	2384
4415	2385
1929	2386
308	2387
2050	2388
114	2389
6025	2390
5898	2391
1779	2392
492	2393
48	2394
444	2395
1538	2396
2760	2397
4973	2398
7649	2399
5302	2400
5482	2401
585	2402
734	2403
1264	2404
3364	2405
3813	2406
5747	2407
3179	2408
6753	2409
6039	2410
1330	2411
5557	2412
4980	2413
210	2414
162	2415
7452	2416
5035	2417
5900	2418
3822	2419
6126	2420
5723	2421
5797	2422
810	2423
603	2424
7707	2425
715	2426
2317	2427
3949	2428
1461	2429
5075	2430
8684	2431
6078	2432
8360	2433
37	2434
1046	2435
1653	2436
4437	2437
7689	2438
5485	2439
671	2440
8391	2441
2113	2442
2110	2443
2112	2444
7989	2445
5	2446
4230	2447
226	2448
1483	2449
2864	2450
3951	2451
2565	2452
364	2453
2223	2454
3	2455
1895	2456
8332	2457
4886	2458
6402	2459
308	2460
6223	2461
337	2462
1408	2463
730	2464
7838	2465
8064	2466
8027	2467
8688	2468
2285	2469
6632	2470
4054	2471
4681	2472
2277	2473
7329	2474
4249	2475
4019	2476
499	2477
3341	2478
6042	2479
7138	2480
4104	2481
2804	2482
8402	2483
4447	2484
6598	2485
7144	2486
2809	2487
2753	2488
634	2489
2561	2490
3150	2491
2961	2492
8668	2493
3155	2494
8147	2495
2882	2496
2872	2497
6454	2498
3687	2499
4594	2500
2070	2501
5605	2502
6066	2503
7239	2504
7447	2505
5413	2506
2937	2507
2029	2508
5306	2509
8348	2510
7745	2511
8370	2512
346	2513
126	2514
6094	2515
4326	2516
7027	2517
1161	2518
8139	2519
2576	2520
951	2521
2528	2522
8548	2523
8042	2524
8154	2525
2520	2526
8489	2527
8487	2528
7965	2529
8481	2530
8074	2531
8536	2532
8488	2533
2178	2534
5510	2535
7045	2536
7254	2537
2008	2538
8191	2539
1329	2540
1642	2541
6313	2542
6749	2543
4585	2544
6638	2545
6788	2546
631	2547
7667	2548
7393	2549
196	2550
6792	2551
4101	2552
2941	2553
1126	2554
44	2555
1694	2556
7959	2557
381	2558
3867	2559
123	2560
7130	2561
4018	2562
874	2563
2761	2564
41	2565
1855	2566
1683	2567
5	2568
4642	2569
1215	2570
3297	2571
863	2572
6055	2573
5117	2574
1318	2575
2669	2576
1578	2577
492	2578
526	2579
775	2580
1964	2581
756	2582
234	2583
5428	2584
3430	2585
491	2586
7708	2587
676	2588
8625	2589
4614	2590
6446	2591
7716	2592
3439	2593
649	2594
629	2595
8259	2596
1370	2597
7911	2598
6990	2599
7511	2600
3388	2601
3809	2602
139	2603
6119	2604
297	2605
2674	2606
5604	2607
868	2608
8709	2609
8313	2610
7910	2611
4908	2612
8011	2613
3265	2614
3426	2615
3139	2616
3165	2617
1251	2618
5387	2619
2999	2620
3492	2621
4040	2622
3914	2623
6	2624
8578	2625
8405	2626
3085	2627
703	2628
4311	2629
8378	2630
3296	2631
7091	2632
2723	2633
7842	2634
6836	2635
7557	2636
8679	2637
8344	2638
6451	2639
8006	2640
4287	2641
6073	2642
5575	2643
6854	2644
2196	2645
2634	2646
6874	2647
1468	2648
7399	2649
1775	2650
8291	2651
3468	2652
2532	2653
8599	2654
2306	2655
2497	2656
8571	2657
4339	2658
733	2659
7819	2660
2507	2661
796	2662
5976	2663
4385	2664
1646	2665
3410	2666
5738	2667
2302	2668
790	2669
506	2670
3277	2671
7169	2672
6494	2673
637	2674
443	2675
7684	2676
6649	2677
4850	2678
1309	2679
7336	2680
2321	2681
878	2682
1907	2683
7350	2684
2564	2685
171	2686
69	2687
1575	2688
5732	2689
6206	2690
975	2691
7823	2692
108	2693
1597	2694
41	2695
1469	2696
5745	2697
8733	2698
1382	2699
5120	2700
2806	2701
2931	2702
8587	2703
4641	2704
3673	2705
6617	2706
4794	2707
8179	2708
2461	2709
2019	2710
2068	2711
1207	2712
5321	2713
7585	2714
631	2715
8696	2716
2456	2717
7372	2718
3303	2719
654	2720
7286	2721
6803	2722
753	2723
6531	2724
7580	2725
1677	2726
2134	2727
3930	2728
640	2729
3748	2730
882	2731
198	2732
4471	2733
8275	2734
6415	2735
7527	2736
4949	2737
78	2738
1181	2739
5353	2740
1809	2741
1392	2742
581	2743
8296	2744
204	2745
6113	2746
2887	2747
5000	2748
3484	2749
4324	2750
5728	2751
5260	2752
4970	2753
6835	2754
1245	2755
4534	2756
99	2757
5345	2758
7150	2759
8493	2760
1	2761
238	2762
3569	2763
273	2764
2888	2765
4767	2766
8095	2767
7030	2768
8232	2769
6843	2770
3998	2771
6670	2772
8	2773
7218	2774
8020	2775
6235	2776
2494	2777
1972	2778
8797	2779
6009	2780
2293	2781
8221	2782
1903	2783
3109	2784
153	2785
6944	2786
879	2787
2030	2788
8620	2789
3648	2790
3264	2791
6204	2792
6316	2793
1390	2794
561	2795
2484	2796
1012	2797
7128	2798
8347	2799
2341	2800
96	2801
1583	2802
3677	2803
7029	2804
7889	2805
765	2806
4465	2807
6858	2808
905	2809
6287	2810
2333	2811
131	2812
7121	2813
7583	2814
6372	2815
2141	2816
1838	2817
251	2818
8760	2819
3550	2820
2880	2821
3002	2822
6909	2823
48	2824
172	2825
7671	2826
7017	2827
4705	2828
327	2829
2860	2830
5180	2831
564	2832
5971	2833
6010	2834
4413	2835
5277	2836
4774	2837
4407	2838
8506	2839
6289	2840
3846	2841
8356	2842
196	2843
2506	2844
5395	2845
813	2846
488	2847
2017	2848
2829	2849
539	2850
553	2851
8774	2852
44	2853
1459	2854
7608	2855
7981	2856
1739	2857
7982	2858
2458	2859
2833	2860
3545	2861
7892	2862
228	2863
2081	2864
2599	2865
6442	2866
6982	2867
6924	2868
3799	2869
520	2870
4814	2871
3983	2872
2808	2873
80	2874
6782	2875
4032	2876
6953	2877
1139	2878
5499	2879
5140	2880
1656	2881
65	2882
6567	2883
5349	2884
1719	2885
4584	2886
2984	2887
6147	2888
725	2889
421	2890
421	2891
2518	2892
7319	2893
6893	2894
4939	2895
7750	2896
5950	2897
5401	2898
6570	2899
4722	2900
3895	2901
6841	2902
570	2903
2805	2904
2217	2905
6295	2906
8440	2907
16	2908
518	2909
1108	2910
1807	2911
858	2912
7215	2913
7933	2914
78	2915
4177	2916
6068	2917
3495	2918
6687	2919
1644	2920
7335	2921
4504	2922
4862	2923
5638	2924
1153	2925
6098	2926
1411	2927
2324	2928
5358	2929
8598	2930
850	2931
8270	2932
30	2933
2736	2934
6443	2935
247	2936
1548	2937
6965	2938
7521	2939
497	2940
3837	2941
4989	2942
815	2943
2721	2944
5634	2945
7496	2946
6581	2947
7976	2948
5334	2949
866	2950
1871	2951
5099	2952
646	2953
8439	2954
4608	2955
5813	2956
13	2957
602	2958
551	2959
2480	2960
4276	2961
3883	2962
7081	2963
5435	2964
2811	2965
3563	2966
980	2967
2629	2968
7731	2969
7899	2970
8662	2971
1946	2972
6047	2973
2911	2974
2529	2975
6457	2976
1790	2977
908	2978
8079	2979
2608	2980
988	2981
1168	2982
7238	2983
909	2984
4702	2985
5903	2986
11	2987
639	2988
1034	2989
143	2990
7685	2991
168	2992
5620	2993
9	2994
1056	2995
1913	2996
3693	2997
583	2998
23	2999
7084	3000
2100	3001
7794	3002
5656	3003
3383	3004
5252	3005
4475	3006
447	3007
26	3008
5394	3009
3843	3010
1868	3011
3812	3012
5837	3013
804	3014
6409	3015
1848	3016
4417	3017
26	3018
7482	3019
3790	3020
333	3021
1256	3022
7617	3023
810	3024
7694	3025
2605	3026
7696	3027
4617	3028
3965	3029
6766	3030
5805	3031
1858	3032
7167	3033
1015	3034
3966	3035
3067	3036
1343	3037
2090	3038
1894	3039
3156	3040
170	3041
6647	3042
7234	3043
2992	3044
8063	3045
103	3046
7113	3047
8576	3048
6357	3049
401	3050
7913	3051
1239	3052
3741	3053
110	3054
1988	3055
3941	3056
890	3057
4721	3058
1612	3059
1116	3060
6064	3061
187	3062
7157	3063
2642	3064
8386	3065
3148	3066
8682	3067
7895	3068
4399	3069
8727	3070
8321	3071
6343	3072
8674	3073
5875	3074
3981	3075
3835	3076
3991	3077
2976	3078
2399	3079
7502	3080
2562	3081
6915	3082
7204	3083
2348	3084
5953	3085
2205	3086
4368	3087
1220	3088
6274	3089
6463	3090
853	3091
3330	3092
656	3093
4021	3094
3127	3095
4849	3096
2361	3097
4523	3098
3974	3099
8472	3100
2442	3101
2988	3102
6870	3103
1033	3104
3595	3105
232	3106
7026	3107
4174	3108
8352	3109
4334	3110
6300	3111
3604	3112
8286	3113
4242	3114
4129	3115
4089	3116
7313	3117
8077	3118
8078	3119
4255	3120
5041	3121
7920	3122
7119	3123
6131	3124
2830	3125
3716	3126
1876	3127
7369	3128
5563	3129
7593	3130
5366	3131
1274	3132
1882	3133
669	3134
1050	3135
4629	3136
2200	3137
7992	3138
8088	3139
3749	3140
5472	3141
8236	3142
4779	3143
7400	3144
7963	3145
8295	3146
2207	3147
2675	3148
8339	3149
2633	3150
7888	3151
5987	3152
4776	3153
8646	3154
6528	3155
1346	3156
8068	3157
5915	3158
6212	3159
5673	3160
727	3161
5017	3162
5717	3163
18	3164
7287	3165
6077	3166
2950	3167
6322	3168
7581	3169
1399	3170
4573	3171
3110	3172
7540	3173
6952	3174
5454	3175
4552	3176
741	3177
4400	3178
6603	3179
7787	3180
6145	3181
5712	3182
5854	3183
3959	3184
30	3185
504	3186
4462	3187
2734	3188
110	3189
606	3190
8401	3191
5231	3192
172	3193
2164	3194
327	3195
545	3196
6171	3197
8614	3198
5924	3199
1148	3200
762	3201
264	3202
1637	3203
8183	3204
194	3205
7065	3206
1600	3207
95	3208
407	3209
3462	3210
318	3211
2313	3212
3771	3213
8636	3214
2973	3215
7792	3216
4381	3217
5561	3218
2375	3219
7541	3220
5580	3221
15	3222
1749	3223
6314	3224
7761	3225
4008	3226
1671	3227
25	3228
816	3229
1257	3230
1055	3231
957	3232
1106	3233
923	3234
1111	3235
993	3236
965	3237
1853	3238
1444	3239
6308	3240
4081	3241
958	3242
966	3243
1258	3244
924	3245
3761	3246
1205	3247
1259	3248
1260	3249
1086	3250
1261	3251
1057	3252
947	3253
926	3254
927	3255
1105	3256
7968	3257
6786	3258
6699	3259
6745	3260
4882	3261
8703	3262
4881	3263
8492	3264
3082	3265
6265	3266
842	3267
4012	3268
6889	3269
4694	3270
5182	3271
417	3272
844	3273
6465	3274
7346	3275
5653	3276
8	3277
8165	3278
2046	3279
3554	3280
5329	3281
8324	3282
3977	3283
7051	3284
6160	3285
4597	3286
4213	3287
7041	3288
6217	3289
3910	3290
1556	3291
5255	3292
4500	3293
3679	3294
25	3295
5486	3296
3278	3297
6482	3298
2665	3299
5847	3300
3520	3301
4190	3302
7781	3303
5772	3304
8624	3305
4855	3306
3909	3307
4105	3308
3140	3309
7217	3310
2982	3311
4396	3312
2977	3313
3871	3314
7775	3315
8507	3316
2404	3317
6	3318
575	3319
4247	3320
685	3321
7807	3322
1774	3323
468	3324
4713	3325
693	3326
4023	3327
219	3328
3099	3329
671	3330
3654	3331
8016	3332
6845	3333
2002	3334
4931	3335
744	3336
1849	3337
687	3338
5249	3339
7388	3340
4195	3341
1353	3342
1866	3343
4723	3344
5084	3345
746	3346
38	3347
7516	3348
4176	3349
5906	3350
6975	3351
841	3352
896	3353
2485	3354
1495	3355
7747	3356
1534	3357
3211	3358
5282	3359
4724	3360
7653	3361
398	3362
2352	3363
120	3364
131	3365
714	3366
6971	3367
1851	3368
6101	3369
2895	3370
1958	3371
791	3372
2175	3373
39	3374
8138	3375
2539	3376
7043	3377
3091	3378
2703	3379
3414	3380
578	3381
5289	3382
2508	3383
3616	3384
5195	3385
3840	3386
5463	3387
18	3388
4408	3389
3220	3390
5273	3391
5756	3392
176	3393
2162	3394
6799	3395
1114	3396
8364	3397
1369	3398
2881	3399
1088	3400
1939	3401
261	3402
6434	3403
2089	3404
3130	3405
1605	3406
464	3407
52	3408
176	3409
6224	3410
6629	3411
8353	3412
6488	3413
7163	3414
4333	3415
910	3416
3643	3417
830	3418
8171	3419
5053	3420
557	3421
5148	3422
3777	3423
3939	3424
5001	3425
6902	3426
7618	3427
554	3428
6604	3429
752	3430
65	3431
2183	3432
6341	3433
471	3434
1188	3435
1138	3436
1164	3437
3972	3438
4553	3439
2455	3440
8186	3441
622	3442
3528	3443
1413	3444
90	3445
4393	3446
4930	3447
8497	3448
5861	3449
826	3450
4636	3451
8125	3452
275	3453
8093	3454
2407	3455
851	3456
7438	3457
4343	3458
90	3459
3321	3460
643	3461
548	3462
4092	3463
3377	3464
5031	3465
4316	3466
8131	3467
7197	3468
2419	3469
3087	3470
7020	3471
7427	3472
720	3473
1905	3474
2602	3475
7212	3476
8	3477
1377	3478
7856	3479
8271	3480
1715	3481
225	3482
1223	3483
2014	3484
5378	3485
6255	3486
6110	3487
5718	3488
8172	3489
7170	3490
143	3491
7201	3492
2967	3493
4443	3494
618	3495
771	3496
3538	3497
7425	3498
127	3499
6410	3500
7777	3501
857	3502
4959	3503
4135	3504
7153	3505
461	3506
109	3507
5172	3508
7743	3509
4649	3510
40	3511
3153	3512
4134	3513
1742	3514
8073	3515
4892	3516
809	3517
3299	3518
422	3519
6260	3520
7487	3521
2641	3522
391	3523
307	3524
769	3525
5991	3526
4241	3527
6153	3528
7291	3529
1695	3530
4171	3531
4666	3532
2874	3533
6820	3534
362	3535
4194	3536
36	3537
3875	3538
404	3539
8280	3540
37	3541
11	3542
6968	3543
907	3544
2656	3545
1190	3546
3704	3547
6793	3548
8294	3549
6111	3550
1151	3551
199	3552
3212	3553
6597	3554
5947	3555
98	3556
4994	3557
1991	3558
7284	3559
470	3560
6418	3561
8315	3562
6737	3563
6081	3564
8410	3565
7189	3566
7133	3567
2350	3568
6830	3569
758	3570
2972	3571
6228	3572
8194	3573
3847	3574
7181	3575
6591	3576
3452	3577
3183	3578
5722	3579
2012	3580
937	3581
5914	3582
674	3583
4151	3584
7250	3585
8480	3586
2772	3587
2654	3588
6368	3589
5552	3590
4066	3591
5096	3592
2900	3593
6299	3594
5518	3595
7498	3596
3199	3597
4670	3598
154	3599
4792	3600
3794	3601
7852	3602
4684	3603
785	3604
295	3605
2986	3606
532	3607
8336	3608
6898	3609
6768	3610
4708	3611
530	3612
1198	3613
1262	3614
7174	3615
7626	3616
8792	3617
7001	3618
5258	3619
7934	3620
6444	3621
4921	3622
1573	3623
7801	3624
5161	3625
4593	3626
1234	3627
6386	3628
4034	3629
4384	3630
1117	3631
4795	3632
6807	3633
5126	3634
6324	3635
8683	3636
834	3637
2558	3638
5209	3639
8083	3640
449	3641
4136	3642
343	3643
478	3644
1962	3645
2276	3646
636	3647
112	3648
5865	3649
1571	3650
7062	3651
4353	3652
4218	3653
7344	3654
6481	3655
7140	3656
3753	3657
7376	3658
5577	3659
255	3660
8629	3661
3512	3662
3052	3663
4555	3664
473	3665
2406	3666
43	3667
650	3668
2914	3669
5034	3670
7342	3671
4446	3672
7252	3673
12	3674
7591	3675
5681	3676
4412	3677
5155	3678
294	3679
3186	3680
8552	3681
5739	3682
3349	3683
2846	3684
6218	3685
5973	3686
8	3687
8585	3688
7072	3689
3558	3690
3861	3691
7097	3692
7894	3693
2686	3694
7873	3695
697	3696
3319	3697
5264	3698
3858	3699
5423	3700
7523	3701
4028	3702
4673	3703
2662	3704
2717	3705
823	3706
3904	3707
2775	3708
5982	3709
5637	3710
513	3711
6914	3712
7115	3713
3593	3714
1083	3715
8736	3716
3507	3717
949	3718
4261	3719
6992	3720
1603	3721
486	3722
2710	3723
2210	3724
7578	3725
2408	3726
2475	3727
2713	3728
3464	3729
2044	3730
7726	3731
8293	3732
697	3733
8798	3734
6388	3735
1994	3736
7032	3737
715	3738
5256	3739
6278	3740
5858	3741
2	3742
2009	3743
5568	3744
7003	3745
5235	3746
5361	3747
4808	3748
5702	3749
8299	3750
8672	3751
7555	3752
744	3753
6772	3754
220	3755
5649	3756
3559	3757
3158	3758
1097	3759
652	3760
6205	3761
4433	3762
73	3763
3084	3764
7269	3765
466	3766
2925	3767
7315	3768
1360	3769
1463	3770
107	3771
8708	3772
3640	3773
3592	3774
6576	3775
2778	3776
6504	3777
2630	3778
98	3779
59	3780
1568	3781
3659	3782
5720	3783
5624	3784
5626	3785
4014	3786
4309	3787
7834	3788
5684	3789
5177	3790
3723	3791
67	3792
4350	3793
1846	3794
4678	3795
3234	3796
6640	3797
3442	3798
8170	3799
3825	3800
5793	3801
3866	3802
6348	3803
5859	3804
2412	3805
3102	3806
8606	3807
3340	3808
7429	3809
3228	3810
4697	3811
5464	3812
1060	3813
2969	3814
4418	3815
7178	3816
4884	3817
1904	3818
6526	3819
656	3820
51	3821
5154	3822
1451	3823
2007	3824
2855	3825
5572	3826
3488	3827
5957	3828
4499	3829
7569	3830
3343	3831
217	3832
4829	3833
7735	3834
1528	3835
2515	3836
8753	3837
8558	3838
6344	3839
6182	3840
42	3841
220	3842
1974	3843
6958	3844
6106	3845
1137	3846
4289	3847
8621	3848
3037	3849
1766	3850
4766	3851
5056	3852
1973	3853
7210	3854
138	3855
3900	3856
5740	3857
6493	3858
2648	3859
1094	3860
2935	3861
2418	3862
476	3863
6730	3864
7928	3865
733	3866
104	3867
4810	3868
6823	3869
6050	3870
2782	3871
8014	3872
2695	3873
8274	3874
997	3875
7712	3876
8512	3877
1249	3878
472	3879
380	3880
932	3881
5496	3882
7484	3883
4454	3884
8392	3885
3245	3886
4505	3887
6150	3888
3667	3889
7392	3890
3932	3891
183	3892
176	3893
5061	3894
348	3895
4837	3896
6209	3897
546	3898
3754	3899
5093	3900
4899	3901
2680	3902
3851	3903
8511	3904
4282	3905
400	3906
6599	3907
8216	3908
5492	3909
3873	3910
2644	3911
7114	3912
8393	3913
8717	3914
3172	3915
4420	3916
5105	3917
4290	3918
2607	3919
8608	3920
3638	3921
8553	3922
7025	3923
3996	3924
3696	3925
825	3926
6267	3927
4559	3928
5188	3929
7744	3930
5465	3931
4943	3932
1177	3933
747	3934
6427	3935
521	3936
2278	3937
6252	3938
22	3939
7598	3940
7424	3941
2735	3942
1059	3943
7431	3944
2509	3945
4140	3946
2116	3947
2117	3948
3776	3949
3323	3950
8722	3951
2028	3952
5469	3953
5975	3954
183	3955
879	3956
5989	3957
8586	3958
6817	3959
6021	3960
5532	3961
515	3962
4777	3963
205	3964
7645	3965
6969	3966
5050	3967
6273	3968
3546	3969
777	3970
2127	3971
7565	3972
7242	3973
342	3974
2917	3975
7491	3976
2968	3977
393	3978
3882	3979
2411	3980
6808	3981
8686	3982
1445	3983
6123	3984
2832	3985
7914	3986
705	3987
1647	3988
152	3989
3366	3990
10	3991
72	3992
5295	3993
6345	3994
5444	3995
66	3996
353	3997
2328	3998
4357	3999
5940	4000
2390	4001
766	4002
1026	4003
5091	4004
2372	4005
577	4006
4969	4007
1371	4008
1602	4009
5476	4010
2228	4011
5390	4012
3202	4013
5069	4014
141	4015
4851	4016
2346	4017
4421	4018
6590	4019
2027	4020
653	4021
6067	4022
414	4023
2384	4024
8002	4025
7251	4026
3135	4027
1045	4028
6872	4029
2623	4030
2426	4031
2748	4032
1	4033
3015	4034
3258	4035
3073	4036
2596	4037
7202	4038
433	4039
2661	4040
1396	4041
3177	4042
6076	4043
2688	4044
4487	4045
6007	4046
2021	4047
1077	4048
7567	4049
3042	4050
3243	4051
297	4052
257	4053
2357	4054
8341	4055
7937	4056
4470	4057
613	4058
3672	4059
83	4060
234	4061
7827	4062
425	4063
2784	4064
2043	4065
5974	4066
4252	4067
3527	4068
337	4069
7219	4070
6359	4071
2	4072
9	4073
328	4074
7364	4075
1482	4076
650	4077
6892	4078
109	4079
8650	4080
2801	4081
2145	4082
2851	4083
4513	4084
1358	4085
7397	4086
6535	4087
3241	4088
52	4089
8485	4090
5359	4091
352	4092
3650	4093
2395	4094
3893	4095
836	4096
6536	4097
3332	4098
419	4099
6049	4100
516	4101
547	4102
550	4103
5814	4104
7221	4105
125	4106
768	4107
6932	4108
7220	4109
6375	4110
716	4111
3612	4112
4604	4113
4243	4114
1049	4115
3526	4116
7907	4117
7280	4118
4658	4119
1319	4120
6797	4121
6497	4122
7945	4123
4756	4124
331	4125
24	4126
4478	4127
5063	4128
8007	4129
3469	4130
2814	4131
3142	4132
585	4133
2186	4134
536	4135
1107	4136
7753	4137
1141	4138
4103	4139
1081	4140
448	4141
849	4142
5735	4143
1995	4144
5823	4145
3760	4146
1611	4147
3960	4148
5519	4149
5965	4150
4909	4151
5830	4152
7962	4153
5855	4154
91	4155
476	4156
7236	4157
3004	4158
7605	4159
4258	4160
4693	4161
4859	4162
6335	4163
1623	4164
3325	4165
8375	4166
5866	4167
941	4168
4283	4169
5477	4170
5211	4171
5064	4172
3041	4173
6873	4174
8327	4175
7454	4176
5015	4177
4285	4178
1507	4179
688	4180
191	4181
2763	4182
4187	4183
2516	4184
3122	4185
1231	4186
5629	4187
1430	4188
11	4189
7947	4190
465	4191
6032	4192
812	4193
6966	4194
6688	4195
1592	4196
280	4197
145	4198
5678	4199
2146	4200
7686	4201
726	4202
2362	4203
1306	4204
3714	4205
3478	4206
5751	4207
1131	4208
7597	4209
3627	4210
3703	4211
946	4212
6178	4213
610	4214
1375	4215
902	4216
7547	4217
6277	4218
1211	4219
8545	4220
3639	4221
7986	4222
119	4223
95	4224
8409	4225
3471	4226
594	4227
5559	4228
340	4229
5755	4230
1070	4231
7862	4232
319	4233
278	4234
7420	4235
6789	4236
4826	4237
5004	4238
431	4239
1497	4240
3591	4241
3783	4242
47	4243
5287	4244
4538	4245
179	4246
171	4247
8517	4248
4435	4249
761	4250
1900	4251
59	4252
734	4253
7648	4254
4268	4255
7683	4256
3008	4257
5777	4258
4472	4259
7659	4260
725	4261
1191	4262
5663	4263
6492	4264
7969	4265
3731	4266
459	4267
190	4268
2288	4269
2482	4270
7692	4271
1924	4272
115	4273
3955	4274
894	4275
655	4276
1996	4277
2547	4278
722	4279
4314	4280
6631	4281
4515	4282
635	4283
2502	4284
1076	4285
1036	4286
1420	4287
7912	4288
3187	4289
411	4290
3327	4291
6623	4292
6339	4293
7362	4294
1850	4295
5371	4296
8099	4297
4914	4298
8029	4299
3831	4300
7877	4301
4318	4302
901	4303
6214	4304
7455	4305
2447	4306
6726	4307
181	4308
8272	4309
7110	4310
7768	4311
1667	4312
6143	4313
5704	4314
7330	4315
201	4316
8142	4317
8013	4318
2224	4319
6734	4320
5388	4321
22	4322
6558	4323
3770	4324
4451	4325
367	4326
139	4327
5021	4328
7922	4329
8638	4330
8670	4331
29	4332
5700	4333
6035	4334
888	4335
8251	4336
114	4337
6733	4338
6539	4339
5534	4340
6513	4341
3599	4342
1951	4343
5627	4344
13	4345
280	4346
3779	4347
2477	4348
3208	4349
8520	4350
1824	4351
1885	4352
7474	4353
2647	4354
3076	4355
3370	4356
4127	4357
1286	4358
6949	4359
7940	4360
4224	4361
7755	4362
9	4363
6498	4364
29	4365
8502	4366
278	4367
8317	4368
936	4369
5923	4370
6678	4371
8491	4372
3107	4373
543	4374
8466	4375
5748	4376
8734	4377
4436	4378
608	4379
2500	4380
1785	4381
8335	4382
8115	4383
1317	4384
8249	4385
8810	4386
3767	4387
7642	4388
8382	4389
8526	4390
170	4391
1338	4392
6122	4393
4038	4394
4050	4395
8132	4396
1218	4397
6	4398
6578	4399
7258	4400
9	4401
2192	4402
6018	4403
7312	4404
5185	4405
4845	4406
1405	4407
991	4408
1604	4409
675	4410
4425	4411
6241	4412
5503	4413
5504	4414
945	4415
610	4416
3958	4417
558	4418
166	4419
570	4420
7548	4421
8428	4422
189	4423
4358	4424
348	4425
261	4426
604	4427
1422	4428
7546	4429
7365	4430
767	4431
4467	4432
5128	4433
6704	4434
3551	4435
7656	4436
7554	4437
4495	4438
6938	4439
6723	4440
6061	4441
12	4442
7678	4443
5301	4444
2783	4445
591	4446
6770	4447
2737	4448
2715	4449
5368	4450
8240	4451
2896	4452
7869	4453
102	4454
6523	4455
7704	4456
557	4457
580	4458
4712	4459
3525	4460
783	4461
144	4462
5980	4463
149	4464
7373	4465
8071	4466
8123	4467
12	4468
3778	4469
1029	4470
3666	4471
7048	4472
121	4473
535	4474
6522	4475
7613	4476
108	4477
675	4478
3010	4479
3446	4480
384	4481
253	4482
6515	4483
4184	4484
4371	4485
2884	4486
2473	4487
1	4488
6532	4489
2066	4490
22	4491
621	4492
1586	4493
7619	4494
7572	4495
6976	4496
3556	4497
6165	4498
4893	4499
6946	4500
1242	4501
3717	4502
8756	4503
10	4504
2771	4505
7413	4506
3708	4507
2416	4508
2501	4509
2491	4510
374	4511
6755	4512
312	4513
2842	4514
118	4515
4791	4516
2152	4517
4622	4518
202	4519
584	4520
2056	4521
2800	4522
7203	4523
819	4524
813	4525
8541	4526
8470	4527
19	4528
7588	4529
6172	4530
7669	4531
3114	4532
630	4533
814	4534
4905	4535
1503	4536
8367	4537
7858	4538
2193	4539
497	4540
6572	4541
1187	4542
814	4543
3394	4544
428	4545
5310	4546
5633	4547
367	4548
2329	4549
702	4550
5043	4551
907	4552
505	4553
8342	4554
5533	4555
527	4556
4692	4557
646	4558
2080	4559
7810	4560
6752	4561
14	4562
5721	4563
8385	4564
2039	4565
435	4566
6268	4567
400	4568
3570	4569
4978	4570
101	4571
227	4572
6800	4573
1627	4574
2581	4575
3705	4576
6501	4577
5433	4578
7472	4579
5090	4580
4806	4581
5802	4582
5145	4583
62	4584
558	4585
206	4586
5218	4587
3800	4588
5592	4589
5279	4590
8563	4591
3940	4592
2094	4593
3466	4594
3707	4595
5933	4596
5173	4597
7973	4598
5382	4599
8090	4600
7298	4601
3557	4602
1303	4603
4910	4604
893	4605
8414	4606
4995	4607
6346	4608
6318	4609
2827	4610
5157	4611
359	4612
5737	4613
2386	4614
1152	4615
2828	4616
188	4617
5794	4618
148	4619
4468	4620
3180	4621
4718	4622
2963	4623
5174	4624
7387	4625
3841	4626
2738	4627
5438	4628
5719	4629
2331	4630
4626	4631
131	4632
7104	4633
6408	4634
5869	4635
5479	4636
587	4637
8212	4638
4248	4639
19	4640
2650	4641
8509	4642
7139	4643
5278	4644
114	4645
3261	4646
5841	4647
2965	4648
4225	4649
6117	4650
774	4651
8049	4652
8094	4653
654	4654
4401	4655
8200	4656
2403	4657
5867	4658
4486	4659
4305	4660
4375	4661
4991	4662
2696	4663
694	4664
3906	4665
3133	4666
8061	4667
8641	4668
586	4669
2445	4670
4654	4671
8601	4672
1565	4673
43	4674
5524	4675
908	4676
1192	4677
5400	4678
8649	4679
676	4680
5807	4681
6036	4682
2119	4683
7977	4684
77	4685
1658	4686
7216	4687
4752	4688
133	4689
2400	4690
6431	4691
4686	4692
4842	4693
44	4694
605	4695
188	4696
751	4697
5311	4698
2672	4699
5098	4700
6651	4701
754	4702
5102	4703
140	4704
2934	4705
1634	4706
2670	4707
1236	4708
793	4709
3320	4710
3068	4711
2006	4712
2733	4713
7256	4714
6693	4715
2358	4716
2740	4717
801	4718
7082	4719
120	4720
396	4721
5979	4722
616	4723
2948	4724
6738	4725
7152	4726
3328	4727
7363	4728
137	4729
7120	4730
6840	4731
12	4732
13	4733
3630	4734
7825	4735
3472	4736
7592	4737
5904	4738
6489	4739
6540	4740
5203	4741
1517	4742
801	4743
4274	4744
7074	4745
1608	4746
4651	4747
6383	4748
4071	4749
1458	4750
5065	4751
164	4752
1867	4753
7060	4754
7808	4755
5750	4756
8464	4757
2448	4758
3029	4759
5	4760
255	4761
5622	4762
1403	4763
6555	4764
8039	4765
8229	4766
6881	4767
4972	4768
7401	4769
1675	4770
5397	4771
482	4772
3267	4773
4336	4774
2837	4775
3804	4776
7887	4777
5341	4778
477	4779
4751	4780
781	4781
83	4782
28	4783
206	4784
2823	4785
7164	4786
7556	4787
6923	4788
6319	4789
3766	4790
642	4791
611	4792
8615	4793
8373	4794
688	4795
8328	4796
6696	4797
5917	4798
7013	4799
7691	4800
133	4801
4709	4802
944	4803
6133	4804
81	4805
3	4806
5316	4807
5228	4808
619	4809
8326	4810
452	4811
3375	4812
4616	4813
4216	4814
4297	4815
5213	4816
7268	4817
1878	4818
1778	4819
2985	4820
712	4821
1194	4822
7098	4823
433	4824
223	4825
136	4826
4679	4827
323	4828
2979	4829
6988	4830
105	4831
807	4832
7780	4833
8384	4834
7044	4835
1119	4836
4142	4837
223	4838
2	4839
8787	4840
4432	4841
3600	4842
6996	4843
1880	4844
133	4845
1099	4846
1884	4847
7090	4848
4618	4849
8163	4850
3178	4851
3870	4852
8387	4853
4950	4854
1446	4855
3788	4856
4217	4857
3734	4858
766	4859
5832	4860
4652	4861
3772	4862
4669	4863
5344	4864
8581	4865
7749	4866
1146	4867
7737	4868
5078	4869
3453	4870
7415	4871
4856	4872
3	4873
276	4874
5014	4875
4510	4876
4419	4877
6761	4878
5483	4879
3225	4880
134	4881
4394	4882
4113	4883
7893	4884
446	4885
2921	4886
601	4887
5331	4888
5652	4889
5088	4890
401	4891
896	4892
1378	4893
4155	4894
4185	4895
4853	4896
599	4897
664	4898
5470	4899
2405	4900
501	4901
906	4902
69	4903
1513	4904
35	4905
759	4906
370	4907
7249	4908
1638	4909
4746	4910
4348	4911
5571	4912
5307	4913
2915	4914
169	4915
2857	4916
372	4917
7758	4918
105	4919
915	4920
6187	4921
74	4922
6189	4923
3531	4924
6776	4925
370	4926
4985	4927
6948	4928
1806	4929
121	4930
4876	4931
5357	4932
7248	4933
1276	4934
65	4935
5535	4936
5198	4937
5574	4938
314	4939
375	4940
6681	4941
3367	4942
2523	4943
4674	4944
3121	4945
7566	4946
4564	4947
3605	4948
1171	4949
901	4950
7952	4951
3938	4952
7301	4953
49	4954
5804	4955
5969	4956
153	4957
1316	4958
6014	4959
3614	4960
7200	4961
2148	4962
3238	4963
6269	4964
7208	4965
4143	4966
288	4967
5427	4968
3274	4969
7283	4970
4503	4971
5842	4972
743	4973
2795	4974
7563	4975
5336	4976
1062	4977
4121	4978
7915	4979
8026	4980
8666	4981
3483	4982
3987	4983
2785	4984
2270	4985
6243	4986
44	4987
7943	4988
617	4989
1349	4990
2005	4991
3984	4992
7932	4993
4373	4994
2676	4995
755	4996
1705	4997
6246	4998
533	4999
3088	5000
2929	5001
159	5002
5872	5003
8001	5004
5135	5005
745	5006
2487	5007
4988	5008
3823	5009
5391	5010
6088	5011
5864	5012
1393	5013
6017	5014
1531	5015
7490	5016
2524	5017
155	5018
716	5019
3905	5020
8772	5021
6495	5022
3963	5023
5540	5024
6652	5025
2813	5026
8455	5027
5818	5028
6330	5029
8277	5030
3098	5031
4875	5032
5727	5033
8498	5034
8080	5035
977	5036
1721	5037
4395	5038
4097	5039
6585	5040
6586	5041
4807	5042
4744	5043
7186	5044
538	5045
274	5046
2060	5047
183	5048
18	5049
316	5050
6326	5051
2858	5052
740	5053
7367	5054
2434	5055
815	5056
1688	5057
5763	5058
596	5059
5896	5060
616	5061
4024	5062
6622	5063
414	5064
4592	5065
6901	5066
6130	5067
115	5068
662	5069
5381	5070
6271	5071
6438	5072
2530	5073
329	5074
42	5075
6692	5076
847	5077
3916	5078
3950	5079
767	5080
4781	5081
2690	5082
711	5083
7136	5084
2410	5085
2286	5086
4574	5087
3111	5088
4273	5089
7872	5090
5346	5091
6095	5092
4328	5093
128	5094
5343	5095
1089	5096
18	5097
503	5098
4460	5099
3119	5100
6378	5101
362	5102
4284	5103
7332	5104
295	5105
847	5106
755	5107
3986	5108
8588	5109
2495	5110
259	5111
4133	5112
6034	5113
454	5114
3257	5115
853	5116
7885	5117
28	5118
7525	5119
42	5120
4108	5121
5314	5122
4262	5123
3737	5124
143	5125
8045	5126
2222	5127
3276	5128
6941	5129
8690	5130
7166	5131
6096	5132
3141	5133
5107	5134
8214	5135
6282	5136
496	5137
1746	5138
6834	5139
1799	5140
519	5141
1772	5142
3025	5143
583	5144
5895	5145
757	5146
408	5147
8355	5148
7846	5149
2807	5150
2997	5151
4203	5152
8728	5153
151	5154
1631	5155
8097	5156
7357	5157
3373	5158
8421	5159
5151	5160
3808	5161
3336	5162
5651	5163
4828	5164
3420	5165
360	5166
360	5167
6250	5168
6163	5169
8701	5170
3844	5171
7450	5172
3620	5173
1467	5174
4321	5175
29	5176
5585	5177
2618	5178
4077	5179
3652	5180
5583	5181
1308	5182
412	5183
7261	5184
5781	5185
995	5186
7323	5187
3062	5188
5961	5189
6848	5190
5576	5191
167	5192
7844	5193
7192	5194
5593	5195
4578	5196
2511	5197
1423	5198
1558	5199
6414	5200
8358	5201
8262	5202
811	5203
7955	5204
2332	5205
423	5206
6004	5207
19	5208
6334	5209
948	5210
4458	5211
2389	5212
776	5213
7345	5214
6350	5215
5558	5216
2744	5217
708	5218
5230	5219
1985	5220
8400	5221
31	5222
7123	5223
7257	5224
501	5225
5709	5226
158	5227
1175	5228
8645	5229
6861	5230
2693	5231
1811	5232
7259	5233
4090	5234
7333	5235
842	5236
5113	5237
356	5238
7545	5239
4825	5240
516	5241
1657	5242
6857	5243
2040	5244
4653	5245
828	5246
836	5247
17	5248
5398	5249
1475	5250
6574	5251
844	5252
2700	5253
862	5254
714	5255
1395	5256
7354	5257
5949	5258
568	5259
8193	5260
4945	5261
2952	5262
4426	5263
5337	5264
5220	5265
5707	5266
8805	5267
215	5268
293	5269
2496	5270
61	5271
1770	5272
3061	5273
885	5274
8518	5275
2023	5276
8744	5277
3063	5278
8235	5279
230	5280
7826	5281
8145	5282
1196	5283
2663	5284
5766	5285
6950	5286
4231	5287
6186	5288
7636	5289
563	5290
4537	5291
7037	5292
3833	5293
5542	5294
1859	5295
148	5296
653	5297
512	5298
3313	5299
20	5300
3685	5301
110	5302
1978	5303
4898	5304
737	5305
3416	5306
437	5307
43	5308
6236	5309
4165	5310
386	5311
7961	5312
607	5313
3585	5314
6151	5315
803	5316
7403	5317
8166	5318
6625	5319
97	5320
2933	5321
3182	5322
7536	5323
3619	5324
7950	5325
6397	5326
4952	5327
126	5328
2692	5329
5007	5330
8151	5331
246	5332
8205	5333
147	5334
2173	5335
4789	5336
2792	5337
1334	5338
7266	5339
4727	5340
3207	5341
461	5342
1557	5343
4999	5344
7318	5345
8768	5346
7601	5347
5768	5348
7168	5349
2724	5350
7058	5351
8622	5352
2774	5353
2603	5354
129	5355
5468	5356
623	5357
74	5358
7926	5359
3695	5360
2041	5361
2142	5362
792	5363
3810	5364
5425	5365
1945	5366
3726	5367
3902	5368
4749	5369
7544	5370
5621	5371
5650	5372
151	5373
7061	5374
8025	5375
603	5376
2718	5377
2714	5378
8447	5379
731	5380
354	5381
2149	5382
559	5383
3821	5384
6888	5385
1243	5386
1163	5387
415	5388
8022	5389
6478	5390
738	5391
1698	5392
1641	5393
779	5394
7939	5395
6796	5396
6413	5397
8128	5398
8196	5399
3699	5400
3190	5401
1311	5402
8325	5403
5115	5404
404	5405
7274	5406
5146	5407
7904	5408
1635	5409
7052	5410
4517	5411
468	5412
3427	5413
2441	5414
2883	5415
7702	5416
8605	5417
3946	5418
7290	5419
1297	5420
2954	5421
4000	5422
3655	5423
7736	5424
6527	5425
7793	5426
5553	5427
1087	5428
4256	5429
431	5430
3489	5431
192	5432
4915	5433
2519	5434
2951	5435
4526	5436
4271	5437
6016	5438
3852	5439
1471	5440
5022	5441
6006	5442
402	5443
2214	5444
2789	5445
7946	5446
2018	5447
1098	5448
1835	5449
652	5450
2440	5451
2787	5452
6878	5453
1079	5454
2725	5455
2304	5456
2835	5457
3582	5458
147	5459
2742	5460
174	5461
5871	5462
479	5463
6332	5464
7260	5465
7023	5466
5227	5467
6115	5468
3408	5469
800	5470
2470	5471
3978	5472
5515	5473
7675	5474
3598	5475
7615	5476
291	5477
4452	5478
4861	5479
1485	5480
3191	5481
3124	5482
322	5483
5039	5484
8173	5485
351	5486
2179	5487
5636	5488
7983	5489
11	5490
7112	5491
428	5492
3668	5493
7843	5494
2706	5495
321	5496
6827	5497
1955	5498
7909	5499
1496	5500
1690	5501
6233	5502
5222	5503
592	5504
8632	5505
4818	5506
5441	5507
6880	5508
3915	5509
2709	5510
6813	5511
898	5512
6977	5513
598	5514
502	5515
5831	5516
3173	5517
7802	5518
8423	5519
72	5520
7461	5521
7624	5522
5236	5523
2891	5524
6038	5525
912	5526
5116	5527
4206	5528
6256	5529
8044	5530
3254	5531
830	5532
339	5533
116	5534
1990	5535
2435	5536
1001	5537
7848	5538
8749	5539
58	5540
5325	5541
5594	5542
8473	5543
2472	5544
1537	5545
8260	5546
2668	5547
1384	5548
6658	5549
6135	5550
6942	5551
1296	5552
3125	5553
651	5554
6138	5555
8560	5556
8182	5557
5262	5558
4240	5559
5340	5560
8279	5561
146	5562
4691	5563
5825	5564
2531	5565
2681	5566
6727	5567
62	5568
6499	5569
7785	5570
2546	5571
24	5572
704	5573
2184	5574
6432	5575
5894	5576
2156	5577
6524	5578
79	5579
537	5580
8549	5581
5437	5582
77	5583
1862	5584
7908	5585
7430	5586
5241	5587
8419	5588
8675	5589
249	5590
3250	5591
4738	5592
81	5593
3537	5594
7524	5595
859	5596
6483	5597
3711	5598
81	5599
8634	5600
843	5601
633	5602
8070	5603
4349	5604
2803	5605
3078	5606
38	5607
2471	5608
7292	5609
4212	5610
2594	5611
2393	5612
5086	5613
4742	5614
4022	5615
2632	5616
1144	5617
2466	5618
5183	5619
7102	5620
3282	5621
561	5622
1645	5623
5752	5624
1615	5625
7476	5626
5448	5627
365	5628
8043	5629
137	5630
137	5631
962	5632
6666	5633
7966	5634
2942	5635
1643	5636
2099	5637
2289	5638
72	5639
5355	5640
302	5641
2698	5642
749	5643
5529	5644
7180	5645
92	5646
8288	5647
5322	5648
1470	5649
6001	5650
6490	5651
6821	5652
5447	5653
8740	5654
4809	5655
762	5656
911	5657
974	5658
8572	5659
764	5660
792	5661
7380	5662
8377	5663
8594	5664
4192	5665
2504	5666
7549	5667
2174	5668
3816	5669
1418	5670
3498	5671
7949	5672
1032	5673
7317	5674
7067	5675
6866	5676
612	5677
148	5678
595	5679
6592	5680
142	5681
3018	5682
6022	5683
3814	5684
4581	5685
4835	5686
6406	5687
5931	5688
8735	5689
3990	5690
6708	5691
3441	5692
7999	5693
1569	5694
3897	5695
6085	5696
3829	5697
4461	5698
4895	5699
7582	5700
6325	5701
5517	5702
4979	5703
127	5704
6071	5705
68	5706
405	5707
4682	5708
3167	5709
3625	5710
8739	5711
2550	5712
748	5713
310	5714
8136	5715
7015	5716
6429	5717
2741	5718
376	5719
2651	5720
6249	5721
2327	5722
160	5723
6385	5724
4280	5725
6280	5726
8087	5727
2691	5728
7851	5729
7719	5730
3331	5731
7493	5732
5233	5733
6654	5734
569	5735
181	5736
963	5737
807	5738
229	5739
8524	5740
69	5741
7099	5742
5200	5743
440	5744
5834	5745
1692	5746
1561	5747
5243	5748
996	5749
7742	5750
8076	5751
2216	5752
375	5753
4106	5754
1544	5755
4080	5756
5792	5757
816	5758
6069	5759
5736	5760
2187	5761
1784	5762
1918	5763
8627	5764
3213	5765
4731	5766
8303	5767
4536	5768
1173	5769
1157	5770
5419	5771
4469	5772
481	5773
3075	5774
1982	5775
5822	5776
1432	5777
3181	5778
3440	5779
106	5780
5266	5781
4473	5782
911	5783
2687	5784
731	5785
2677	5786
2281	5787
3860	5788
891	5789
7587	5790
8799	5791
5071	5792
256	5793
2537	5794
8300	5795
8050	5796
2033	5797
7816	5798
7788	5799
389	5800
2936	5801
573	5802
7299	5803
7882	5804
7551	5805
8283	5806
5058	5807
5782	5808
8673	5809
6785	5810
5133	5811
5562	5812
1726	5813
4037	5814
6210	5815
2615	5816
4299	5817
3739	5818
3300	5819
7522	5820
3024	5821
8479	5822
3337	5823
484	5824
5921	5825
3911	5826
3928	5827
1041	5828
1943	5829
6154	5830
5498	5831
4904	5832
6867	5833
450	5834
1551	5835
8199	5836
3069	5837
7011	5838
3580	5839
213	5840
1788	5841
5664	5842
549	5843
3333	5844
2876	5845
1827	5846
7871	5847
5598	5848
3138	5849
3271	5850
7906	5851
7628	5852
3286	5853
2683	5854
864	5855
1954	5856
1743	5857
8312	5858
7721	5859
3713	5860
859	5861
7205	5862
6819	5863
5315	5864
2323	5865
5300	5866
8062	5867
5512	5868
1388	5869
315	5870
5566	5871
3631	5872
4525	5873
2074	5874
7811	5875
4137	5876
4840	5877
5189	5878
3757	5879
3474	5880
4269	5881
971	5882
2548	5883
7294	5884
6884	5885
1576	5886
511	5887
1006	5888
7954	5889
871	5890
2305	5891
6370	5892
217	5893
7820	5894
2553	5895
5028	5896
5132	5897
5509	5898
3378	5899
4557	5900
6112	5901
922	5902
371	5903
5665	5904
664	5905
4880	5906
5602	5907
3502	5908
7799	5909
4244	5910
7	5911
7371	5912
4623	5913
2613	5914
1733	5915
620	5916
289	5917
1553	5918
1132	5919
8238	5920
3675	5921
385	5922
8711	5923
221	5924
380	5925
496	5926
2910	5927
4259	5928
3093	5929
8005	5930
4747	5931
7426	5932
1840	5933
7142	5934
4606	5935
5555	5936
1925	5937
180	5938
1201	5939
2930	5940
1135	5941
249	5942
1004	5943
527	5944
3108	5945
510	5946
2739	5947
7199	5948
742	5949
2191	5950
2840	5951
5897	5952
6467	5953
445	5954
4029	5955
4160	5956
2431	5957
7706	5958
2037	5959
2015	5960
3574	5961
5342	5962
8359	5963
6608	5964
5192	5965
3031	5966
4327	5967
8101	5968
8217	5969
771	5970
2221	5971
2758	5972
216	5973
6167	5974
5286	5975
7054	5976
860	5977
1124	5978
352	5979
6270	5980
115	5981
8110	5982
5526	5983
4	5984
4340	5985
398	5986
6657	5987
7297	5988
1389	5989
1340	5990
3113	5991
5478	5992
8513	5993
7964	5994
3363	5995
2812	5996
2072	5997
3918	5998
7957	5999
3480	6000
624	6001
7326	6002
7670	6003
4897	6004
4869	6005
378	6006
5936	6007
3989	6008
4480	6009
8463	6010
639	6011
6169	6012
6774	6013
189	6014
5685	6015
3765	6016
7705	6017
251	6018
1998	6019
8261	6020
4720	6021
8687	6022
4338	6023
5944	6024
3720	6025
1965	6026
178	6027
1312	6028
2799	6029
269	6030
3889	6031
1552	6032
1336	6033
3683	6034
7370	6035
1963	6036
37	6037
764	6038
49	6039
8257	6040
8404	6041
1428	6042
4272	6043
5929	6044
4648	6045
7770	6046
1170	6047
5630	6048
775	6049
628	6050
840	6051
7428	6052
6259	6053
8462	6054
8745	6055
5079	6056
6384	6057
8755	6058
6120	6059
8416	6060
3086	6061
7695	6062
5	6063
7375	6064
439	6065
4319	6066
3613	6067
5682	6068
7341	6069
292	6070
5029	6071
3815	6072
8028	6073
872	6074
7077	6075
5019	6076
4793	6077
51	6078
3096	6079
1920	6080
262	6081
452	6082
6849	6083
3663	6084
3881	6085
364	6086
5726	6087
3744	6088
8220	6089
5868	6090
598	6091
3658	6092
5941	6093
6127	6094
2749	6095
483	6096
1773	6097
3826	6098
4079	6099
1203	6100
752	6101
332	6102
7504	6103
6961	6104
4214	6105
3697	6106
2465	6107
680	6108
7855	6109
3686	6110
3117	6111
4430	6112
5392	6113
8651	6114
2109	6115
6394	6116
144	6117
2449	6118
8773	6119
311	6120
3828	6121
5152	6122
4110	6123
4816	6124
8801	6125
6732	6126
7944	6127
93	6128
3921	6129
5744	6130
210	6131
913	6132
186	6133
1014	6134
117	6135
1590	6136
2994	6137
7701	6138
7627	6139
8018	6140
2886	6141
48	6142
1819	6143
2770	6144
7841	6145
3566	6146
4020	6147
5106	6148
64	6149
3447	6150
531	6151
3729	6152
2636	6153
393	6154
2343	6155
386	6156
1176	6157
4867	6158
1948	6159
4997	6160
4482	6161
601	6162
4889	6163
6509	6164
4483	6165
319	6166
4484	6167
751	6168
8527	6169
1761	6170
1764	6171
1762	6172
1763	6173
3943	6174
37	6175
7711	6176
2536	6177
6455	6178
5052	6179
986	6180
7881	6181
3540	6182
3926	6183
3855	6184
4891	6185
8175	6186
1750	6187
2867	6188
6773	6189
2401	6190
1732	6191
2481	6192
5999	6193
6317	6194
4558	6195
3203	6196
7000	6197
2943	6198
8484	6199
661	6200
5250	6201
5048	6202
4659	6203
3402	6204
1462	6205
3132	6206
2793	6207
1230	6208
388	6209
4948	6210
86	6211
1708	6212
8167	6213
1031	6214
6005	6215
802	6216
972	6217
4084	6218
7530	6219
7759	6220
1789	6221
2606	6222
369	6223
5060	6224
5795	6225
7728	6226
6926	6227
2	6228
3435	6229
3787	6230
3129	6231
2308	6232
2796	6233
3298	6234
6420	6235
4546	6236
4937	6237
3205	6238
6356	6239
7812	6240
8630	6241
2076	6242
1610	6243
4580	6244
8706	6245
6634	6246
6814	6247
6213	6248
1147	6249
4301	6250
747	6251
3763	6252
7874	6253
6955	6254
629	6255
318	6256
3522	6257
522	6258
3218	6259
3315	6260
7231	6261
1771	6262
1167	6263
3706	6264
7137	6265
5208	6266
6441	6267
4361	6268
2371	6269
147	6270
6118	6271
1892	6272
119	6273
5500	6274
5901	6275
4595	6276
4831	6277
4199	6278
453	6279
8710	6280
2798	6281
6940	6282
6589	6283
6569	6284
2570	6285
2230	6286
4542	6287
8521	6288
2392	6289
8763	6290
7769	6291
5501	6292
2320	6293
3194	6294
6425	6295
4996	6296
8231	6297
2097	6298
2282	6299
2311	6300
2773	6301
6191	6302
303	6303
383	6304
3162	6305
4356	6306
271	6307
8600	6308
2172	6309
5259	6310
3719	6311
5564	6312
5380	6313
4102	6314
361	6315
5275	6316
8707	6317
4183	6318
4441	6319
3317	6320
4926	6321
1826	6322
5219	6323
778	6324
5385	6325
335	6326
142	6327
921	6328
1488	6329
6828	6330
3629	6331
484	6332
4736	6333
4563	6334
7374	6335
2459	6336
8637	6337
6568	6338
529	6339
5111	6340
2463	6341
7088	6342
5731	6343
529	6344
3198	6345
180	6346
4613	6347
5372	6348
7813	6349
2083	6350
2295	6351
7609	6352
3508	6353
8597	6354
4317	6355
7917	6356
5199	6357
5810	6358
530	6359
2298	6360
7179	6361
285	6362
498	6363
597	6364
2139	6365
1843	6366
7390	6367
162	6368
32	6369
5333	6370
2957	6371
7662	6372
8504	6373
817	6374
2383	6375
6043	6376
8671	6377
3615	6378
460	6379
5927	6380
2121	6381
8804	6382
426	6383
550	6384
5226	6385
526	6386
8780	6387
782	6388
3830	6389
967	6390
8499	6391
2879	6392
8415	6393
152	6394
882	6395
7985	6396
569	6397
5481	6398
914	6399
3589	6400
2836	6401
7100	6402
4083	6403
214	6404
2045	6405
1934	6406
2394	6407
5661	6408
1095	6409
7732	6410
221	6411
184	6412
576	6413
956	6414
479	6415
1184	6416
6023	6417
4440	6418
5254	6419
174	6420
5360	6421
4786	6422
5538	6423
6787	6424
658	6425
7378	6426
3318	6427
5137	6428
5754	6429
3470	6430
1082	6431
3475	6432
7092	6433
4516	6434
3077	6435
5970	6436
6090	6437
7042	6438
3865	6439
700	6440
1140	6441
5162	6442
7165	6443
8450	6444
3919	6445
3365	6446
7436	6447
3393	6448
3368	6449
5769	6450
1596	6451
4179	6452
4737	6453
3309	6454
344	6455
6875	6456
3249	6457
4257	6458
8113	6459
4263	6460
5269	6461
8725	6462
1729	6463
4832	6464
609	6465
1039	6466
8351	6467
2689	6468
8134	6469
1914	6470
3999	6471
4583	6472
4490	6473
5966	6474
6943	6475
4661	6476
2918	6477
5963	6478
4390	6479
2396	6480
5815	6481
467	6482
8146	6483
1361	6484
2893	6485
3863	6486
8738	6487
6583	6488
7418	6489
779	6490
5294	6491
420	6492
3608	6493
38	6494
2034	6495
6764	6496
6242	6497
3669	6498
4150	6499
6689	6500
3305	6501
124	6502
889	6503
6158	6504
6155	6505
272	6506
3517	6507
7432	6508
5202	6509
8349	6510
8390	6511
708	6512
4778	6513
442	6514
1609	6515
657	6516
657	6517
798	6518
2699	6519
7193	6520
683	6521
5693	6522
56	6523
3680	6524
351	6525
6644	6526
8102	6527
5926	6528
3019	6529
7990	6530
4087	6531
633	6532
32	6533
1751	6534
292	6535
5716	6536
3515	6537
7241	6538
6024	6539
3236	6540
2138	6541
4459	6542
5449	6543
5415	6544
3854	6545
3421	6546
4355	6547
2788	6548
8019	6549
5057	6550
3239	6551
6486	6552
6756	6553
627	6554
2579	6555
40	6556
5833	6557
11	6558
661	6559
8268	6560
1628	6561
2878	6562
887	6563
8723	6564
809	6565
1372	6566
2817	6567
347	6568
3027	6569
52	6570
7836	6571
1166	6572
7214	6573
8567	6574
699	6575
7050	6576
7861	6577
7467	6578
3032	6579
4687	6580
1670	6581
8190	6582
4894	6583
3136	6584
4762	6585
371	6586
8771	6587
7764	6588
4775	6589
51	6590
6053	6591
5885	6592
5206	6593
3115	6594
8743	6595
6844	6596
5522	6597
324	6598
3920	6599
5660	6600
513	6601
2743	6602
28	6603
5981	6604
409	6605
8700	6606
46	6607
2263	6608
7953	6609
168	6610
2913	6611
8782	6612
4870	6613
6899	6614
8741	6615
5959	6616
5257	6617
4932	6618
74	6619
7480	6620
3306	6621
5089	6622
4221	6623
1182	6624
8647	6625
2231	6626
2093	6627
2892	6628
301	6629
1448	6630
5619	6631
8633	6632
224	6633
7783	6634
190	6635
1397	6636
1930	6637
5408	6638
57	6639
1084	6640
7253	6641
5601	6642
864	6643
1712	6644
5984	6645
3477	6646
5880	6647
4852	6648
7996	6649
8331	6650
2292	6651
5247	6652
175	6653
4485	6654
4292	6655
3174	6656
5670	6657
8055	6658
6306	6659
4942	6660
6456	6661
4122	6662
5565	6663
5531	6664
4646	6665
6405	6666
67	6667
211	6668
7230	6669
218	6670
5705	6671
765	6672
4815	6673
787	6674
4220	6675
1852	6676
7890	6677
119	6678
1738	6679
6121	6680
1109	6681
6333	6682
229	6683
2359	6684
16	6685
7974	6686
3033	6687
304	6688
83	6689
8531	6690
2923	6691
4634	6692
8289	6693
2926	6694
2301	6695
3263	6696
1437	6697
8058	6698
2092	6699
899	6700
8486	6701
5216	6702
7800	6703
1255	6704
2928	6705
213	6706
336	6707
4813	6708
390	6709
2953	6710
667	6711
2554	6712
1906	6713
186	6714
4172	6715
6877	6716
4741	6717
8150	6718
1267	6719
8311	6720
1757	6721
6103	6722
475	6723
2538	6724
4509	6725
1510	6726
1491	6727
1455	6728
437	6729
6288	6730
459	6731
6062	6732
5330	6733
3221	6734
3922	6735
4508	6736
2815	6737
2101	6738
783	6739
1493	6740
50	6741
6863	6742
7898	6743
240	6744
793	6745
1872	6746
8301	6747
3399	6748
2755	6749
2730	6750
1812	6751
3774	6752
8380	6753
875	6754
7690	6755
873	6756
6565	6757
1935	6758
2058	6759
8694	6760
3801	6761
4264	6762
6972	6763
2667	6764
5710	6765
8089	6766
644	6767
8203	6768
7377	6769
7997	6770
8361	6771
1365	6772
7654	6773
7271	6774
244	6775
7475	6776
590	6777
141	6778
3429	6779
7804	6780
5641	6781
2932	6782
7463	6783
6962	6784
3384	6785
7821	6786
3189	6787
3803	6788
13	6789
7876	6790
5615	6791
8366	6792
1040	6793
3417	6794
7433	6795
1228	6796
4790	6797
2635	6798
7603	6799
20	6800
8230	6801
3079	6802
2616	6803
1618	6804
984	6805
5484	6806
7466	6807
6616	6808
4153	6809
1174	6810
3568	6811
968	6812
5554	6813
1085	6814
837	6815
3269	6816
63	6817
883	6818
96	6819
1595	6820
7073	6821
7448	6822
2866	6823
160	6824
4	6825
5680	6826
8059	6827
6387	6828
3530	6829
5245	6830
6784	6831
8795	6832
5191	6833
799	6834
7958	6835
7132	6836
5396	6837
4599	6838
1542	6839
3511	6840
60	6841
366	6842
6886	6843
6159	6844
693	6845
7739	6846
588	6847
6989	6848
3971	6849
4735	6850
7162	6851
178	6852
8264	6853
2962	6854
6822	6855
164	6856
246	6857
6856	6858
1235	6859
711	6860
4560	6861
193	6862
145	6863
7513	6864
4761	6865
5082	6866
331	6867
5881	6868
2428	6869
4982	6870
7279	6871
16	6872
2102	6873
1888	6874
794	6875
8211	6876
6520	6877
900	6878
7422	6879
120	6880
4847	6881
2315	6882
3392	6883
3807	6884
6188	6885
1368	6886
1315	6887
1820	6888
5977	6889
4605	6890
235	6891
3089	6892
5537	6893
4549	6894
5261	6895
4520	6896
5092	6897
7526	6898
8120	6899
1434	6900
6109	6901
6781	6902
3256	6903
1947	6904
3372	6905
8697	6906
6635	6907
5462	6908
812	6909
4773	6910
8060	6911
27	6912
2685	6913
179	6914
8213	6915
2754	6916
8158	6917
3169	6918
3080	6919
6311	6920
2970	6921
6190	6922
4188	6923
6627	6924
2583	6925
7007	6926
2666	6927
5490	6928
1047	6929
685	6930
2415	6931
6883	6932
2356	6933
2569	6934
8108	6935
4379	6936
6600	6937
7394	6938
5899	6939
320	6940
1476	6941
2559	6942
1630	6943
17	6944
122	6945
6621	6946
1186	6947
4439	6948
3784	6949
3924	6950
3314	6951
5121	6952
6573	6953
2001	6954
5613	6955
696	6956
85	6957
3051	6958
6303	6959
735	6960
7483	6961
3143	6962
3820	6963
1080	6964
2777	6965
6801	6966
8779	6967
2423	6968
130	6969
7339	6970
2468	6971
5168	6972
1526	6973
5044	6974
5860	6975
5672	6976
34	6977
207	6978
7265	6979
2540	6980
7723	6981
125	6982
1328	6983
5160	6984
3802	6985
350	6986
5068	6987
897	6988
1344	6989
7634	6990
7532	6991
1847	6992
3360	6993
6239	6994
1960	6995
474	6996
2765	6997
1322	6998
2299	6999
7460	7000
795	7001
6048	7002
5849	7003
415	7004
5935	7005
284	7006
6702	7007
2016	7008
8168	7009
2166	7010
2167	7011
4726	7012
173	7013
612	7014
710	7015
6839	7016
4455	7017
8381	7018
4976	7019
2199	7020
1797	7021
8031	7022
299	7023
4147	7024
5324	7025
4854	7026
5097	7027
6769	7028
45	7029
350	7030
8754	7031
5689	7032
1254	7033
1536	7034
2818	7035
27	7036
2115	7037
3725	7038
4325	7039
1386	7040
1765	7041
1367	7042
7270	7043
2309	7044
487	7045
7880	7046
3609	7047
4450	7048
7311	7049
4817	7050
39	7051
3433	7052
254	7053
2035	7054
6342	7055
145	7056
6148	7057
1546	7058
2335	7059
704	7060
885	7061
2697	7062
385	7063
191	7064
6706	7065
8535	7066
677	7067
7	7068
7673	7069
5595	7070
6711	7071
3969	7072
2589	7073
8054	7074
7517	7075
1748	7076
34	7077
5190	7078
3964	7079
906	7080
405	7081
6216	7082
998	7083
3634	7084
1940	7085
7640	7086
7714	7087
80	7088
1417	7089
4548	7090
116	7091
4347	7092
2322	7093
7421	7094
7559	7095
4344	7096
1160	7097
5176	7098
141	7099
8712	7100
1	7101
1433	7102
4715	7103
4156	7104
5497	7105
3698	7106
5798	7107
5643	7108
4768	7109
1279	7110
45	7111
4582	7112
192	7113
4065	7114
146	7115
3486	7116
5544	7117
4237	7118
5003	7119
7865	7120
2567	7121
5925	7122
4045	7123
579	7124
5691	7125
7868	7126
2555	7127
6411	7128
151	7129
3395	7130
3270	7131
8030	7132
3038	7133
8106	7134
1217	7135
5281	7136
345	7137
7086	7138
6710	7139
8085	7140
241	7141
1410	7142
678	7143
4830	7144
7987	7145
2462	7146
7995	7147
5714	7148
248	7149
959	7150
5037	7151
7057	7152
373	7153
8538	7154
3432	7155
3682	7156
4138	7157
2087	7158
6742	7159
5127	7160
939	7161
7440	7162
8316	7163
7951	7164
1341	7165
2609	7166
5582	7167
668	7168
8616	7169
2767	7170
1078	7171
3487	7172
8698	7173
3665	7174
6865	7175
1357	7176
7237	7177
419	7178
7748	7179
4760	7180
877	7181
5790	7182
4858	7183
263	7184
691	7185
1607	7186
3662	7187
8468	7188
243	7189
5985	7190
3560	7191
5443	7192
1886	7193
4474	7194
3824	7195
8010	7196
102	7197
6802	7198
1661	7199
3656	7200
1922	7201
8086	7202
1810	7203
5827	7204
257	7205
1665	7206
1588	7207
1808	7208
3979	7209
268	7210
8452	7211
2702	7212
595	7213
4822	7214
2206	7215
8523	7216
2339	7217
68	7218
5267	7219
3240	7220
6882	7221
2290	7222
2086	7223
7595	7224
6851	7225
2347	7226
7661	7227
2284	7228
6511	7229
3736	7230
197	7231
3449	7232
6052	7233
6709	7234
6396	7235
4044	7236
4387	7237
821	7238
6907	7239
5920	7240
7586	7241
1709	7242
4971	7243
4476	7244
6731	7245
4464	7246
4667	7247
712	7248
85	7249
1967	7250
1293	7251
3285	7252
8490	7253
3853	7254
6381	7255
5551	7256
4346	7257
6575	7258
53	7259
5217	7260
1244	7261
5	7262
6057	7263
281	7264
6139	7265
6981	7266
4149	7267
7366	7268
3505	7269
832	7270
7146	7271
2010	7272
3624	7273
4665	7274
8478	7275
835	7276
8438	7277
5746	7278
8242	7279
188	7280
5377	7281
409	7282
1373	7283
60	7284
8354	7285
2000	7286
6502	7287
7665	7288
2417	7289
5579	7290
1326	7291
7	7292
1701	7293
2834	7294
1	7295
1752	7296
873	7297
2424	7298
3898	7299
3251	7300
788	7301
5600	7302
3013	7303
4803	7304
502	7305
2330	7306
434	7307
7093	7308
4315	7309
5645	7310
560	7311
195	7312
445	7313
195	7314
4732	7315
4397	7316
7135	7317
177	7318
6659	7319
3206	7320
804	7321
7116	7322
1453	7323
3175	7324
6805	7325
5816	7326
204	7327
8282	7328
7053	7329
4053	7330
5569	7331
1580	7332
7443	7333
5025	7334
514	7335
6439	7336
1052	7337
2563	7338
8287	7339
2819	7340
1449	7341
301	7342
5905	7343
2363	7344
455	7345
1703	7346
347	7347
4901	7348
6913	7349
3562	7350
3651	7351
177	7352
5628	7353
1421	7354
7576	7355
582	7356
475	7357
904	7358
2868	7359
876	7360
5939	7361
2353	7362
4821	7363
8422	7364
6263	7365
107	7366
4073	7367
2474	7368
4085	7369
8623	7370
153	7371
88	7372
3381	7373
6366	7374
2707	7375
7066	7376
161	7377
7417	7378
6978	7379
6850	7380
8333	7381
2728	7382
7927	7383
1354	7384
2612	7385
851	7386
2719	7387
3524	7388
2264	7389
7002	7390
5375	7391
2990	7392
2863	7393
5446	7394
179	7395
185	7396
6129	7397
19	7398
6903	7399
5675	7400
5708	7401
322	7402
1508	7403
2875	7404
1718	7405
950	7406
8239	7407
3952	7408
4627	7409
4449	7410
1439	7411
57	7412
3721	7413
2140	7414
6505	7415
597	7416
1933	7417
2945	7418
6173	7419
822	7420
2947	7421
3967	7422
1574	7423
7700	7424
212	7425
1233	7426
8429	7427
863	7428
408	7429
3247	7430
6392	7431
1348	7432
5414	7433
209	7434
296	7435
8748	7436
6279	7437
4205	7438
4406	7439
4823	7440
846	7441
5591	7442
1101	7443
699	7444
4993	7445
167	7446
2202	7447
794	7448
6816	7449
79	7450
4427	7451
8494	7452
4161	7453
485	7454
4369	7455
3894	7456
899	7457
6352	7458
2275	7459
6310	7460
5610	7461
8103	7462
7500	7463
5298	7464
3151	7465
8635	7466
3988	7467
259	7468
2729	7469
7416	7470
7485	7471
6054	7472
6294	7473
1424	7474
578	7475
3811	7476
236	7477
1429	7478
774	7479
4531	7480
106	7481
7289	7482
6351	7483
1567	7484
723	7485
5471	7486
618	7487
3917	7488
1756	7489
4533	7490
8435	7491
5411	7492
4109	7493
7786	7494
2673	7495
236	7496
6995	7497
1266	7498
5167	7499
4445	7500
3481	7501
3232	7502
7688	7503
3304	7504
1555	7505
1414	7506
6607	7507
3118	7508
2479	7509
1155	7510
5369	7511
5870	7512
7621	7513
7651	7514
961	7515
4521	7516
1051	7517
7774	7518
2750	7519
4007	7520
3347	7521
1584	7522
5193	7523
7337	7524
247	7525
742	7526
772	7527
8669	7528
1246	7529
3907	7530
3097	7531
543	7532
5758	7533
4095	7534
239	7535
4765	7536
7537	7537
264	7538
64	7539
1068	7540
5809	7541
6916	7542
4254	7543
3856	7544
7087	7545
574	7546
700	7547
5232	7548
1633	7549
632	7550
2578	7551
7235	7552
2422	7553
103	7554
6070	7555
912	7556
5913	7557
1682	7558
5516	7559
552	7560
4128	7561
795	7562
7194	7563
8591	7564
191	7565
555	7566
6198	7567
1457	7568
2916	7569
888	7570
5835	7571
887	7572
4924	7573
701	7574
3463	7575
1704	7576
568	7577
24	7578
1669	7579
3664	7580
5514	7581
87	7582
392	7583
132	7584
5212	7585
1944	7586
6027	7587
480	7588
1019	7589
91	7590
789	7591
769	7592
5523	7593
659	7594
8051	7595
6403	7596
1016	7597
5767	7598
8204	7599
8189	7600
3601	7601
5280	7602
8362	7603
2617	7604
3491	7605
1836	7606
7437	7607
674	7608
5743	7609
6736	7610
7859	7611
3405	7612
3040	7613
89	7614
5631	7615
617	7616
7984	7617
1931	7618
406	7619
117	7620
6694	7621
4567	7622
2549	7623
2908	7624
678	7625
216	7626
23	7627
5104	7628
3896	7629
1283	7630
6552	7631
4086	7632
7646	7633
3933	7634
6957	7635
591	7636
7489	7637
8308	7638
3886	7639
6092	7640
2376	7641
193	7642
2291	7643
2032	7644
355	7645
5511	7646
3501	7647
6503	7648
537	7649
38	7650
6276	7651
233	7652
5614	7653
6951	7654
8770	7655
8161	7656
3001	7657
3805	7658
5729	7659
5141	7660
7539	7661
4928	7662
1926	7663
8689	7664
4739	7665
438	7666
8256	7667
5679	7668
7658	7669
5374	7670
218	7671
1547	7672
5945	7673
5024	7674
1949	7675
717	7676
753	7677
6257	7678
10	7679
6620	7680
7355	7681
6291	7682
3632	7683
68	7684
4168	7685
7382	7686
499	7687
6997	7688
5495	7689
726	7690
7108	7691
8343	7692
40	7693
4219	7694
1288	7695
1241	7696
3750	7697
8783	7698
4916	7699
4992	7700
5922	7701
7980	7702
4293	7703
2267	7704
17	7705
1993	7706
7972	7707
8144	7708
818	7709
184	7710
457	7711
7919	7712
5109	7713
2873	7714
7176	7715
8800	7716
6879	7717
8547	7718
82	7719
10	7720
4759	7721
2571	7722
5373	7723
5285	7724
1416	7725
6461	7726
84	7727
4603	7728
8729	7729
3692	7730
6566	7731
317	7732
4877	7733
4360	7734
8082	7735
7410	7736
6450	7737
222	7738
1066	7739
135	7740
4359	7741
6869	7742
3065	7743
942	7744
665	7745
2779	7746
743	7747
4968	7748
7046	7749
6675	7750
623	7751
1863	7752
2843	7753
6639	7754
5081	7755
1103	7756
8610	7757
6179	7758
56	7759
1169	7760
5143	7761
101	7762
7348	7763
3583	7764
394	7765
6485	7766
332	7767
5536	7768
929	7769
245	7770
846	7771
1008	7772
7614	7773
871	7774
357	7775
61	7776
943	7777
3058	7778
5686	7779
2791	7780
5821	7781
8691	7782
6445	7783
4049	7784
1523	7785
397	7786
741	7787
7031	7788
7616	7789
8522	7790
1897	7791
1064	7792
4313	7793
3572	7794
938	7795
252	7796
5908	7797
111	7798
695	7799
7196	7800
3762	7801
777	7802
848	7803
5074	7804
88	7805
4182	7806
4907	7807
5046	7808
8157	7809
7327	7810
6226	7811
3252	7812
320	7813
2414	7814
32	7815
7734	7816
867	7817
3718	7818
566	7819
8685	7820
8808	7821
6905	7822
7035	7823
582	7824
1294	7825
330	7826
6003	7827
15	7828
4362	7829
5370	7830
3647	7831
3275	7832
4466	7833
3700	7834
4502	7835
4380	7836
4788	7837
1179	7838
222	7839
6720	7840
4201	7841
1003	7842
279	7843
3962	7844
4530	7845
7094	7846
7349	7847
6496	7848
7117	7849
5036	7850
4848	7851
3353	7852
3074	7853
8269	7854
6141	7855
6606	7856
1614	7857
1923	7858
413	7859
5808	7860
565	7861
463	7862
4193	7863
2211	7864
6804	7865
8192	7866
3149	7867
7584	7868
7573	7869
189	7870
4610	7871
310	7872
4621	7873
2587	7874
588	7875
7281	7876
6876	7877
7680	7878
7503	7879
4	7880
994	7881
4514	7882
6328	7883
5095	7884
4229	7885
453	7886
8596	7887
1061	7888
6514	7889
203	7890
1755	7891
51	7892
518	7893
4162	7894
6175	7895
2444	7896
6810	7897
290	7898
8565	7899
738	7900
1572	7901
8803	7902
8626	7903
6633	7904
7293	7905
7368	7906
276	7907
3509	7908
6998	7909
6660	7910
5590	7911
6193	7912
4042	7913
5223	7914
7760	7915
21	7916
8143	7917
748	7918
277	7919
6208	7920
1532	7921
1193	7922
4060	7923
7004	7924
5101	7925
4414	7926
387	7927
7161	7928
2135	7929
8424	7930
905	7931
7778	7932
2983	7933
2975	7934
3872	7935
28	7936
5445	7937
3712	7938
6469	7939
6114	7940
7446	7941
7599	7942
3170	7943
53	7944
8644	7945
160	7946
438	7947
5883	7948
4846	7949
5852	7950
2981	7951
3727	7952
7840	7953
7993	7954
7771	7955
790	7956
16	7957
173	7958
1794	7959
7515	7960
326	7961
6185	7962
2978	7963
1559	7964
1321	7965
820	7966
724	7967
6180	7968
3715	7969
441	7970
2645	7971
2391	7972
341	7973
1616	7974
3646	7975
2514	7976
2079	7977
7477	7978
3541	7979
4100	7980
4107	7981
6211	7982
4410	7983
175	7984
8718	7985
4601	7986
382	7987
4010	7988
703	7989
4402	7990
2766	7991
4946	7992
8012	7993
6389	7994
5013	7995
3691	7996
587	7997
8209	7998
1438	7999
243	8000
7383	8001
8159	8002
6577	8003
1816	8004
1710	8005
6015	8006
7815	8007
798	8008
4506	8009
4498	8010
311	8011
2628	8012
198	8013
1143	8014
3927	8015
8680	8016
737	8017
8528	8018
1383	8019
1363	8020
5588	8021
964	8022
366	8023
3995	8024
5059	8025
4947	8026
199	8027
6984	8028
5080	8029
2584	8030
860	8031
989	8032
3039	8033
130	8034
5887	8035
2136	8036
465	8037
2756	8038
47	8039
3956	8040
6991	8041
5073	8042
2208	8043
4579	8044
3458	8045
23	8046
2716	8047
5644	8048
4245	8049
4958	8050
1664	8051
1540	8052
369	8053
190	8054
123	8055
1814	8056
1038	8057
159	8058
6272	8059
5654	8060
626	8061
6320	8062
6353	8063
8105	8064
3359	8065
4298	8066
645	8067
4716	8068
1511	8069
2844	8070
5993	8071
7229	8072
3993	8073
5888	8074
2611	8075
4701	8076
2077	8077
8580	8078
728	8079
4208	8080
5049	8081
5290	8082
6132	8083
4587	8084
5543	8085
2850	8086
730	8087
5407	8088
4175	8089
660	8090
390	8091
1685	8092
589	8093
5943	8094
6464	8095
3473	8096
4711	8097
3185	8098
5778	8099
2854	8100
4707	8101
5473	8102
35	8103
721	8104
2865	8105
1550	8106
4291	8107
8702	8108
5506	8109
8550	8110
5873	8111
5851	8112
4758	8113
8444	8114
368	8115
1440	8116
6059	8117
7494	8118
2510	8119
376	8120
571	8121
6929	8122
979	8123
644	8124
91	8125
6824	8126
6264	8127
4374	8128
3161	8129
6230	8130
286	8131
1381	8132
7303	8133
8177	8134
7407	8135
7076	8136
727	8137
6116	8138
175	8139
182	8140
6251	8141
6309	8142
7226	8143
3890	8144
3758	8145
1058	8146
8544	8147
34	8148
6983	8149
4197	8150
4541	8151
3227	8152
5647	8153
313	8154
6650	8155
3273	8156
7398	8157
2705	8158
4743	8159
3626	8160
5461	8161
4392	8162
4836	8163
2409	8164
5005	8165
8309	8166
5112	8167
1545	8168
5299	8169
2711	8170
321	8171
7389	8172
3785	8173
8178	8174
7938	8175
117	8176
1202	8177
8617	8178
36	8179
1519	8180
6512	8181
508	8182
6611	8183
1736	8184
6221	8185
8483	8186
5676	8187
403	8188
3653	8189
4331	8190
8764	8191
4944	8192
4278	8193
6619	8194
128	8195
6641	8196
2704	8197
6227	8198
2233	8199
8376	8200
8642	8201
1854	8202
268	8203
677	8204
416	8205
3034	8206
341	8207
32	8208
5460	8209
6613	8210
7106	8211
8465	8212
7878	8213
466	8214
7886	8215
845	8216
329	8217
1180	8218
7666	8219
4068	8220
3874	8221
2597	8222
5607	8223
1225	8224
6365	8225
593	8226
7499	8227
17	8228
3166	8229
1425	8230
1110	8231
6044	8232
5683	8233
3768	8234
7765	8235
3312	8236
432	8237
6002	8238
3553	8239
4233	8240
6369	8241
6707	8242
6468	8243
4680	8244
8791	8245
6684	8246
2959	8247
7762	8248
3879	8249
4366	8250
2368	8251
5416	8252
187	8253
3678	8254
627	8255
167	8256
1716	8257
6363	8258
4635	8259
3293	8260
2956	8261
7833	8262
130	8263
356	8264
4532	8265
7717	8266
5313	8267
299	8268
1044	8269
8657	8270
1516	8271
4497	8272
357	8273
2038	8274
4253	8275
493	8276
31	8277
5701	8278
7278	8279
365	8280
384	8281
500	8282
192	8283
648	8284
6896	8285
3326	8286
1492	8287
8660	8288
8396	8289
884	8290
683	8291
4764	8292
1037	8293
3014	8294
3131	8295
1331	8296
5648	8297
3204	8298
92	8299
7699	8300
833	8301
6336	8302
8254	8303
8253	8304
2220	8305
3623	8306
590	8307
3641	8308
1096	8309
387	8310
112	8311
2552	8312
960	8313
7630	8314
2958	8315
660	8316
721	8317
181	8318
495	8319
6663	8320
106	8321
92	8322
2592	8323
852	8324
3936	8325
8198	8326
1324	8327
4529	8328
1687	8329
7923	8330
1549	8331
5806	8332
8426	8333
8752	8334
7107	8335
4015	8336
8337	8337
7850	8338
5318	8339
867	8340
6184	8341
1793	8342
66	8343
7018	8344
8399	8345
353	8346
3780	8347
486	8348
5166	8349
5030	8350
298	8351
425	8352
514	8353
4981	8354
7340	8355
6237	8356
8112	8357
1129	8358
2049	8359
5618	8360
7814	8361
1979	8362
1120	8363
1021	8364
2653	8365
7101	8366
5983	8367
209	8368
8476	8369
2385	8370
3445	8371
6529	8372
40	8373
6718	8374
6518	8375
7347	8376
5788	8377
3953	8378
750	8379
1150	8380
336	8381
97	8382
8653	8383
1594	8384
6152	8385
6534	8386
4114	8387
4657	8388
4963	8389
7478	8390
4354	8391
4163	8392
6695	8393
5988	8394
528	8395
2678	8396
58	8397
6290	8398
5586	8399
3628	8400
1909	8401
6201	8402
4644	8403
416	8404
3171	8405
689	8406
784	8407
8252	8408
57	8409
1722	8410
2476	8411
435	8412
4139	8413
7406	8414
420	8415
5224	8416
7718	8417
1206	8418
7533	8419
457	8420
5799	8421
3506	8422
6089	8423
3308	8424
5119	8425
8777	8426
485	8427
6759	8428
1426	8429
808	8430
2639	8431
8789	8432
7105	8433
3796	8434
2318	8435
833	8436
8219	8437
7	8438
4164	8439
8719	8440
6093	8441
1165	8442
5774	8443
46	8444
1650	8445
8529	8446
7154	8447
511	8448
626	8449
2904	8450
1813	8451
8368	8452
710	8453
5297	8454
63	8455
2096	8456
2903	8457
469	8458
7610	8459
1663	8460
7033	8461
6470	8462
5617	8463
8206	8464
7510	8465
244	8466
8436	8467
3222	8468
684	8469
3164	8470
780	8471
3684	8472
9	8473
5393	8474
2036	8475
34	8476
4967	8477
135	8478
165	8479
3354	8480
1419	8481
7497	8482
330	8483
4423	8484
4787	8485
6885	8486
166	8487
593	8488
2355	8489
7457	8490
891	8491
7412	8492
3947	8493
681	8494
6855	8495
3036	8496
182	8497
4656	8498
399	8499
1209	8500
1619	8501
2658	8502
508	8503
8290	8504
2437	8505
6825	8506
6360	8507
4576	8508
6674	8509
79	8510
1022	8511
6000	8512
5308	8513
6927	8514
4740	8515
560	8516
2377	8517
5992	8518
4303	8519
2042	8520
6671	8521
2682	8522
443	8523
6999	8524
7070	8525
6231	8526
4522	8527
7657	8528
164	8529
3176	8530
772	8531
4913	8532
1577	8533
7019	8534
4770	8535
918	8536
6862	8537
900	8538
4069	8539
1404	8540
265	8541
64	8542
5787	8543
4323	8544
3053	8545
990	8546
4704	8547
5581	8548
5072	8549
1067	8550
7622	8551
3355	8552
2114	8553
542	8554
739	8555
2307	8556
2885	8557
3482	8558
3913	8559
4322	8560
8284	8561
252	8562
7901	8563
3548	8564
5312	8565
6315	8566
7285	8567
3994	8568
7198	8569
3398	8570
7975	8571
5103	8572
768	8573
5623	8574
165	8575
8539	8576
4782	8577
6238	8578
436	8579
3160	8580
8241	8581
3621	8582
1679	8583
314	8584
4912	8585
770	8586
8503	8587
3459	8588
8775	8589
4429	8590
6329	8591
7304	8592
481	8593
305	8594
6610	8595
7830	8596
6935	8597
1910	8598
5432	8599
139	8600
5779	8601
8334	8602
7519	8603
903	8604
7439	8605
7746	8606
6349	8607
6428	8608
6716	8609
2573	8610
5780	8611
5123	8612
7631	8613
4304	8614
100	8615
3356	8616
4556	8617
8431	8618
1284	8619
2643	8620
7222	8621
1020	8622
540	8623
4745	8624
300	8625
8533	8626
878	8627
5521	8628
288	8629
6668	8630
2522	8631
82	8632
3411	8633
7	8634
5677	8635
285	8636
177	8637
2708	8638
1466	8639
7127	8640
161	8641
7324	8642
1053	8643
6307	8644
7184	8645
272	8646
7550	8647
4729	8648
682	8649
7075	8650
4800	8651
4238	8652
279	8653
326	8654
1391	8655
6026	8656
4662	8657
3661	8658
987	8659
5383	8660
6643	8661
76	8662
1489	8663
3289	8664
283	8665
2577	8666
1530	8667
2310	8668
4887	8669
542	8670
5067	8671
1226	8672
7528	8673
7	8674
266	8675
7784	8676
8420	8677
5363	8678
4033	8679
3413	8680
1825	8681
691	8682
3147	8683
1760	8684
573	8685
5530	8686
100	8687
1787	8688
6292	8689
53	8690
62	8691
2655	8692
6580	8693
5688	8694
1672	8695
525	8696
2927	8697
1942	8698
6390	8699
3145	8700
8413	8701
2047	8702
854	8703
3542	8704
1364	8705
3567	8706
2069	8707
620	8708
208	8709
649	8710
277	8711
8338	8712
3467	8713
7396	8714
4984	8715
893	8716
162	8717
6751	8718
2	8719
7647	8720
8613	8721
8388	8722
2486	8723
107	8724
118	8725
101	8726
1786	8727
2600	8728
5541	8729
463	8730
7905	8731
1075	8732
7459	8733
3817	8734
6312	8735
1204	8736
4306	8737
1063	8738
2190	8739
8705	8740
6404	8741
4611	8742
3576	8743
6757	8744
4286	8745
6183	8746
1	8747
2671	8748
4239	8749
6253	8750
2619	8751
555	8752
3885	8753
1069	8754
3827	8755
2155	8756
6719	8757
8446	8758
7464	8759
4750	8760
5570	8761
1332	8762
5317	8763
817	8764
4873	8765
324	8766
2071	8767
4562	8768
1724	8769
76	8770
2370	8771
4804	8772
5456	8773
973	8774
3371	8775
2429	8776
784	8777
1362	8778
52	8779
2297	8780
3536	8781
1472	8782
8389	8783
2769	8784
8155	8785
5474	8786
1427	8787
372	8788
3434	8789
8130	8790
2790	8791
334	8792
6323	8793
1514	8794
124	8795
1441	8796
778	8797
93	8798
7471	8799
86	8800
3756	8801
494	8802
515	8803
3387	8804
7122	8805
1860	8806
3518	8807
5845	8808
4919	8809
3457	8810
43	8811
8639	8812
39	8813
5696	8814
841	8815
3588	8816
5276	8817
5573	8818
395	8819
3791	8820
152	8821
6664	8822
3030	8823
2460	8824
1376	8825
4754	8826
3819	8827
4391	8828
2273	8829
8540	8830
1314	8831
3361	8832
111	8833
3146	8834
6421	8835
8758	8836
8153	8837
6407	8838
709	8839
8569	8840
158	8841
3461	8842
3942	8843
180	8844
2061	8845
6327	8846
1252	8847
2604	8848
1409	8849
97	8850
6582	8851
7967	8852
2543	8853
8137	8854
6248	8855
5171	8856
7803	8857
4442	8858
2325	8859
29	8860
1247	8861
3671	8862
6367	8863
2906	8864
3246	8865
1216	8866
185	8867
4796	8868
6012	8869
6838	8870
687	8871
5826	8872
3584	8873
2595	8874
122	8875
663	8876
8297	8877
8577	8878
7779	8879
5659	8880
5130	8881
456	8882
1921	8883
5889	8884
6930	8885
6354	8886
5309	8887
7798	8888
701	8889
5181	8890
5122	8891
6544	8892
7481	8893
1959	8894
1333	8895
3450	8896
1564	8897
208	8898
6011	8899
5328	8900
89	8901
6424	8902
3335	8903
7623	8904
4378	8905
8648	8906
7277	8907
574	8908
4518	8909
5335	8910
1889	8911
6959	8912
3217	8913
80	8914
2078	8915
1442	8916
684	8917
7343	8918
2379	8919
7529	8920
720	8921
410	8922
1142	8923
544	8924
6550	8925
6364	8926
8762	8927
8092	8928
4802	8929
4902	8930
7111	8931
7897	8932
2063	8933
2188	8934
5055	8935
1817	8936
1342	8937
4025	8938
1460	8939
3493	8940
505	8941
5771	8942
410	8943
1673	8944
6994	8945
45	8946
2198	8947
2067	8948
417	8949
1881	8950
1832	8951
1890	8952
358	8953
33	8954
7570	8955
7227	8956
6553	8957
1927	8958
5655	8959
1804	8960
455	8961
5131	8962
547	8963
3775	8964
8320	8965
7307	8966
3618	8967
8248	8968
6422	8969
635	8970
27	8971
7129	8972
495	8973
6474	8974
5998	8975
3137	8976
250	8977
1744	8978
4131	8979
3935	8980
5695	8981
6079	8982
8250	8983
876	8984
8298	8985
235	8986
3428	8987
6933	8988
4198	8989
3547	8990
7789	8991
174	8992
869	8993
7246	8994
3849	8995
6868	8996
1018	8997
6215	8998
4906	8999
1224	9000
446	9001
3272	9002
39	9003
3056	9004
4082	9005
2453	9006
5434	9007
8595	9008
45	9009
615	9010
2314	9011
1829	9012
931	9013
5402	9014
184	9015
3891	9016
615	9017
424	9018
128	9019
31	9020
161	9021
2351	9022
7149	9023
432	9024
1720	9025
763	9026
5016	9027
6105	9028
157	9029
8796	9030
6831	9031
5560	9032
6636	9033
8726	9034
195	9035
8448	9036
3348	9037
2909	9038
8276	9039
4650	9040
6013	9041
4370	9042
5928	9043
3923	9044
7641	9045
4872	9046
668	9047
3633	9048
7141	9049
4986	9050
904	9051
3476	9052
954	9053
3970	9054
3379	9055
1073	9056
6161	9057
4389	9058
3929	9059
5450	9060
1379	9061
7078	9062
7151	9063
1727	9064
8769	9065
1133	9066
3374	9067
186	9068
6673	9069
1938	9070
4329	9071
4631	9072
8574	9073
5625	9074
7956	9075
2262	9076
969	9077
2365	9078
5347	9079
3280	9080
1030	9081
5288	9082
2996	9083
4332	9084
8346	9085
5268	9086
36	9087
3606	9088
3342	9089
1355	9090
5284	9091
4488	9092
4191	9093
4700	9094
4405	9095
5439	9096
7553	9097
5603	9098
1660	9099
1090	9100
135	9101
8176	9102
4771	9103
3193	9104
1407	9105
7255	9106
4785	9107
1554	9108
607	9109
5354	9110
4607	9111
4920	9112
5142	9113
215	9114
6195	9115
4863	9116
4491	9117
6487	9118
263	9119
6046	9120
2759	9121
4031	9122
5838	9123
2624	9124
7469	9125
3795	9126
3047	9127
2402	9128
201	9129
4535	9130
2165	9131
3587	9132
4118	9133
1543	9134
6974	9135
8459	9136
8306	9137
8185	9138
4204	9139
6904	9140
5405	9141
5248	9142
1125	9143
4312	9144
20	9145
3386	9146
4839	9147
3310	9148
306	9149
8589	9150
5246	9151
7488	9152
4938	9153
5891	9154
1402	9155
2732	9156
8427	9157
156	9158
8652	9159
3549	9160
5339	9161
6605	9162
6547	9163
3281	9164
2300	9165
6510	9166
849	9167
2991	9168
2574	9169
5642	9170
4805	9171
3742	9172
6747	9173
4923	9174
1598	9175
892	9176
146	9177
7453	9178
760	9179
696	9180
6859	9181
1289	9182
8111	9183
1406	9184
6355	9185
7930	9186
124	9187
5164	9188
1891	9189
5362	9190
4492	9191
304	9192
1912	9193
6452	9194
4630	9195
3197	9196
258	9197
1662	9198
224	9199
724	9200
1310	9201
536	9202
4864	9203
5453	9204
6979	9205
3670	9206
5134	9207
4115	9208
132	9209
6398	9210
144	9211
2488	9212
334	9213
2062	9214
2684	9215
955	9216
739	9217
2048	9218
3578	9219
7698	9220
464	9221
2451	9222
786	9223
8119	9224
5761	9225
480	9226
7722	9227
507	9228
346	9229
4841	9230
4668	9231
4591	9232
7824	9233
4685	9234
8024	9235
3106	9236
281	9237
5934	9238
7520	9239
2492	9240
7352	9241
434	9242
7458	9243
7158	9244
4688	9245
2971	9246
3409	9247
7828	9248
6833	9249
1560	9250
6168	9251
6690	9252
2345	9253
827	9254
8035	9255
2469	9256
5338	9257
4377	9258
5045	9259
3123	9260
8084	9261
1415	9262
3880	9263
7903	9264
20	9265
3157	9266
6530	9267
123	9268
6739	9269
681	9270
4645	9271
5863	9272
2057	9273
4632	9274
5214	9275
6563	9276
1335	9277
274	9278
7512	9279
8720	9280
757	9281
309	9282
5327	9283
8665	9284
8425	9285
1487	9286
5429	9287
1734	9288
4689	9289
3510	9290
61	9291
1629	9292
8604	9293
6020	9294
5919	9295
211	9296
992	9297
4075	9298
3259	9299
837	9300
553	9301
6449	9302
4048	9303
3357	9304
6677	9305
7829	9306
6321	9307
3406	9308
7991	9309
2378	9310
98	9311
4126	9312
4211	9313
2430	9314
8699	9315
4638	9316
3424	9317
1776	9318
333	9319
1865	9320
2201	9321
4335	9322
3072	9323
418	9324
5417	9325
544	9326
2157	9327
718	9328
4072	9329
4602	9330
4111	9331
3059	9332
4091	9333
7998	9334
2181	9335
35	9336
566	9337
4030	9338
647	9339
827	9340
1908	9341
4382	9342
8244	9343
2283	9344
2124	9345
2022	9346
7729	9347
2762	9348
4922	9349
129	9350
3657	9351
33	9352
1278	9353
857	9354
187	9355
6667	9356
5567	9357
8746	9358
2757	9359
7423	9360
3216	9361
7697	9362
2572	9363
5770	9364
5367	9365
6612	9366
7682	9367
4246	9368
1999	9369
698	9370
1253	9371
6440	9372
156	9373
6	9374
1277	9375
5874	9376
7379	9377
494	9378
4551	9379
4117	9380
3026	9381
4302	9382
2319	9383
397	9384
7395	9385
5877	9386
2020	9387
934	9388
4543	9389
579	9390
3050	9391
2701	9392
178	9393
82	9394
8046	9395
2551	9396
1697	9397
7171	9398
7632	9399
3529	9400
8305	9401
7264	9402
1883	9403
7575	9404
2568	9405
4589	9406
5038	9407
1691	9408
6806	9409
8432	9410
2467	9411
2949	9412
822	9413
2542	9414
8365	9415
2212	9416
8704	9417
2464	9418
6656	9419
5240	9420
313	9421
5238	9422
2966	9423
819	9424
1676	9425
6746	9426
2122	9427
6207	9428
7741	9429
312	9430
4227	9431
6967	9432
8573	9433
5986	9434
5451	9435
5846	9436
3532	9437
7710	9438
5033	9439
7047	9440
933	9441
4210	9442
300	9443
3055	9444
8023	9445
373	9446
1509	9447
116	9448
1282	9449
6980	9450
7935	9451
1937	9452
3011	9453
729	9454
7391	9455
242	9456
4640	9457
1436	9458
474	9459
7173	9460
1477	9461
5812	9462
8654	9463
4166	9464
1042	9465
4612	9466
258	9467
4063	9468
3752	9469
4860	9470
6220	9471
659	9472
1668	9473
343	9474
5026	9475
2512	9476
5513	9477
6293	9478
832	9479
2899	9480
284	9481
6779	9482
6780	9483
5932	9484
7358	9485
3500	9486
3702	9487
3201	9488
2182	9489
1299	9490
2764	9491
892	9492
5178	9493
1443	9494
6891	9495
773	9496
7328	9497
5692	9498
4780	9499
5002	9500
6031	9501
3344	9502
3152	9503
6137	9504
5384	9505
4088	9506
2582	9507
5459	9508
4690	9509
2194	9510
1123	9511
2849	9512
4857	9513
6798	9514
8664	9515
7611	9516
1758	9517
2517	9518
575	9519
1505	9520
4043	9521
8345	9522
920	9523
7883	9524
4865	9525
1345	9526
3346	9527
8418	9528
3071	9529
8302	9530
7470	9531
2580	9532
8532	9533
1474	9534
8659	9535
7147	9536
154	9537
7225	9538
6714	9539
4615	9540
7538	9541
8162	9542
2125	9543
2261	9544
2237	9545
2250	9546
2239	9547
2243	9548
2246	9549
2241	9550
2235	9551
2240	9552
2242	9553
2248	9554
2258	9555
2255	9556
2253	9557
2254	9558
7309	9559
2354	9560
7655	9561
5857	9562
1621	9563
8181	9564
7970	9565
8234	9566
8223	9567
8456	9568
7638	9569
8052	9570
8496	9571
8474	9572
3044	9573
8658	9574
6460	9575
8048	9576
8116	9577
8174	9578
8255	9579
1977	9580
8619	9581
8047	9582
8737	9583
8655	9584
8542	9585
6174	9586
33	9587
831	9588
460	9589
1048	9590
695	9591
126	9592
5326	9593
1265	9594
368	9595
2901	9596
2436	9597
2168	9598
4885	9599
759	9600
340	9601
1525	9602
4055	9603
4265	9604
6662	9605
6395	9606
749	9607
5549	9608
1292	9609
3607	9610
3268	9611
99	9612
698	9613
1971	9614
1197	9615
940	9616
6466	9617
3168	9618
1640	9619
3869	9620
1162	9621
429	9622
2541	9623
2998	9624
506	9625
5320	9626
1723	9627
1856	9628
1587	9629
706	9630
2280	9631
6192	9632
3590	9633
2527	9634
1563	9635
5197	9636
7839	9637
219	9638
1494	9639
8017	9640
5803	9641
1731	9642
1624	9643
3083	9644
5520	9645
6703	9646
5129	9647
4009	9648
3401	9649
2091	9650
1589	9651
6895	9652
8742	9653
839	9654
5978	9655
8127	9656
7322	9657
802	9658
2337	9659
296	9660
645	9661
260	9662
1374	9663
8140	9664
6725	9665
7860	9666
3023	9667
7902	9668
3103	9669
3391	9670
2938	9671
6136	9672
4753	9673
1579	9674
1134	9675
4062	9676
4890	9677
5968	9678
7034	9679
5546	9680
2088	9681
2924	9682
7211	9683
8207	9684
818	9685
1478	9686
3521	9687
8806	9688
1498	9689
870	9690
3209	9691
8505	9692
7442	9693
5817	9694
4448	9695
5757	9696
1801	9697
5244	9698
154	9699
5711	9700
3746	9701
8278	9702
5156	9703
3376	9704
93	9705
5639	9706
8514	9707
556	9708
8555	9709
287	9710
7845	9711
3781	9712
1941	9713
5640	9714
5946	9715
6391	9716
1533	9717
917	9718
4074	9719
8453	9720
3456	9721
2144	9722
6283	9723
5251	9724
477	9725
5403	9726
4011	9727
3516	9728
7244	9729
3311	9730
4310	9731
7069	9732
198	9733
5020	9734
8237	9735
7456	9736
8195	9737
1481	9738
172	9739
5410	9740
3224	9741
1127	9742
2679	9743
1275	9744
736	9745
7325	9746
1484	9747
194	9748
3954	9749
6542	9750
4300	9751
1102	9752
875	9753
2085	9754
4547	9755
7542	9756
4173	9757
228	9758
75	9759
5083	9760
658	9761
1893	9762
1837	9763
4834	9764
6743	9765
54	9766
850	9767
422	9768
1689	9769
534	9770
1290	9771
6832	9772
2585	9773
8557	9774
8807	9775
8537	9776
8310	9777
3294	9778
507	9779
8114	9780
5632	9781
2457	9782
3412	9783
8761	9784
2889	9785
2640	9786
6685	9787
6837	9788
5274	9789
1781	9790
564	9791
7596	9792
67	9793
54	9794
1984	9795
1834	9796
7891	9797
3070	9798
6521	9799
8546	9800
3048	9801
2268	9802
3745	9803
3724	9804
1490	9805
3090	9806
8383	9807
670	9808
5697	9809
2626	9810
1502	9811
3948	9812
6203	9813
1447	9814
256	9815
4900	9816
3095	9817
976	9818
8281	9819
811	9820
2831	9821
2454	9822
4511	9823
5	9824
883	9825
23	9826
5351	9827
293	9828
1870	9829
7644	9830
1512	9831
672	9832
1518	9833
88	9834
5937	9835
7884	9836
8041	9837
6380	9838
6377	9839
3688	9840
6338	9841
6379	9842
6247	9843
6374	9844
6459	9845
7185	9846
5775	9847
7156	9848
7190	9849
4663	9850
6399	9851
6340	9852
3701	9853
3564	9854
6426	9855
6679	9856
2234	9857
7160	9858
7159	9859
7177	9860
7568	9861
2055	9862
2526	9863
7818	9864
736	9865
8	9866
1454	9867
6065	9868
8461	9869
2450	9870
8126	9871
8225	9872
2960	9873
2064	9874
3054	9875
5221	9876
6919	9877
594	9878
4234	9879
565	9880
6945	9881
4424	9882
3195	9883
286	9884
7971	9885
4990	9886
3	9887
1911	9888
5136	9889
6672	9890
3101	9891
2776	9892
5179	9893
355	9894
7143	9895
2525	9896
4036	9897
8482	9898
5114	9899
2073	9900
7386	9901
1879	9902
7275	9903
5430	9904
6361	9905
2271	9906
1156	9907
5207	9908
985	9909
6382	9910
6728	9911
8228	9912
556	9913
7602	9914
5856	9915
6758	9916
1830	9917
2296	9918
5422	9919
7223	9920
2204	9921
2381	9922
1932	9923
6134	9924
96	9925
638	9926
2498	9927
1356	9928
2052	9929
1873	9930
5023	9931
427	9932
7036	9933
3992	9934
6790	9935
3226	9936
823	9937
4226	9938
8226	9939
2272	9940
548	9941
1232	9942
6476	9943
2993	9944
1613	9945
389	9946
3602	9947
271	9948
625	9949
377	9950
377	9951
2433	9952
1136	9953
4757	9954
7009	9955
2870	9956
1735	9957
3284	9958
253	9959
2003	9960
6700	9961
3248	9962
840	9963
493	9964
7039	9965
7381	9966
2751	9967
1745	9968
75	9969
1987	9970
690	9971
6301	9972
8714	9973
5404	9974
349	9975
447	9976
4801	9977
41	9978
869	9979
868	9980
5293	9981
5611	9982
3888	9983
3490	9984
8781	9985
94	9986
4431	9987
5491	9988
1486	9989
729	9990
636	9991
5938	9992
4748	9993
1864	9994
5878	9995
2398	9996
4130	9997
8561	9998
6176	9999
1380	10000
