473	101	5	4.72
378	1158	10	136.88
415	834	5	57.2
133	325	8	54.73
1246	358	17	265.63
132	2136	4	35.71
431	158	3	19.73
7348	110	4	43.56
2177	14	4	9.74
109	1538	5	34.31
296	839	24	368.55
104	1071	3	10.95
378	519	5	52.09
2649	101	6	26.63
1089	2	3	11.07
234	4313	3	37.89
104	665	6	25.09
115	4381	4	39.25
162	107	12	43.78
102	1132	5	14.13
2	1804	3	13.9
116	204	7	30.54
213	14	19	23.41
200	8	4	5.29
130	116	5	8.27
2514	102	10	66.01
867	487	3	32.04
101	2426	3	7.6
411	837	3	30.9
7670	1276	3	55.86
1323	124	6	51.15
6281	102	4	29.06
1906	106	7	51.6
288	2	7	20.63
245	113	6	24.86
103	1227	4	15.56
360	173	3	19.64
714	101	5	7.42
4602	3507	5	100.19
5688	103	5	43.98
488	107	4	16.6
8	691	3	9.31
385	592	3	28.68
637	14	7	10.13
1021	236	4	40.21
476	3269	4	56.64
101	127	90	197.14
10507	2145	3	59.28
1994	102	12	80.2
608	14	8	13.08
102	1642	3	7.43
151	2365	4	40.56
104	310	4	8.26
101	3849	3	10.63
1183	101	5	11.29
584	10275	3	51.95
891	101	4	5.83
2251	101	5	17.38
1437	109	5	32.93
190	963	3	25.96
5649	102	4	24.11
4950	14	4	19.31
154	102	12	7.29
16	13	10	23.45
2585	14	3	6.64
101	1299	3	4.51
101	530	7	11.77
102	4437	4	21.53
195	1198	8	91.41
137	179	5	22.76
101	543	6	8.49
101	440	5	4.41
174	1376	3	27.08
109	814	3	13.6
6549	112	3	29.2
254	8503	3	46.74
3814	788	7	125.88
1082	587	3	34.43
421	1469	5	63.08
819	14	5	6.28
133	3366	3	28.03
101	1302	4	8.08
254	2127	7	93.11
3142	117	9	106.76
4129	101	3	10.63
12	123	4	5.23
101	1559	4	9.42
104	207	8	19.04
101	1507	4	8.94
102	1727	4	12.25
111	253	3	8.18
216	103	13	38.02
103	871	5	18.65
349	1270	4	45.33
4484	112	3	25.4
5756	110	5	54.46
101	2985	3	8.88
2713	124	3	25.19
2442	14	4	10.49
124	1449	3	21.59
1031	5193	3	48.23
1129	9	3	12.42
1277	102	10	45.47
101	288	16	32.74
7611	103	3	21.91
103	1842	3	12.11
143	253	3	14.54
2718	105	3	18.01
183	932	17	219.85
305	402	3	25.18
1562	101	3	5.41
107	2006	4	27.08
105	251	5	13.04
110	1411	3	16.58
157	116	4	9.82
7273	102	3	17.35
105	167	11	31.87
1445	102	3	6.7
207	6048	3	40.53
101	798	7	16
518	127	11	90.31
1568	201	3	29.39
102	1149	3	5.53
102	1353	4	10.74
2373	14	3	6.07
175	152	6	33.49
1058	227	11	137.82
4659	260	3	38.64
2988	107	3	20.88
155	3044	3	30.61
102	3915	3	12.45
246	107	5	16.18
101	5614	3	13.31
645	159	11	112.29
374	101	6	5.35
125	135	4	8.21
1960	14	3	5.11
2478	102	3	9.33
383	9	6	21.6
434	489	3	28.31
3169	14	4	13.52
102	129	28	22.31
525	102	4	4.83
117	131	21	90.88
101	875	8	21.65
8	452	4	11.84
375	189	6	50.62
1286	14	4	6.15
116	2983	3	24.05
127	749	4	26.61
121	217	6	27.84
1356	216	3	29.32
116	230	6	26.83
116	290	5	22.92
645	440	4	42.5
124	2029	3	23.37
109	481	13	87.61
146	113	11	38.51
1807	101	5	15.58
113	205	4	11.45
105	176	6	12.07
102	512	9	23.52
105	119	14	18.33
204	339	7	61.41
482	2394	4	53.5
117	150	12	50.58
101	1004	10	34.76
6507	5234	3	61.54
4251	306	3	39.78
183	631	7	67.88
212	2081	3	31.87
5653	897	4	67.4
809	1091	4	50.6
115	636	3	14.86
125	146	13	63.65
151	120	5	14.28
125	214	9	51.21
102	10314	3	21.79
102	1423	7	27.39
691	9	4	15.48
126	152	11	53.85
1509	283	3	31.67
1397	102	5	15.75
2387	9	3	16.61
1437	129	8	76.03
1706	14	5	12.17
5579	104	3	21.43
2490	14	3	6.07
101	1121	7	20.02
104	456	4	11.1
104	380	6	19.05
7542	101	4	26.53
227	1151	17	242.91
101	361	12	23.86
1030	101	4	6.68
5794	101	4	21.6
101	497	6	7.78
192	117	3	7.99
149	101	20	13.29
6972	103	3	21.91
1041	103	4	14.4
905	104	16	115.64
1374	124	4	30.83
3853	14	3	9
270	102	26	90.26
142	1741	5	48.01
3455	14	3	8.07
795	187	3	24.97
765	568	3	32.29
616	875	3	33.29
134	102	43	73.04
173	252	3	17.37
1847	202	5	56.54
101	159	52	140.04
118	313	6	31.05
3116	101	3	8.88
101	1436	3	4.79
256	189	5	35.94
367	109	3	9.43
133	1711	3	23.62
5702	102	3	15.17
156	4096	3	32.57
1826	14	3	4.71
526	2189	4	53.24
178	118	3	7.33
3558	14	3	8.07
700	8711	3	52.86
102	1633	4	12.25
680	308	3	28.09
103	889	3	8.36
516	544	4	42.52
1536	106	6	38.85
101	1425	4	8.49
101	1485	3	5.09
116	2564	3	23.3
619	176	4	32.99
425	1520	17	289.29
2676	14	3	6.64
1270	101	4	7.7
2935	1116	5	80.23
603	700	3	32.22
106	1629	4	22.68
160	6365	3	37.93
101	2951	3	8.88
134	262	5	27
102	870	4	7.64
438	14	6	4.33
102	1072	3	5.29
101	206	33	87.17
4807	104	4	29.9
743	401	3	30.13
3072	102	5	24.18
4122	102	5	28.06
1880	102	3	7.84
9	12	30	78.02
101	462	6	7.13
101	410	6	6
295	105	4	10.28
219	101	13	14.98
229	579	3	25.18
259	212	6	47.73
1106	103	6	27.39
101	2694	4	13.51
109	1916	6	47.03
309	200	10	93.27
1157	103	3	9.61
107	398	10	56.73
385	1422	3	33.27
12	143	3	5.21
2432	14	3	6.07
1838	104	3	13.78
101	3461	3	9.68
2978	14	3	7.3
3645	1384	6	108.57
118	3531	3	25.08
750	105	4	16.96
102	1510	3	6.7
122	393	4	20.8
102	241	10	14.16
498	101	5	5.06
760	16	3	13.46
203	141	8	48.7
6082	102	3	17.35
1007	1968	3	40.64
182	124	16	101.8
146	203	5	27.02
109	394	10	57.28
101	6974	3	15.47
2729	101	4	13.51
204	113	3	7.03
122	191	5	20
102	359	24	96.59
2	3530	3	17.76
175	113	7	23.85
16	1029	3	15.09
957	903	4	50.42
1438	101	4	8.49
4360	101	4	19.04
101	3280	4	15.73
1276	1240	17	319.58
1971	14	3	5.11
114	1781	3	20.47
118	215	10	53.39
101	142	18	7
101	217	30	79.56
1938	14	3	5.11
101	321	26	87.9
2465	4988	5	101.02
842	103	5	18.27
160	244	3	16.33
411	195	7	63.59
115	429	11	77.06
506	218	5	45.65
128	1191	4	29.87
140	290	4	21.75
109	3590	4	33.73
102	1694	3	7.43
523	2769	3	39.09
10092	14	3	18.16
126	812	19	200.65
5524	1799	3	51.49
101	1283	10	40.71
279	142	20	180.87
104	549	12	64.91
109	1913	7	57.85
102	5343	3	15.17
9962	101	3	19.9
399	299	6	58.69
380	225	8	76.89
120	436	3	14.22
430	1929	4	50.97
846	102	3	4.24
790	112	3	14.59
126	2032	6	57.03
101	573	5	6.01
101	395	13	30.14
101	471	7	10.34
116	1150	3	18.35
3013	158	5	58.07
119	133	7	17.43
228	102	27	85.88
5268	14	3	11.63
7389	14	3	13.76
886	102	5	11.99
8	419	4	11.21
244	727	3	26.85
782	3955	3	43.71
101	1025	7	19.34
5820	101	3	13.31
106	3878	4	31
9740	2	3	28.25
113	1269	3	17.32
125	312	3	13.1
1732	14	3	4.34
2590	5034	3	53.82
130	419	3	15.47
2119	4396	3	50.96
142	102	48	114.55
3278	5041	3	55.46
200	118	3	8.29
409	6975	3	45.33
121	16	13	27.53
101	2049	3	6.59
133	1211	4	31.51
8619	4341	3	64.45
101	652	5	6.91
132	629	3	17.84
101	831	10	31.16
101	771	8	19.89
132	732	5	36.4
148	16	4	5.29
105	334	4	11.16
1435	557	4	49.87
1365	170	11	134.07
105	198	4	6.69
105	287	3	5.89
109	2848	6	53.48
4123	110	3	23.14
316	9	3	5.92
1767	14	3	4.71
101	679	4	4.3
101	603	17	64.38
929	101	6	13.65
294	103	6	13.1
130	212	4	16.84
109	1130	3	15.38
116	123	4	4.23
109	6044	3	27.96
101	1883	4	10.52
2317	102	4	15.01
1798	14	5	12.92
162	390	3	19.48
58	14	7	8.85
8	1278	3	12.43
220	9496	3	45.76
101	935	7	18.11
186	133	9	50.49
117	145	3	4.68
101	1070	7	20.02
477	330	3	26.53
270	108	3	7.44
2	8	46	40.81
1222	2446	3	42.97
765	165	7	67.35
2101	14	5	14.67
227	2742	3	33.8
3811	101	4	17.19
2889	101	6	28.56
1567	3295	5	85.72
519	101	5	5.42
102	829	5	11.28
123	128	14	54.34
2473	103	3	13.69
1752	223	7	86.49
104	445	3	6.62
12	157	3	6.74
892	3668	3	44.62
614	103	3	6.55
18	13	4	52
4106	106	3	20.88
747	102	4	6.67
2737	102	3	9.95
7206	127	4	50.07
140	203	4	18.12
103	2322	3	13.69
104	191	10	26.36
160	3833	5	62.4
111	135	25	107.85
2589	1756	3	45.54
3677	101	3	10.63
102	1023	3	5.05
9871	3642	3	63.21
108	203	3	5.52
887	14	6	10.22
643	102	15	62.27
120	333	8	49.59
321	256	6	53.87
104	472	8	33.58
112	676	13	102.08
443	7670	3	50.46
181	793	3	24.65
127	481	14	120.67
103	753	3	7.55
946	8	3	10.76
2151	14	3	5.56
207	626	4	35.23
1504	102	3	6.7
102	3186	4	18.18
106	710	3	10.84
2578	2925	3	49.1
705	942	3	34.52
2	119	12	7.91
1478	929	4	54.2
223	254	9	80.45
432	349	4	37.65
109	749	11	79.81
101	548	13	38.51
137	284	4	21.27
583	627	3	31.48
101	377	7	7.85
810	101	4	5.11
102	955	3	4.63
118	297	3	11.14
248	176	15	138.64
320	951	5	55.76
795	102	5	10.95
3455	363	3	38.58
259	487	3	25.02
5372	102	5	36.33
7269	3133	4	82.36
140	204	4	18.19
1756	102	9	45.52
159	14	51	108.89
109	1767	7	56.39
442	1297	10	143.56
1018	120	3	18.46
117	1868	6	52.06
164	182	10	71.42
7718	6071	3	68.27
6928	103	3	21.91
662	169	4	32.63
102	1210	3	5.8
102	1362	3	6.38
4834	102	4	21.53
101	2003	4	11.15
994	110	10	76.49
770	106	4	17.29
117	450	5	27.64
101	682	5	7.16
321	845	4	42.04
271	126	3	12.16
115	1677	5	39.56
135	126	6	16.66
1887	474	3	36.18
1719	1781	4	60.58
102	188	10	8.58
5674	102	4	24.11
239	160	4	24.01
732	14	5	5.46
323	1342	5	59.03
101	988	6	14.13
1365	1286	3	39.98
181	183	5	30.65
2992	102	4	16.96
124	1049	4	28.67
308	517	4	38.11
139	16	14	43.1
1343	101	3	4.51
121	364	3	13.25
490	377	3	27.49
125	235	5	23.8
194	188	3	16.22
119	328	4	18.12
3664	14	3	9
4825	952	3	46.11
10115	102	3	21.79
6029	14	3	13.76
1638	106	3	15.53
1784	14	4	8.46
1250	101	3	4.24
326	101	24	76.65
4875	117	6	71.14
5128	120	3	29.73
101	848	15	63.3
101	645	5	6.67
1589	120	6	51.82
102	427	7	12.92
102	375	8	14.76
109	4937	3	25.73
105	253	4	8.91
116	1488	3	19.71
554	694	3	31.72
1887	102	4	12.84
1534	14	9	31.78
552	14	6	6.12
129	145	3	6.48
2419	14	3	6.07
1651	14	4	7.91
130	298	5	27.43
296	1079	4	43.1
307	7058	3	43.68
900	173	3	24.72
903	6152	4	72.4
178	146	28	243.93
178	214	6	41.62
140	109	19	68.69
107	128	49	239.36
395	102	6	8.67
110	792	6	35.98
1003	14	5	7.6
143	1444	3	24.56
1812	102	3	7.84
121	738	4	25.12
8	2525	10	95.85
102	990	3	4.84
102	938	5	12.38
185	5322	3	37.32
132	305	3	13.75
101	274	10	11.41
2364	14	4	10.49
376	200	4	31.03
615	101	5	6.44
8	7203	4	38.33
1797	606	6	85.67
102	632	5	9.23
4868	14	3	10.14
1749	1825	3	43.21
7781	14	3	18.16
9753	7135	3	68.27
1743	102	4	12.25
280	14	13	15.15
2488	102	6	28.7
136	106	18	49.11
127	394	6	37.88
183	1482	3	28.17
3480	322	6	88.21
109	1914	4	27.3
855	110	9	63.84
212	339	4	30.91
694	102	8	23.42
131	215	5	23.55
115	2987	4	34.54
1238	280	3	30.52
1799	101	3	6.16
251	227	3	19.99
3060	656	5	75.42
102	753	5	10.63
123	113	21	74.28
4286	2685	5	96.91
1372	101	5	12.85
101	396	7	8.45
135	614	3	18.29
180	5997	3	37.09
102	2456	3	9.33
820	110	6	36.45
114	142	3	3.88
3270	14	3	8.07
314	14	8	5.29
209	192	10	82.42
1389	102	17	115.88
2227	124	4	34.6
2	469	3	6.97
402	218	6	54.44
708	101	5	7.42
3151	2690	3	49.1
5971	1477	3	50.2
111	221	4	11.85
467	16	3	11.05
121	613	4	23.86
107	152	5	9.14
195	14	29	51.05
418	104	28	193.08
121	310	4	18.7
104	682	7	32.01
121	242	9	51.83
103	594	3	6.4
10653	106	3	30.39
2391	260	4	48.25
101	3214	3	9.68
141	906	4	31.06
3981	103	6	47.06
645	1365	4	50.79
138	5152	3	32.59
2970	101	3	8.88
764	250	3	27.19
1334	455	8	110
756	1472	3	37.43
148	242	3	14.71
101	830	4	5.34
172	2704	6	73.07
133	527	3	17.25
105	133	6	4.57
105	199	6	14.23
107	5710	3	25.57
101	1026	5	10.41
102	247	14	28.58
228	101	9	6.39
104	3608	3	18.64
4780	2879	4	74.72
116	443	4	20.18
151	132	5	16.97
788	107	3	13.23
5871	117	3	28.83
4485	170	6	86.05
1526	2563	8	144.85
5701	16	4	38.66
3139	101	4	14.53
2495	106	5	35.57
102	1576	3	7.05
731	14	8	15.32
103	188	7	10.1
194	102	16	27.14
124	7126	4	49.85
179	194	4	23.35
2	2087	5	30.92
401	3832	4	56.96
103	225	5	6.7
121	461	4	21.84
2982	403	3	38.38
101	1697	3	5.77
112	179	3	5.7
261	778	15	195.96
2153	103	3	13.11
239	182	3	17.76
3527	140	4	41.6
7	7	23	304.47
101	1069	7	20.02
101	2199	3	7.07
119	235	3	9.75
487	119	5	28.73
9275	102	3	21.79
441	106	4	13.7
4026	101	5	24.93
5648	103	3	19.7
109	2849	4	30.95
101	755	4	4.89
109	6043	3	27.96
102	1284	6	20.59
180	716	3	23.95
155	228	18	161.33
101	1882	6	21.26
211	101	11	9.04
344	102	53	338.54
164	160	5	26.05
652	256	5	49.77
103	2785	8	60.42
962	102	3	4.63
1541	14	4	7.41
160	3780	5	62.4
420	118	3	13.19
2083	14	3	5.56
3175	2	4	26.65
288	3408	4	52.41
101	3733	7	46.43
321	1422	3	32.25
109	1765	6	45.86
610	101	7	13.1
134	109	7	10.9
204	2422	3	32.04
113	650	4	20.82
4092	592	3	42.39
460	322	28	403.69
102	2188	3	8.78
3422	1050	3	44.38
101	305	13	23.59
9901	102	3	21.79
438	326	3	26.04
123	591	4	24.13
101	347	6	4.78
1715	102	3	7.43
3133	7483	4	82.36
647	104	3	8.24
101	2653	6	26.63
128	135	6	17.07
119	741	3	16.23
398	103	9	31.97
13	5672	3	32.27
309	295	19	227.72
651	16	6	33.67
106	661	4	16.27
129	1702	6	55.35
153	1125	3	24.38
1865	101	4	10.52
150	535	6	48.53
640	105	6	28.59
101	1319	4	8.08
102	1996	4	13.49
103	684	5	16.6
2	371	3	5.81
101	5094	3	13.31
949	2753	3	42.21
226	868	5	50.72
3440	1658	3	47.18
6731	6524	3	63.77
2015	106	3	16.47
871	1977	3	39.89
2519	9	3	17.27
104	217	5	8.6
107	113	16	26.25
809	136	3	19.82
1382	101	4	8.49
109	1766	7	56.39
9836	101	3	19.9
109	1630	6	44.8
1148	3704	3	45.99
1057	128	4	29.07
1972	113	11	114.06
112	607	4	20.05
101	7324	3	15.47
5354	102	4	24.11
102	2128	9	52.06
951	649	5	62.46
103	677	3	7.02
102	1977	3	8.29
670	9	3	9.72
415	102	10	24.38
2941	14	3	7.3
101	549	12	33.45
7588	8	3	24.26
136	1429	4	33.03
123	152	5	16.07
205	14	13	7.55
2543	104	4	24.15
102	648	4	5.84
102	2574	3	9.95
321	592	9	105.22
289	669	3	27.31
102	341	58	398.18
102	273	6	5.04
505	3698	3	41.6
101	989	8	23.69
101	1056	4	6.68
817	180	8	83.68
305	208	5	39.6
277	104	3	4.02
2575	1037	3	42.74
161	224	3	15.78
264	102	33	132
3038	4057	6	120.03
459	124	5	30.85
125	133	7	20.87
1696	14	3	4.34
489	734	3	31.17
293	10	3	15.52
7537	103	4	35.18
4571	103	4	27.59
112	248	5	18.39
2	3175	4	26.65
449	141	5	34.94
9281	7896	3	72.77
133	1320	3	22.07
101	1901	5	15.58
3094	101	7	37.04
930	519	3	32.97
199	1504	4	41.19
10509	444	3	50.46
101	5211	3	13.31
962	292	8	96.34
430	430	3	27.65
350	14	8	6.48
749	14	12	34.07
3310	102	3	11.48
2085	104	4	22.37
102	391	5	5.63
180	1910	9	113.62
549	759	3	32.12
102	526	10	28.77
281	101	17	35.91
826	120	5	34.61
218	2984	4	48.62
101	732	16	64.31
101	800	13	47.52
503	2278	4	53.89
494	284	3	25.62
129	212	3	10.7
343	101	7	6.95
9290	444	3	50.46
101	781	11	34.94
101	646	5	6.67
2523	14	4	11.35
105	148	26	102.39
167	414	3	20.08
336	1710	3	33.74
669	106	10	60.45
323	9	3	5.99
45	14	4	8.46
102	1238	3	5.8
2038	102	8	41.07
102	1134	4	9.52
179	420	3	21.14
1224	934	3	37.52
103	2759	3	14.34
4937	105	3	23.43
101	3656	4	17.19
185	380	3	20.72
1146	101	3	4
9149	6079	3	68.27
145	222	7	44.5
221	112	3	7.4
101	1797	3	6.16
103	263	14	49.91
10479	102	3	21.79
162	554	3	21.47
597	14	11	24.15
1520	14	17	102.94
7091	1076	4	73.87
103	1540	3	11.26
1551	14	4	7.41
1503	940	3	38.58
5843	102	5	36.33
102	122	25	11.76
123	751	3	17.61
103	1488	4	16.95
101	2237	4	11.84
284	16	3	8.09
569	107	3	11.61
1101	101	4	7
189	170	5	29.56
322	1428	16	249.44
101	445	6	6.93
9	107	16	8.46
305	823	8	95.36
102	2527	4	15.92
349	102	6	7.48
325	1719	4	47.28
3344	14	3	8.07
2209	1585	4	61.46
1224	14	4	5.79
986	14	9	24.23
2047	187	3	30.2
106	2515	4	26.19
16	196	4	9.51
3075	1334	3	44.74
111	2	51	120.42
3564	101	3	9.68
141	2830	4	39.89
101	7732	3	19.9
101	1408	3	4.79
3627	606	3	42.56
1023	411	3	32.15
409	127	3	14.79
4742	106	3	22.11
303	116	3	11.07
265	14	11	9.2
1313	14	6	13.92
229	274	3	20.69
101	3086	4	14.53
134	129	3	4.8
1847	101	3	6.16
2664	101	4	13.51
521	403	3	28.39
130	115	8	18.91
2825	16	3	20.58
874	4236	3	45.62
1878	14	3	4.71
323	8	5	13.65
278	114	3	9.97
3961	124	3	27.83
1078	1814	12	216.02
122	142	3	5.35
524	814	3	32.25
244	7153	3	42.04
122	261	3	11.43
245	114	4	14.48
105	147	7	10.69
102	485	4	4.4
5612	106	3	23.68
101	2427	5	18.45
305	506	5	49.66
1198	3477	8	150.45
1240	343	17	264.3
101	2170	4	11.84
152	120	3	6.39
385	845	10	130.75
8	436	3	7.05
1513	101	4	8.94
101	967	5	9.62
1155	14	4	5.46
1764	102	6	23.88
2517	13	3	26.8
2207	124	6	58.19
822	104	4	14.98
419	104	3	6.3
103	3125	3	15.08
550	488	3	29.73
103	766	5	17.56
322	316	15	174.63
103	663	3	6.86
101	1214	13	60.85
2179	112	12	134.93
2860	14	4	12.35
2084	9	3	16.02
1247	252	4	42.37
654	14	5	4.76
1178	9	3	12.42
101	4816	3	11.8
165	1501	3	26.92
1017	110	6	38.52
102	693	8	23.42
101	456	12	29.31
101	531	9	19.33
104	1121	3	10.95
995	101	6	14.13
1841	4471	4	70.34
149	443	13	122.97
960	149	5	43.43
1973	103	5	26.85
2205	101	8	38.08
116	3203	4	36.24
104	1376	3	12.18
117	878	5	33.52
1174	159	5	47.63
873	101	5	8.91
276	160	4	25.06
134	188	6	29.08
254	2324	4	47.96
373	14	14	25.96
155	2442	3	29.18
116	8516	3	35.48
1187	2757	4	60.82
16	2838	3	21.33
485	180	4	31.7
104	154	5	4.09
1109	102	4	9.16
1765	14	3	4.71
166	102	162	1144.1
9	467	3	7.96
1391	14	4	6.54
4549	110	4	35.94
8711	175	3	43.28
454	4282	6	101.6
515	115	3	13.9
285	101	15	28.5
5764	101	4	21.6
114	288	12	74.42
2281	101	3	7.6
102	2429	4	15.01
117	842	6	42.16
883	118	3	17.17
477	701	5	57.06
101	439	7	9.58
913	1866	13	233.97
839	1902	11	186.18
428	106	6	24.9
1273	104	3	11.53
804	684	3	33.38
1270	4032	3	46.3
104	410	4	10.19
117	1911	11	115.99
109	3167	4	32.21
103	616	3	6.55
12	122	8	19.31
10630	9540	3	72.77
1007	149	3	22.98
102	3404	4	18.18
1612	101	3	5.41
101	1713	3	5.77
2600	1085	3	43.03
1182	14	5	8.81
116	412	25	226.1
1138	3861	4	64.72
412	208	5	42.74
1217	14	4	5.79
8	383	4	10.5
161	291	4	25.77
1011	14	5	7.6
101	2215	4	11.84
3488	474	6	92.89
332	2377	6	82.44
137	804	3	20.08
157	115	6	18.58
102	533	7	15.53
260	239	3	20.72
124	9563	3	37.38
427	209	36	499.36
101	739	12	39.62
369	9	5	16.04
107	6809	3	27.79
1943	14	5	13.74
1859	103	3	12.11
109	4140	5	48.69
102	1148	4	9.52
3720	101	3	10.63
116	2973	3	24.05
8	466	3	7.4
101	2136	3	7.07
113	460	3	12.22
843	9	4	16.87
1299	107	4	23.62
102	153	10	3.84
804	101	6	11.93
531	463	5	54.42
101	869	4	5.58
2536	101	3	8.2
10	284	6	38.85
1576	10	4	35.78
483	1130	3	33.65
2696	103	4	21.87
468	101	5	4.72
536	5154	5	86.04
116	114	10	19.7
336	3524	7	108.2
101	5407	4	21.6
253	220	5	38.3
109	6038	3	27.96
991	539	3	33.38
107	4573	3	23.99
175	128	3	8.75
592	976	8	109.18
138	266	6	36.12
102	407	5	5.92
105	221	6	16.01
107	9690	3	32.28
101	816	9	25.93
538	101	5	5.61
122	227	3	10.47
101	613	8	16.99
101	665	10	26.91
102	2765	9	58.95
570	731	3	32.08
2934	14	3	7.3
218	14	13	9.72
294	106	31	216.76
2308	14	4	10.49
101	4465	4	19.04
101	2461	3	7.6
101	310	9	10.9
497	14	7	7.75
909	102	3	4.43
1792	1573	14	284.41
109	2272	5	38.98
143	133	3	6.97
1968	200	5	57.47
8	760	5	21.29
1201	103	6	28.02
102	4359	3	13.64
630	1684	3	37.29
124	164	22	145.27
104	277	5	10.97
118	1583	7	61.33
636	14	5	4.54
111	133	4	3.96
824	8933	3	53.7
394	14	14	27.44
101	1120	4	7
996	102	23	158.92
101	1180	7	20.73
6950	102	4	29.06
598	365	3	28.35
104	379	5	14.12
102	1993	4	13.49
132	4172	3	29.9
125	1923	3	23.43
7630	101	4	26.53
2	105	102	264.77
472	1701	4	50.34
4878	101	3	11.8
102	2558	4	15.92
254	726	3	27.05
1472	14	4	6.96
732	694	6	75.88
102	4635	3	13.64
114	154	3	5.24
4317	2666	3	52.24
2658	14	3	6.64
219	102	8	7.08
102	2459	3	9.33
270	219	3	20.12
2	148	6	5.03
102	818	6	15.67
1880	101	3	6.16
1050	16	3	15.09
9	121	43	143.01
117	669	4	22.94
103	709	3	7.19
3039	101	4	14.53
191	161	4	21.63
581	279	31	469.56
8004	102	3	21.79
116	1040	3	17.77
101	4046	3	10.63
150	222	9	63.22
138	3225	3	28.74
3499	14	4	13.52
762	487	7	86.79
6810	112	4	44.93
2183	2900	3	47.82
9298	102	3	21.79
726	280	4	39.46
101	1528	6	18.53
6503	101	4	26.53
5761	103	3	19.7
215	103	6	9.23
171	4442	3	34.69
102	1073	8	30.03
101	259	34	115.93
106	1628	4	22.68
102	4206	6	43.59
4559	102	4	21.53
101	3122	3	8.88
2266	110	6	48.77
102	562	10	30.36
233	914	3	27.62
4744	14	3	10.14
742	104	9	47.46
1163	5922	3	48.82
564	117	3	14.75
367	3323	7	109.45
223	985	9	106.29
8	239	3	3.89
107	769	7	42.96
7188	16	4	43.65
2222	304	10	150.58
512	2967	3	39.7
2109	14	3	5.56
393	102	5	5.63
7017	616	3	47.62
138	1368	3	23.14
103	457	34	246.93
750	9	4	16
145	106	91	617
1565	104	5	27.21
879	14	6	9.81
3117	14	4	12.35
103	129	13	10.09
102	1587	5	17.04
124	2191	3	23.92
107	904	4	20.92
3559	101	3	9.68
106	168	16	59.41
3139	109	3	21.04
194	153	4	20.85
769	101	9	24.6
5361	6727	4	89.72
7096	105	3	25.65
101	916	12	44.74
102	308	5	3.98
138	421	3	16.75
105	388	4	12.18
143	945	6	53.3
113	168	12	51.91
457	1039	16	246.84
101	4681	4	19.04
129	135	3	4.96
101	724	5	7.69
232	8	11	38.96
103	1212	15	109.62
1949	14	10	46.8
130	8921	3	38.01
111	686	14	112.15
503	3602	3	41.6
107	661	5	25.68
862	109	4	20.82
107	832	3	13.44
162	2917	4	44.42
839	2814	6	94.67
102	6108	3	17.35
240	2642	4	48.54
4334	101	4	19.04
652	159	19	223.42
1151	1246	18	341.9
1745	103	5	25.13
2082	14	5	14.67
1037	14	4	4.85
104	938	6	29.06
112	134	4	4.08
1841	3842	7	138.53
101	1024	6	14.65
692	12	3	16.72
1119	152	3	24.34
777	561	3	32.12
152	163	7	39.69
4215	101	3	11.8
3433	101	3	9.68
102	2908	3	10.66
564	4401	3	43.46
1457	180	3	28
5865	2644	4	76.26
870	218	3	26.89
102	604	12	42.65
101	576	10	24.6
101	6581	3	15.47
585	280	3	26.62
1921	102	3	8.29
3367	110	5	43.9
109	784	7	43.88
120	10330	3	36.45
546	14	12	27.2
2166	104	9	70.96
6378	14	3	13.76
694	14	6	8.02
9332	104	3	28.12
879	615	4	46.97
16	253	4	12
257	785	8	91.38
101	1164	3	4
109	3593	3	22.92
4119	103	6	47.06
111	121	6	6.61
104	225	5	9.02
2255	117	10	107.84
1904	101	3	6.16
429	14	8	8.89
2544	14	3	6.64
115	376	13	92.09
128	1140	3	20.53
189	988	6	61.72
120	183	3	8.29
7313	14	3	13.76
365	2318	3	36.27
3984	8889	3	63.21
1709	115	4	29.54
202	159	15	123.12
137	4776	3	30.98
664	2	6	25.33
887	101	4	5.83
4612	9760	3	64.45
102	2366	4	15.01
126	3575	3	26.89
407	57	3	29.74
990	1465	11	183.07
834	6214	3	49.21
101	171	13	7.01
234	3701	5	68.74
730	14	6	8.35
1181	102	7	24.88
104	188	4	4.11
8007	1384	3	56.55
101	1372	3	4.79
1601	3705	3	47.77
6961	102	4	29.06
102	1676	3	7.43
1177	420	4	46.41
140	126	5	13.22
119	1761	4	30.4
390	107	3	9.58
12	2850	9	109.63
1954	103	10	74
430	678	13	176.28
328	9281	3	48.55
2067	101	4	11.15
108	3969	3	22.87
101	1269	5	11.78
901	102	23	148.74
266	165	3	17.21
1231	3328	3	45.28
120	2890	4	36.27
1116	546	4	48.08
989	101	4	6.38
589	6489	3	47.45
119	624	3	15.32
167	128	12	65.71
254	153	3	15.99
232	470	4	34.68
3886	283	3	37.94
199	418	12	124.4
102	3061	3	10.66
2267	14	4	10.49
135	152	13	74.01
1126	3321	6	102.45
106	152	56	338.72
417	104	6	20.14
2481	1342	3	43.31
101	5547	3	13.31
4012	14	5	22.09
1419	102	4	10.74
125	150	4	10.85
102	1487	11	58.18
124	2207	7	71
192	2008	3	30.53
121	407	7	44.62
109	6041	3	27.96
127	602	3	17.02
1098	2	3	11.07
121	153	8	32.05
312	4809	3	39.86
2402	104	6	41.19
107	614	4	18.22
115	1665	3	20.21
102	2880	3	10.66
529	183	3	22.58
932	2446	3	41.54
129	176	6	25.97
101	2608	4	13.51
127	3169	4	38.99
457	993	24	418.68
2021	3734	5	90.48
1036	119	5	35.69
222	116	6	26.1
113	142	4	6.09
102	515	23	111.91
444	101	5	4.41
103	1241	6	28.69
122	113	21	73.08
1264	378	3	32.48
5125	102	4	24.11
1094	124	6	49.08
105	1125	3	12.86
536	504	7	83
767	101	7	15.53
101	1648	5	14.81
929	4015	4	63.18
121	458	6	37.84
174	2031	5	54.89
115	5239	3	28.43
203	113	34	247.66
123	764	3	17.61
148	458	3	18.74
101	939	8	22.97
6152	7283	4	94.73
929	4754	3	46.11
264	14	9	5
916	1827	3	39.63
1465	1959	3	42.88
101	2322	3	7.6
115	1674	3	20.21
1190	14	4	5.46
2424	172	10	137.77
3310	14	3	8.07
696	3750	4	61.05
631	101	4	3.94
101	631	4	3.94
5409	200	4	54.79
109	4137	3	24.16
662	101	13	42.55
103	424	5	12.58
2649	10422	3	60.55
155	109	10	31.88
101	1962	3	6.59
358	1089	3	31.54
987	14	4	4.58
2103	14	4	9.74
1076	116	4	26.54
104	263	3	3.85
180	133	5	21.72
292	102	26	95.61
102	1797	5	18.56
159	101	14	7.01
141	479	5	35.39
4013	189	4	49.51
109	1768	4	26.6
124	182	18	119.08
390	1383	5	61.6
134	184	4	15.91
133	2350	4	37.08
371	8495	3	49.38
5844	102	5	36.33
101	224	15	21.24
1251	102	19	130.2
331	4832	4	57.3
2522	14	4	11.35
197	1120	3	27.16
9	148	7	9.32
101	480	11	25.42
188	2786	5	59.94
101	376	11	20.8
810	14	5	5.99
2672	14	3	6.64
4667	102	3	13.64
270	184	4	26.93
170	105	10	27.65
128	144	3	6.23
147	262	3	15.26
109	750	3	13.18
102	2492	8	45.4
1057	126	3	19.72
155	2203	4	40.84
131	223	3	11.42
1336	117	8	69.08
199	1761	4	42.34
116	4271	3	27.18
104	575	3	7.78
101	1134	7	20.73
1583	215	3	30.1
322	312	19	231.65
12	289	3	11.64
115	171	24	147.87
5352	187	3	37.5
2251	110	3	19.25
841	141	6	51
230	103	5	7.11
865	101	4	5.58
174	1421	7	77.13
428	146	3	18.36
680	1137	3	35.45
598	1282	3	35.38
9	105	38	46.11
254	737	13	162.02
101	526	13	37.08
6902	183	4	58.7
160	6687	4	56.59
235	1998	3	32.23
101	2833	3	8.2
160	172	42	423.91
4067	102	5	28.06
101	5111	3	13.31
134	127	4	8.1
3320	110	7	70.23
2008	317	4	48.51
1188	277	3	30.05
122	714	3	17.04
101	273	8	6.51
4624	101	4	19.04
524	109	3	11.32
101	138	57	107.02
2350	103	8	57.56
8924	280	3	47.42
8	3243	3	18.24
793	700	13	194.1
1782	174	6	67.57
4350	10398	3	64.45
303	118	3	11.23
116	5056	3	28.76
526	439	3	28.88
105	1533	4	21.8
116	141	5	11.04
342	1845	3	34.31
200	107	3	5.38
3963	260	6	88.4
146	141	16	98.73
271	113	3	9.05
171	107	4	7.11
204	14	11	4.28
122	152	4	10.99
811	102	3	3.9
101	851	9	26.65
2392	104	3	15.38
846	801	3	34.65
430	1542	4	49.03
2155	107	4	27.84
135	113	5	7.57
794	101	4	5.11
1383	101	3	4.79
1142	353	3	31.84
419	9	4	11.99
597	102	7	16.57
773	489	3	31.37
305	3739	5	71.93
510	102	33	196.76
114	339	4	17.29
170	267	16	150.11
1164	637	3	35.08
8	2160	4	23.18
1533	173	4	39.2
566	3691	3	42.22
377	103	5	11.54
1044	2	8	45.91
103	712	5	16.91
101	1216	7	21.49
101	1148	3	4
537	105	3	9.31
891	14	4	4.08
252	8	4	7.34
345	187	3	20.38
103	2252	3	13.11
1040	14	7	15.7
247	106	12	52.48
1613	101	3	5.41
149	445	3	18.8
102	950	7	22.18
373	5734	3	42.65
637	101	4	3.94
1688	101	7	26.29
101	278	11	14.45
242	4829	3	38.15
650	103	6	21.42
353	105	3	7.15
2984	14	4	12.35
1010	14	5	7.6
4692	14	4	16.78
370	416	6	62.17
2322	14	3	6.07
2741	102	3	9.95
232	4644	3	37.89
689	462	4	43.45
573	14	7	9.15
703	8	5	20.62
101	633	6	9.87
430	1352	3	33.99
101	4665	3	11.8
976	105	3	12.32
213	101	9	5.05
101	5323	3	13.31
142	228	11	79.69
807	2	5	20.86
7057	260	3	42.46
378	267	3	23.75
824	2561	3	41.49
121	224	7	35.2
3519	14	3	8.07
545	14	8	11.58
1527	14	4	6.96
127	784	3	18.35
103	410	3	4.66
1526	7091	4	76.18
102	1131	5	14.13
123	1778	3	22.5
101	1658	3	5.77
110	434	8	43.9
2497	3221	3	49.3
308	2647	3	35.97
340	133	3	14.86
102	1558	6	22.96
803	14	5	5.99
312	9	3	5.76
103	154	6	4.1
103	206	5	5.57
107	953	4	21.25
3227	101	6	30.95
106	225	3	4.72
124	7221	4	49.85
101	4228	3	11.8
101	2232	3	7.07
208	105	3	3.98
1289	103	5	22.42
942	101	4	6.1
4511	103	6	52.78
2564	14	4	11.35
117	118	15	43.81
463	383	3	27.33
375	2986	3	37.92
117	235	3	9.53
2464	296	11	177.02
459	10719	3	50.59
672	124	10	84.37
101	4181	5	27.83
103	1436	7	37.79
714	6731	3	48.36
101	1051	10	35.8
106	10298	3	30.39
102	1607	8	36.37
101	1813	3	6.16
101	1711	4	9.94
102	3764	3	12.45
2601	14	3	6.64
235	158	10	77.79
4876	102	3	13.64
12	885	3	18.01
4823	105	3	21.85
823	759	3	34.21
2373	101	3	7.6
126	1350	3	20.94
102	380	11	26.85
105	300	3	6.17
102	456	6	10.11
102	590	11	36.29
101	618	12	35.54
101	797	5	8.27
971	2424	3	41.54
143	2437	3	27.5
3378	14	3	8.07
164	9698	3	42.67
474	102	8	17.99
138	853	5	39.74
143	150	4	14.44
227	142	45	477.5
187	8	7	14.61
1271	1752	3	40.85
177	2743	3	31.44
698	101	4	4.49
603	606	6	72.35
107	227	3	6.38
257	8662	3	46.89
120	1417	13	137
704	1356	3	36.64
101	1456	4	8.94
1125	14	8	20.99
102	1728	3	7.43
124	2916	3	25.94
106	2166	6	44.23
226	2032	6	74.02
251	152	3	15.89
220	482	6	56.69
102	1982	3	8.29
106	782	5	23.93
109	2082	8	71.33
7338	101	3	15.47
2260	2	3	14.92
837	103	3	7.94
109	602	10	65.92
102	2427	3	9.33
137	119	7	18.89
244	114	3	9.23
226	812	8	88.64
101	365	8	10.22
9	267	3	4.89
4158	14	6	36.33
103	1943	10	74
118	367	3	12.42
102	635	4	5.84
778	4250	3	44.95
155	4650	3	33.75
150	193	4	19.79
104	129	12	12.74
2206	14	3	5.56
101	308	14	27.71
530	416	4	40.7
2975	106	5	38.34
102	1086	3	5.29
118	106	56	215.83
109	2270	4	28.91
255	14	11	8.28
102	916	4	7.91
795	184	3	24.74
108	140	11	28.23
2	107	17	6.66
1017	202	5	50.24
1806	218	3	31.17
1080	6795	4	73.87
180	6001	3	37.09
773	3649	3	43.71
233	106	4	8.57
102	765	19	99.25
7196	102	3	17.35
1259	124	4	29.89
16	8	22	19.65
785	102	3	3.9
921	142	24	309.76
102	2035	3	8.29
107	348	7	32.61
2511	103	7	47.25
109	2081	3	19.03
354	5277	3	42.32
3334	422	3	39.49
102	5304	3	15.17
340	105	4	11.4
101	1632	6	20.27
587	14	6	6.61
259	1952	3	32.85
125	145	5	14.96
7747	102	3	21.79
555	14	31	148.98
5	102	5	36.33
105	477	4	13.72
278	1229	7	84.95
103	1387	3	10.54
102	259	16	38.11
127	1768	3	23.04
101	923	5	9.62
101	1073	4	7
105	121	18	34.95
102	461	10	26.42
104	2114	3	14.79
2521	14	3	6.64
315	158	3	17.83
4389	14	3	10.14
2149	110	3	19.25
218	102	8	7.08
380	7990	3	49.38
821	14	7	12.98
2048	102	3	8.29
8005	102	3	21.79
142	258	72	918.45
941	103	3	8.58
556	135	3	17.8
500	6174	3	46.51
104	709	4	13.91
175	126	4	13.53
356	9836	3	49.05
101	3279	3	9.68
4753	159	3	34.05
784	14	5	5.99
2834	106	4	27.13
9	1705	3	14.55
104	617	3	8.08
678	5867	3	45.94
13	13	14	69.33
110	249	3	7.23
704	3619	5	80.07
424	5694	3	43.35
648	106	3	10.32
148	102	12	4.74
10267	110	3	32.67
106	5990	3	23.68
337	219	10	98.32
146	126	11	50.22
904	103	14	87.59
102	2646	3	9.95
4858	103	3	18.14
10283	714	3	52.86
2448	1162	4	59.86
101	2355	3	7.6
102	5078	3	15.17
1621	128	4	32.3
189	111	3	6.03
4264	10463	3	64.45
602	14	5	4.34
101	970	6	13.65
183	2629	10	147.2
103	1470	7	38.79
102	242	9	11.22
498	14	6	5.25
104	949	3	10.19
101	1681	4	9.94
1988	102	4	13.49
103	277	12	39.93
495	387	3	27.75
302	144	3	15.81
104	366	4	9.51
1640	101	7	26.29
251	113	5	19.15
199	1850	4	42.98
1168	14	5	8.81
184	14	14	6.83
5989	104	3	21.43
1762	104	4	20.31
219	14	15	14.28
1789	3498	6	109.11
102	613	5	8.98
688	101	5	7.16
4254	103	5	38.6
113	2205	3	20.68
101	407	8	11.66
1252	10088	3	55.86
102	869	5	11.63
5722	8524	3	66.04
101	153	52	131.2
116	5373	3	28.76
136	1191	3	21.86
155	2054	6	66.28
114	460	15	117.18
199	722	3	24.89
173	106	7	15.99
265	114	3	9.75
136	3944	3	29.48
447	9	11	57.17
107	1590	3	16.96
3873	102	4	19.66
290	14	13	15.98
114	1270	5	35.87
2525	9	10	97.98
4952	7781	3	66.04
109	3594	3	22.92
426	1789	6	81.67
467	101	5	4.72
101	1422	3	4.79
104	290	4	7.67
101	1482	6	18.53
256	14	18	27.88
216	319	3	21.18
2259	124	7	71
1613	102	5	17.04
121	803	3	17.45
1959	14	3	5.11
2792	183	5	59.55
783	361	3	29.88
1490	101	3	5.09
1471	103	10	65.11
3557	101	3	9.68
2836	16	3	20.58
114	458	6	34.55
1620	16	4	25.76
140	1439	3	23.32
999	250	3	28.61
102	995	4	8.51
102	951	12	53.28
118	197	3	8.15
4351	3276	3	53.87
101	129	60	90.12
227	558	5	46.95
1161	187	4	38.57
9	8	33	22.92
2969	14	4	12.35
9	167	6	9.66
1964	8909	3	58.73
654	101	4	4.12
1518	117	8	71.42
2	196	10	27.19
963	113	3	15.92
234	495	5	46.23
252	2	15	63.02
140	348	3	15.84
231	4355	5	71.7
3302	14	3	8.07
12	139	4	7.77
102	2018	5	19.43
928	3798	3	44.87
307	124	17	136.12
191	116	3	7.87
101	1353	3	4.79
9	7588	3	24.9
101	1301	12	55.11
107	1102	5	30.38
8	1129	3	11.82
101	1659	5	14.81
101	1727	4	9.94
103	259	6	11.48
168	138	7	34.5
277	3720	4	53.51
1075	101	4	7
105	400	5	17.74
1112	2617	4	60.41
119	145	4	8.43
8	369	4	10.37
229	889	3	27.56
590	14	5	4.14
101	2564	3	8.2
1060	983	4	51.85
232	117	5	20.68
703	2	11	62.83
416	109	3	10.06
10305	645	3	52.3
826	280	3	28.37
101	2114	3	7.07
1878	101	4	10.52
669	2	3	8.52
103	461	3	5.27
110	299	37	306.31
268	519	3	25.67
2192	101	4	11.84
103	579	3	6.26
4540	101	3	11.8
556	2	7	29.8
112	2813	3	21.53
130	183	3	9.7
190	118	8	35.77
102	1215	5	14.64
102	1351	5	15.75
102	1299	4	10.31
101	1897	3	6.16
121	188	7	31.54
101	1964	3	6.59
696	296	3	28.02
127	692	3	17.74
10059	1892	3	58.22
151	420	5	36.31
1141	218	10	124
116	159	6	19.5
1025	524	4	47.27
109	426	12	75.68
102	379	8	14.76
103	1256	5	21.86
102	455	5	6.9
157	118	5	14.54
2019	4515	4	71.04
102	589	4	5.48
101	692	4	4.49
2460	2934	3	48.42
101	617	7	13.1
1177	3614	3	45.99
132	835	4	28.07
148	188	3	12.56
137	882	3	20.52
1015	165	3	24.69
9702	124	3	37.38
1319	13	3	22.47
101	949	5	9.62
2323	101	3	7.6
10430	103	3	26.38
3654	550	3	42.06
152	136	3	8.66
4232	1093	4	66.23
713	120	3	16.67
2844	14	3	7.3
155	349	3	18.34
435	165	3	20.25
212	14	14	10.8
6016	453	3	43.86
109	2083	5	37.85
2462	323	3	35.57
101	1304	5	12.3
104	407	4	10.19
2798	101	3	8.2
136	146	8	35.55
133	2020	3	24.58
109	3168	3	21.91
277	3227	6	85.77
3518	101	3	9.68
12	125	6	12.52
1643	101	3	5.77
300	168	4	26.49
101	366	10	16.86
102	787	3	3.9
114	291	3	10.27
102	2562	3	9.95
101	2923	3	8.88
104	3717	3	18.64
1512	102	3	6.7
101	3103	6	28.56
474	5038	3	44
102	2383	3	9.33
285	169	5	34.79
6403	104	3	23.64
141	1201	3	22.81
814	9	3	10.69
137	475	4	25.52
975	387	3	31.41
101	290	9	9.72
118	232	4	14.92
104	325	3	4.96
103	1071	5	20.82
931	163	5	46.08
1027	215	3	27.73
107	294	4	12.77
2	1247	3	11.65
2400	104	3	15.38
178	106	46	290.56
3901	102	4	19.66
1242	14	4	5.79
359	101	20	60
9	135	6	3.93
101	495	9	18.09
568	634	6	72.02
754	101	5	7.98
1741	102	10	53.83
270	14	13	14.11
147	129	5	15.64
422	7197	4	66.85
107	423	3	10.02
131	106	34	123.53
2193	3038	4	67.09
237	14	28	63.49
102	9590	3	21.79
1911	571	3	37.24
1560	102	3	7.05
3475	1605	3	46.74
863	14	6	9.81
16	2	58	135.54
978	205	4	38.32
2063	1008	3	40.64
9	7419	4	39.17
358	443	17	221.04
507	103	3	5.74
1073	260	3	29.45
1795	518	5	67.53
119	880	3	17.09
108	342	4	14.18
1773	1233	4	57.96
102	2304	3	9.33
102	4360	3	13.64
851	3724	5	81.93
376	102	9	18.54
9879	102	3	21.79
101	241	29	83.79
101	109	277	769.23
112	7901	3	33.7
299	257	43	602.45
601	101	9	20.71
4636	7312	3	59.96
315	2392	3	35.39
149	500	3	19.34
109	2271	4	28.91
402	16	3	10.21
103	3952	7	61.57
109	546	14	100.89
2509	120	4	34.22
1961	212	5	58.37
129	117	4	5.01
105	178	6	12.43
419	1206	3	33.17
2271	9	3	16.61
337	102	5	4.62
720	358	7	81.35
4554	104	5	41.49
1926	165	4	40.99
107	2530	3	20.13
287	104	65	552.79
211	110	4	10.24
107	4526	3	23.99
451	168	5	39.7
13	2991	4	39.65
3401	101	3	9.68
155	3041	6	72.76
125	468	3	15.56
2053	200	7	86.88
2141	101	3	7.07
7264	2666	3	56.06
434	494	3	28.31
102	206	8	5.78
102	154	12	7.29
8776	14	3	18.16
326	127	4	20.25
127	1769	3	23.04
1107	2656	3	43.03
171	389	4	28.93
392	297	3	24.78
633	852	3	33.47
4164	3107	4	74.72
101	2135	3	7.07
116	1250	4	27.38
264	111	3	8.45
4127	103	3	16.92
477	2	3	6.97
117	161	13	63.15
105	449	6	24.92
101	2302	3	7.6
8	416	3	6.72
109	340	25	188.74
114	664	5	30.05
4569	104	3	19.86
139	272	3	14.01
4786	3422	6	128.23
354	3768	3	39.49
3203	4334	3	53.87
181	316	5	37.92
101	1680	3	5.77
4111	101	3	10.63
767	128	4	26.79
114	3203	3	24.4
1387	180	6	64.88
104	797	5	20.66
449	113	8	48.4
4835	7210	4	87.09
4239	14	3	10.14
4848	102	6	43.59
1561	14	6	16.15
236	171	3	16.7
3819	14	3	9
3338	110	7	70.23
481	14	16	41.98
146	337	4	24.92
617	14	9	16.69
183	1035	7	74.63
106	1321	3	14.02
101	663	4	4.12
101	834	8	21.04
6984	101	3	15.47
2319	2895	5	88.65
1573	149	13	162.9
9004	101	3	19.9
108	175	3	4.25
113	748	3	14.59
4250	101	3	11.8
327	129	16	129.41
101	204	25	51.67
136	1190	4	31.66
3769	102	3	12.45
101	324	47	236.6
440	1647	6	81.14
456	1366	7	94.65
101	256	23	57.92
439	340	3	26.43
109	3595	4	33.73
102	1631	3	7.43
12	514	33	363.29
126	868	19	205.19
110	810	4	20.51
169	14	20	14.11
115	366	5	25.01
107	216	5	14.53
195	109	14	65.6
107	141	6	9.75
3884	103	5	35.65
3861	2107	3	49.72
740	225	3	26.2
7775	4158	3	64.45
102	3233	3	11.48
2551	101	3	8.2
101	6145	4	26.53
8178	3868	3	63.21
102	817	10	37.13
174	1556	7	79.26
102	666	4	6.04
101	578	6	9.01
3248	14	3	8.07
9	119	9	4.85
101	512	11	26.95
820	101	4	5.34
2658	101	3	8.2
349	288	4	34.14
1887	874	3	39.39
128	115	4	4.57
4388	101	3	11.8
103	275	57	409.6
13	452	3	16.94
896	8	3	10.53
125	106	36	128.03
630	104	3	8.24
6698	169	3	38.4
208	119	4	13.85
10282	14	3	18.16
1995	14	3	5.11
401	101	8	11.66
1121	3408	3	44.66
103	1408	3	10.54
167	113	7	22.84
101	725	5	7.69
2482	101	7	32.3
1695	164	5	52.1
3444	138	3	28.74
122	128	13	47.84
1004	725	5	64.23
105	130	14	26.64
3429	103	5	33.47
117	4778	3	27.25
101	2548	3	8.2
988	14	5	7.6
2217	686	11	189.35
2	7858	3	28.25
179	372	3	20.45
107	833	7	44.05
101	2047	3	6.59
7566	103	4	35.18
115	375	3	12.05
273	543	3	25.98
125	1001	3	19.43
109	3592	3	22.92
8	3165	3	18.24
328	102	5	4.39
4757	110	4	35.94
101	1420	6	17.77
384	119	11	76.61
168	1859	3	28.33
101	6325	3	15.47
115	1239	3	18.34
2928	101	3	8.88
102	2274	3	9.33
101	5053	3	13.31
107	1273	6	40.27
128	121	4	6.06
1766	14	5	12.92
177	102	15	19.84
2913	102	4	16.96
1372	14	4	6.54
132	376	8	56.23
103	646	18	110.34
388	1862	4	49.31
1126	102	6	18.67
104	376	3	5.71
101	1285	3	4.51
16	148	5	8.38
184	16	9	33.21
112	730	3	14.19
2798	113	3	21.94
502	2	5	16.86
104	593	4	12.76
107	2714	3	20.13
101	1320	3	4.51
127	426	11	85.84
3158	103	3	15.08
1843	109	4	26.6
2563	1076	8	139.52
107	414	6	28.04
972	483	3	32.79
114	1372	7	57.62
1875	451	4	50.62
3025	104	8	68.76
3969	102	4	19.66
961	2631	3	42.21
1834	14	3	4.71
109	692	13	97.68
101	350	8	9.78
101	502	7	10.88
8889	8178	3	72.77
101	561	10	24.07
8622	4518	3	64.45
123	336	3	13.23
133	629	6	45.27
149	16	7	16.13
289	117	4	16.56
684	5046	3	45.94
101	246	22	51.86
3733	113	7	79.64
118	248	7	34.77
6725	16	3	28.25
317	507	3	26.77
114	560	3	14.02
352	347	15	180.63
7419	14	3	13.76
159	122	3	7.16
115	444	3	13.09
124	160	29	206.61
6732	102	4	29.06
4306	1990	4	71.04
104	138	8	6.89
104	273	5	10.97
101	1373	3	4.79
646	780	18	283.26
695	101	8	18.85
2616	403	5	69.4
155	3026	4	43.74
4259	101	3	11.8
125	405	4	21.91
109	6042	3	27.96
2010	14	4	9.06
110	210	91	902.71
10668	112	3	33.7
105	233	3	4.76
416	340	3	26.06
102	395	5	5.78
392	370	3	26.23
153	822	3	22.84
222	115	4	13.83
101	2200	5	17.38
720	104	6	25.85
1461	2309	4	61.76
596	102	5	8.73
8983	102	3	21.79
419	283	3	24.84
340	8	11	48.7
383	12	3	13.46
104	954	4	15.91
609	5130	5	87.17
104	902	5	21.81
1254	196	4	39.59
101	3425	3	9.68
151	115	5	12.34
218	1179	3	28.5
116	377	3	12.37
124	3181	3	26.81
138	333	5	30.79
4471	14	4	16.78
1049	124	3	19.64
631	102	7	17.33
101	632	4	3.94
847	292	4	40.97
101	684	5	7.16
303	5372	4	59.06
1588	942	3	38.99
1952	14	3	5.11
5454	101	5	33.16
102	2882	4	16.96
8	269	4	7.74
965	141	6	52.54
119	357	3	12.37
778	3992	7	125.34
3059	260	6	82.69
205	3561	8	120.14
253	239	3	20.51
107	799	6	35.22
7211	9	3	24.9
103	558	15	80.62
491	564	7	83.09
192	1774	4	42.71
103	305	5	9.69
101	1753	3	5.77
16	57	3	12.89
115	829	4	24.04
179	266	3	18.22
119	315	7	39.03
268	1381	3	30.9
199	4900	5	69.29
102	274	7	7.43
123	662	4	24.84
1846	102	3	7.84
3295	14	4	13.52
1292	666	3	35.91
2608	102	4	15.92
101	938	6	13.65
170	9	4	4.1
342	102	24	94.65
553	14	12	27.2
329	1960	3	34.51
137	117	18	79.82
199	2262	4	44.45
561	9891	3	51.62
103	1949	12	98.55
205	101	10	6.03
1421	2	4	18.85
102	645	4	5.84
16	117	6	4.02
3402	101	3	9.68
1162	101	3	4
12	111	5	4.11
461	2	3	6.85
107	6698	3	27.79
3387	102	6	34.7
962	630	3	33.96
465	14	12	23.74
109	1769	5	35.92
1339	1342	5	72.38
101	1390	5	12.85
279	427	37	549.13
1823	789	6	88.54
1440	330	3	32.34
534	124	4	23.98
188	102	45	164.08
1059	715	3	35.05
9081	2867	3	61.31
2707	1841	4	64.52
285	158	3	17.08
922	9	6	31.5
109	922	8	55.38
5412	926	3	47.7
6246	3308	3	57.69
101	272	13	20.18
2070	104	9	68.43
1021	104	5	22.67
733	14	5	5.46
174	6154	3	38.78
276	164	4	25.38
107	1403	3	16.2
107	336	3	8.8
107	126	14	33.01
6559	102	3	17.35
127	340	5	28.22
101	1407	5	12.85
2172	208	6	73.91
111	351	3	10.2
115	246	12	71.11
666	459	3	30.31
102	3173	3	11.48
2346	101	4	12.63
1224	101	3	4.24
7540	101	3	15.47
598	2881	3	40.49
1191	101	11	44.64
2856	656	4	57.73
420	4043	3	40.52
117	688	4	23.19
335	1425	3	32.54
101	594	5	6.22
1743	14	3	4.34
101	2234	4	11.84
288	4819	4	55.86
152	116	4	9.4
119	150	5	13.14
130	1310	6	52.41
189	14	24	31.81
117	120	43	227.14
674	101	4	4.3
387	750	5	55.65
160	4327	4	48.96
113	2834	3	21.94
311	193	4	29.1
203	128	12	74.02
187	915	3	25.66
101	1724	5	14.81
101	1664	7	26.29
101	1798	6	21.26
508	117	9	63.29
154	665	3	21.72
793	389	4	42.95
9073	573	3	51.78
125	285	5	25.82
107	1101	3	14.93
158	14	15	3.87
2272	14	3	6.07
1757	102	3	7.43
1505	102	3	6.7
253	330	5	42.98
106	485	3	9
423	242	3	23.81
106	441	4	13.7
101	2129	3	7.07
103	472	3	5.38
6141	16	3	28.25
7167	103	4	35.18
101	698	5	7.42
631	218	6	59.54
138	115	4	6.22
105	151	14	39.93
157	135	4	13.89
101	4599	3	11.8
4934	14	3	11.63
1534	102	5	16.37
458	110	40	401.68
7627	106	3	25.9
1905	6126	3	53.73
2790	102	3	9.95
1798	2144	3	44.73
237	107	6	21.13
863	107	3	13.66
136	129	7	22.44
101	1189	7	20.73
1969	14	3	5.11
508	767	3	31.66
394	9	7	27.88
101	1113	6	15.2
101	1325	3	4.51
104	448	4	10.94
197	435	4	31.93
2172	187	3	30.74
154	131	4	12.6
4200	104	4	29.9
140	6197	3	35.01
2000	14	3	5.11
883	14	6	10.22
109	2520	3	20.29
289	114	3	10.19
732	731	3	33.36
6900	124	3	32.88
7907	4854	3	64.45
398	101	9	14.65
102	2447	6	28.7
3692	103	6	47.06
249	6987	3	42.11
114	302	3	10.58
859	4001	3	44.38
114	250	4	14.65
223	278	4	29.65
134	3110	5	52.07
167	1044	5	47.37
187	114	3	7.16
780	102	5	10.63
127	8	11	11.43
348	171	3	19.27
104	268	3	3.9
101	1368	3	4.79
102	1790	3	7.84
107	315	3	8.37
140	196	3	11.72
126	468	4	23.11
190	101	11	6.49
413	2	10	44.46
217	456	4	33.68
16	1007	3	14.83
101	1876	3	6.16
109	1129	6	39.92
3569	124	3	26.81
1449	124	4	31.35
142	317	21	200.64
215	2559	4	47.29
8	263	4	7.66
101	2400	3	7.6
113	145	4	6.57
105	111	15	13.19
109	2843	5	41.76
4047	101	3	10.63
2052	101	7	28.93
132	778	6	46.52
618	4263	3	43.8
102	144	17	12.33
311	101	23	68.9
102	212	9	8.74
301	454	3	25.85
1222	218	6	67.17
2459	1561	4	62.31
232	474	3	24.19
121	1343	6	49.64
4784	102	3	13.64
677	735	4	46.52
113	467	3	12.35
843	14	8	17.51
220	9427	3	45.76
8	1165	13	96.85
291	9	3	5.33
104	4234	4	29.9
104	2238	4	22.37
103	299	8	21.94
112	225	9	41.49
101	1699	3	5.77
101	1773	3	6.16
4748	858	3	45.62
106	161	34	176.31
2743	163	3	30.4
112	188	6	19.69
750	14	7	12.07
104	1061	4	16.6
2506	106	4	26.19
162	376	10	89.83
9074	102	3	21.79
440	1562	6	80.16
101	909	4	5.83
1222	102	3	5.8
804	254	3	27.47
760	8	3	9.69
4080	160	3	32.87
2974	102	3	10.66
375	107	5	20.58
4083	170	6	80.31
101	4420	3	11.8
228	103	6	10.11
119	126	7	15.1
258	413	23	295.41
223	737	13	157.79
135	161	19	128.1
102	5035	3	15.17
4572	103	5	38.6
101	4473	3	11.8
103	3959	3	16.92
122	133	4	7.26
114	2193	4	31.39
103	1208	13	88.66
360	106	19	119.03
4489	102	3	13.64
151	456	4	27.87
890	132	11	104.97
1176	101	3	4
103	2750	4	21.87
422	3277	3	39.49
236	2386	6	77.71
6214	1096	3	50.75
3789	102	4	19.66
1130	14	6	12.69
107	150	10	28.4
3960	2871	3	51.75
2324	8351	3	59.88
2515	453	3	37.7
842	102	5	11.28
101	2959	3	8.88
2610	229	3	33.93
447	102	4	4
215	309	38	498.06
2738	1169	4	60.82
145	1777	4	37.52
1091	309	5	56.88
101	521	10	23.07
259	204	10	89.11
1283	14	4	6.15
295	14	11	11.34
219	106	3	4.57
371	2134	3	35.88
1420	2152	5	78.61
1649	104	4	20.31
452	9	5	17.96
2403	102	6	28.7
140	367	4	23.86
104	475	4	11.26
191	168	3	14.79
6073	503	3	46.66
1440	110	4	24.61
107	1398	4	24.1
134	281	3	13.52
123	357	3	13.52
137	458	3	17.24
101	345	11	19.09
101	269	13	19.9
353	101	6	4.91
274	128	4	18.87
102	1820	4	12.84
2642	1807	7	126.31
123	1329	3	20.49
2864	16	3	21.33
1566	102	3	7.05
119	1739	3	20.85
198	1305	10	123.55
140	106	8	11.66
161	2122	3	29.09
345	296	3	24.03
131	274	6	33.88
102	1956	4	13.49
7115	101	3	15.47
138	1645	3	24.34
104	557	24	173.57
132	1112	4	30.15
101	1359	11	49.42
8	2271	3	15.98
611	170	14	153.44
1325	1255	3	39.29
101	387	8	10.91
101	522	5	5.42
133	2550	3	26.4
9462	114	3	34.96
1178	14	5	8.81
1350	106	9	65.04
3290	14	3	8.07
1538	14	3	4.01
182	2721	3	31.75
101	1033	6	14.65
3992	127	7	87.67
692	14	10	22.98
1680	14	4	7.91
5714	1735	3	51.03
2181	247	3	33.11
116	1234	3	18.66
208	101	9	4.76
3994	101	3	10.63
8	546	4	13.12
2303	103	3	13.69
161	136	4	14.6
1196	854	3	36.71
1198	2464	11	209.18
1146	103	5	21.32
115	757	6	40.44
132	1698	3	23.24
101	1721	3	5.77
181	127	4	14.42
335	1016	3	30.68
107	4606	3	23.99
101	2057	3	6.59
1063	102	4	8.82
103	399	22	122.48
109	4148	3	24.16
107	707	3	12.63
2355	3749	3	50.32
849	107	3	13.66
5130	153	3	35.14
3078	101	3	8.88
133	2705	6	63.8
101	779	5	7.98
2063	1145	3	41.5
122	328	3	12.87
1780	14	4	8.46
105	154	4	3.86
5737	104	4	32.52
105	326	3	6.64
157	272	3	16.74
123	1000	4	27.8
1179	102	3	5.53
271	133	5	27.19
667	8573	3	52.48
1134	183	4	38.27
157	173	4	19.54
1492	128	3	21.89
122	161	4	11.88
2355	1555	4	62.31
2201	101	3	7.07
517	2	3	7.47
112	350	3	10.29
170	3562	5	61.1
3324	102	3	11.48
3675	14	3	9
127	2523	3	25.35
2114	102	3	8.78
246	102	6	4.18
521	14	6	5.67
102	1464	3	6.7
103	248	10	27.59
1229	101	3	4.24
974	543	3	33.38
203	117	5	18.56
104	1747	4	20.31
101	7069	4	26.53
2384	101	3	7.6
632	827	5	61.2
2057	1232	3	41.82
192	815	25	357.15
627	14	5	4.54
1333	102	4	10.31
135	133	10	41.02
830	296	14	187.16
6857	102	3	17.35
320	118	21	167.87
5742	1011	3	47.96
113	450	3	12.1
101	551	14	43.79
1096	14	9	26.02
227	584	5	47.51
102	853	3	4.24
1293	1092	9	142.49
101	4700	5	27.83
493	184	4	31.94
170	109	3	4.05
259	290	3	21.83
964	2	4	16.07
114	177	9	38.54
201	109	3	5.52
819	105	3	11.39
310	1288	5	58.56
101	1310	9	34.15
163	14	21	14.83
2927	14	3	7.3
461	102	11	31.2
121	704	10	82.57
112	1009	4	23.45
598	165	3	21.98
4001	4190	3	54.89
5894	14	4	19.31
116	608	10	75.98
290	6282	3	43.16
134	115	5	8.68
115	1236	3	18.34
376	117	5	25.85
132	215	10	61.83
693	171	4	33.3
187	108	3	5
4929	14	3	11.63
549	102	4	5.14
102	1031	4	8.82
177	448	4	30.93
289	412	3	24.79
575	646	4	44.29
164	124	33	247.71
123	1851	4	32.64
737	101	4	4.68
109	4142	3	24.16
419	576	3	29.1
102	1354	3	6.38
102	1294	5	15.18
687	121	3	16.65
101	689	8	18.85
101	622	7	13.1
101	793	8	20.45
176	115	5	15.83
5274	102	3	15.17
5657	106	3	23.68
634	102	6	13.08
1047	2019	4	57.43
2342	14	3	6.07
2761	102	5	22.73
2492	3119	7	133.98
102	332	5	4.51
1523	117	5	38.74
124	3426	4	38.77
113	4917	4	37.87
7394	101	4	26.53
117	128	4	4.96
4861	2	3	19.99
12	685	3	16.54
241	939	3	28.14
106	268	4	9.63
150	1083	5	45
106	134	10	15.85
1110	116	3	18.05
234	974	3	28.13
374	104	4	9.64
1203	14	5	9.27
104	464	4	11.26
104	508	29	220.53
681	8	3	9.14
618	3689	3	42.56
341	589	3	28.04
103	610	3	6.55
102	1986	4	13.49
670	14	8	14.37
103	745	7	29.05
2032	101	5	16.43
363	113	4	16.75
170	101	19	19.84
2	111	41	80.82
114	117	5	4.56
101	489	16	50.53
127	1129	3	20.39
101	369	10	17.18
2679	353	5	68.07
101	437	6	6.73
7749	102	3	21.79
2823	129	6	62.06
263	3510	5	67.93
101	183	33	76.34
187	102	12	13.47
102	895	6	16.57
108	144	14	46.19
2199	234	3	32.71
339	101	6	4.51
107	121	7	7.07
1027	10	5	43.16
116	669	3	15.35
953	101	4	6.1
115	507	7	44.41
1631	411	3	34.95
229	1461	3	30.3
101	1460	4	8.94
1018	112	7	49.81
2519	14	3	6.64
1180	895	3	36.95
1546	828	3	38.26
676	441	7	84.28
123	3933	3	27.46
3717	14	3	9
1342	9	5	27.28
101	3766	6	34.13
159	148	3	10.8
5536	101	3	13.31
101	1477	3	5.09
151	4286	3	32.9
366	107	7	33.34
1973	101	3	6.59
4096	101	3	10.63
6814	101	3	15.47
1945	189	3	30.24
101	198	50	175.06
2760	14	3	6.64
1840	14	4	8.46
5826	102	4	24.11
7276	14	3	13.76
391	14	12	19.62
134	270	7	42.81
179	1633	4	41.02
633	14	7	10.13
3195	102	6	34.7
135	688	4	27.51
8	7211	3	24.26
1574	14	3	4.01
101	386	15	38
101	454	7	10.08
102	2013	3	8.29
115	2977	3	23.73
2361	101	3	7.6
106	688	6	29.84
155	2245	4	40.84
3213	6392	3	57.69
101	4175	4	19.04
4864	102	4	21.53
1695	3438	3	47.18
4146	240	3	38.15
101	1730	4	9.94
104	1002	4	16.24
293	106	3	6.32
104	866	4	15.27
190	381	5	40.23
126	285	14	102.79
4805	14	3	10.14
174	2434	3	30.4
1814	1130	3	41
582	1259	6	80
208	109	4	9.79
284	2	9	30.7
102	2980	5	24.18
718	101	6	10.83
189	107	4	8.53
602	12	3	16
117	114	7	9.85
112	1483	4	26.48
407	473	3	27.81
832	104	11	65.96
1736	10321	3	57.76
101	704	9	23.37
156	995	3	24.08
938	14	4	4.32
109	4929	4	38.27
102	435	6	9.46
360	222	3	22.16
217	3936	5	67.7
3113	4406	4	74.72
392	474	3	27.58
608	3300	3	41.54
103	4095	3	16.92
476	316	36	558.36
213	250	7	57.47
106	431	6	24.9
107	4597	3	23.99
323	14	29	89.86
3904	102	3	12.45
223	3560	4	50.05
103	584	5	15.46
172	205	11	86.39
116	1142	3	18.35
152	168	4	18.53
128	799	3	18.49
102	2975	7	41.43
392	273	3	24.13
683	262	31	483.34
8	359	7	24.97
1946	14	3	5.11
101	974	5	10
107	5565	3	25.57
889	14	6	10.22
102	162	14	13.24
5085	102	3	15.17
1319	14	4	6.15
760	9	3	10.28
101	1855	5	15.58
112	129	11	26.67
1975	14	3	5.11
102	1517	3	6.7
3617	3791	3	53.65
103	197	6	7.87
2366	106	6	45.69
116	384	5	25.91
125	348	3	13.84
116	332	10	63.53
415	3511	3	39.37
130	109	62	344.9
101	1937	3	6.59
900	106	3	12.08
181	395	5	40.2
13	139	3	6.46
109	6031	3	27.96
102	1328	3	6.08
693	633	3	32.39
101	763	4	4.89
4725	14	3	10.14
105	190	7	17.53
102	568	13	46.98
432	2482	9	141.37
113	163	5	12.87
113	315	4	15.61
105	3139	3	18.75
386	105	3	7.53
1139	101	3	4
1102	103	10	57.96
118	207	4	13.45
138	604	18	186.96
102	1075	3	5.29
144	1424	3	24.23
767	7873	3	53.27
1118	103	19	149.77
2158	389	4	50.94
8	616	3	8.64
2801	14	3	6.64
2685	106	7	58.74
131	580	3	17.15
151	900	4	32.69
107	145	15	52.14
155	2419	3	29.18
4701	117	4	39.78
467	2	3	6.97
107	3012	3	20.88
104	286	3	4.26
562	107	3	11.61
104	117	13	8.86
838	2	3	9.63
174	282	5	35.43
126	669	3	17.28
5734	732	3	46.33
1274	101	3	4.24
117	2022	5	41.99
127	581	29	326.29
1475	120	5	40.23
307	164	3	18.19
16	10	60	385.22
698	1154	10	149.68
165	102	15	16.36
1987	2876	3	47.27
153	473	3	19.9
8	922	4	16.69
204	2331	9	124.81
1649	106	3	15.53
121	3480	6	64.29
801	14	9	20.55
292	1220	3	30.77
2023	336	4	49.02
102	609	4	5.66
3085	101	3	8.88
101	507	7	11.17
101	463	10	20.82
10275	1951	3	58.73
8	919	4	16.37
3980	16	3	23.21
101	416	6	6.18
244	160	4	24.1
101	1174	4	7.34
3672	14	3	9
1822	14	3	4.71
102	1987	4	13.49
114	5796	4	41.62
1458	14	4	6.96
103	623	26	186.61
924	604	3	33.78
134	1262	3	21.78
1465	107	3	16.56
160	1223	3	25.55
237	103	4	4.52
1336	101	3	4.51
101	3824	3	10.63
138	3266	3	28.74
183	1141	9	103.74
1196	565	4	48.71
104	335	3	5.19
802	6434	4	71.46
4050	1145	3	45.99
154	525	3	20.57
507	14	8	10.91
133	1640	8	82.34
132	283	6	34.72
101	236	20	41.66
133	999	6	50.31
3451	14	4	13.52
2080	101	6	22.37
108	136	10	22.57
113	716	4	21.57
109	883	4	21.14
103	3435	3	15.92
2912	107	3	20.88
102	583	10	30.93
3537	101	4	15.73
105	125	14	24.42
913	1526	13	222.63
1221	295	4	43.94
109	2840	6	53.48
101	822	5	8.59
101	611	13	40.84
202	656	3	24.56
548	2820	3	39.4
146	285	4	23.27
113	150	3	3.9
441	102	4	4
6004	104	3	21.43
130	204	12	75.52
115	1095	3	17.73
212	984	3	27.29
104	2432	3	15.38
101	3310	8	53.06
151	549	3	20.13
109	6036	3	27.96
190	109	3	5.08
2827	103	4	21.87
10333	2098	3	59.28
696	101	4	4.49
101	1891	4	10.52
1089	343	4	44.35
58	105	6	27.23
168	166	3	13.09
4503	994	6	110.23
1290	14	7	18.57
6240	110	3	28.18
2025	106	4	24.58
9981	102	3	21.79
333	14	9	8.18
101	2130	3	7.07
125	1418	3	21.28
815	127	5	36.41
369	483	4	39.12
124	3629	3	27.83
1194	113	3	17.01
101	927	7	18.11
1866	1022	13	236.91
102	333	7	9.91
102	131	145	580.1
2365	106	5	35.57
102	197	8	5.26
120	4365	3	28.15
513	102	12	38.55
861	14	7	13.46
117	203	8	37.09
161	115	3	5.9
160	1094	21	291.11
102	5884	5	36.33
2435	8551	3	59.88
139	2	9	9.63
150	980	3	23.06
2580	101	5	19.67
355	1706	3	34.05
104	2179	11	96.3
101	3437	3	9.68
390	937	8	101.72
103	106	28	7.64
103	162	8	9.79
480	102	4	4.26
3978	106	4	31
894	14	5	6.9
101	1816	3	6.16
109	4143	3	24.16
102	1355	8	33.93
175	150	3	11.92
277	1255	13	180.68
624	103	3	6.55
1735	103	3	11.67
949	1811	9	147.62
101	3360	3	9.68
105	245	9	33.19
277	2649	5	65.04
388	104	7	24.6
504	110	3	11.39
745	564	3	32.08
7260	102	3	17.35
117	532	3	14.44
176	116	6	21.69
104	3841	3	18.64
570	14	6	6.36
8	784	7	35.39
269	1489	9	118.53
101	234	26	66.66
960	16	8	56.14
4758	103	4	27.59
299	282	5	43.18
101	1385	4	8.49
104	329	3	5.03
179	2303	3	30.9
3524	7206	4	83.64
334	6831	3	44.15
216	101	50	190.63
916	183	5	47.98
247	154	4	23.58
101	5713	3	13.31
10221	102	3	21.79
102	3662	3	12.45
9700	14	3	18.16
110	2236	6	48.77
122	1623	3	21.44
109	3164	3	21.91
9	10	7	8.39
101	370	10	17.18
101	438	7	9.58
102	791	3	3.9
1060	165	3	24.97
837	14	7	12.98
2480	124	3	24.52
239	2394	5	62.4
8	2217	12	115.03
118	379	5	25.99
102	794	3	3.9
2122	102	3	8.78
408	14	11	17.01
2980	102	3	10.66
3157	110	4	31.24
101	385	20	63.17
310	6486	3	43.68
101	536	12	32.8
3955	104	3	18.64
1339	101	5	12.3
3619	216	4	51.18
2	126	10	7.75
3137	103	3	15.08
1308	101	9	34.15
101	6194	4	26.53
1955	101	6	22.37
16	137	6	9.37
3283	102	3	11.48
101	1221	3	4.24
101	1145	3	4
12	600	3	15.84
10335	2536	3	60.55
114	4023	3	25.42
155	772	4	32.58
129	2113	9	99.85
2026	117	13	154.3
113	795	5	30.37
791	2619	3	41.27
307	1312	3	31.62
1671	476	3	35.72
108	675	3	12.56
502	5683	4	63.11
3213	1801	5	87.34
552	9	3	8.77
113	116	12	24.53
1675	733	4	53.49
101	2432	4	12.63
171	14	28	34.56
129	204	23	175.29
243	215	4	28.19
148	177	3	12.01
122	214	6	28
1623	101	3	5.41
122	146	10	41.74
224	5513	3	39.1
3209	2667	3	49.97
105	216	3	4.23
1482	7487	3	52.43
104	822	3	9.52
190	338	3	20.32
153	3399	3	31.29
103	509	3	5.74
1104	14	5	8.38
200	14	12	5.59
3426	582	4	58.29
1148	5206	3	48.82
103	5045	3	19.7
290	984	4	41.99
112	325	3	9.83
4832	957	4	65.11
8900	101	3	19.9
347	111	14	92.14
638	144	4	29.1
117	113	14	32.71
148	431	4	26.84
313	1738	7	92.13
531	543	3	30.16
102	115	29	9.73
119	261	4	16.17
195	1758	14	202.17
5902	14	3	11.63
284	8	4	8.18
2828	102	6	30.35
103	5810	3	19.7
6065	7	3	44.45
102	1177	4	9.52
102	1261	4	9.9
3201	14	3	8.07
5789	108	3	25.68
379	283	11	119.94
875	14	11	31.69
107	2002	3	18.33
160	672	30	409.11
8	108	14	4.22
543	814	3	32.4
549	634	9	116.51
104	1639	3	13.33
1194	128	6	50.34
101	975	7	18.71
401	105	5	17.93
103	1475	3	10.89
759	102	5	10.63
208	114	3	8.01
152	169	4	18.58
129	381	4	21.69
172	1603	3	27.78
3070	124	3	25.94
102	1516	14	86.05
1703	101	3	5.77
153	5496	3	35.14
165	101	17	14.1
103	706	3	7.19
813	106	9	55.53
697	14	5	5.22
101	1170	3	4
5883	102	3	15.17
5163	14	3	11.63
317	171	5	36.42
1533	8	3	13.13
133	706	3	18.78
9	122	8	4.79
101	464	8	13.68
103	3194	3	15.92
219	103	7	12.91
101	9214	3	19.9
198	170	103	1467.67
1165	16	12	102.46
958	101	6	13.65
171	2409	4	42.96
102	1074	4	9.16
132	183	7	34.6
4500	110	3	24.38
155	1921	8	95.06
611	1305	4	50.06
211	658	3	25.09
456	14	6	4.68
429	107	4	15.75
101	10158	3	19.9
936	103	5	19.45
101	3840	3	10.63
104	198	4	4.62
101	1430	5	12.85
111	126	6	7.84
124	3042	4	37.5
1219	104	9	57.08
124	307	9	59.34
355	14	7	4.57
101	3112	3	8.88
102	2360	4	15.01
120	188	3	8.49
101	313	39	168.18
7634	101	4	26.53
648	764	3	32.8
110	1997	3	18.71
109	2267	6	49.8
102	913	13	59.12
101	415	8	11.93
660	163	10	101.27
101	491	5	4.89
109	2522	4	29.86
1041	101	4	6.68
102	836	3	4.07
428	113	3	11.85
989	9	3	11.61
10288	104	3	28.12
801	261	7	78.06
2425	330	3	35.67
125	651	3	17.09
345	208	4	30.82
6591	110	3	28.18
509	1821	3	36.61
106	720	4	16.76
2037	117	5	41.99
101	1123	7	20.02
101	1175	6	15.78
104	386	7	24.6
5407	384	3	42.76
150	2884	3	29.65
125	141	3	5.66
136	2490	3	26.16
2496	1193	3	42.66
126	150	3	6.61
5796	3038	5	103.81
103	116	22	21.68
1634	283	3	32.5
5208	2592	4	76.26
1537	110	6	43.37
3477	127	8	100.22
101	1771	3	6.16
1463	112	12	114.37
1090	14	4	5.14
1783	5916	4	72.97
107	9308	3	32.28
117	152	15	73.59
101	866	8	21.65
1261	304	3	31.19
892	759	3	34.68
129	290	6	34.11
223	1105	3	28.32
129	113	5	6.15
109	2841	4	30.95
1160	106	9	62.67
101	612	5	6.44
103	435	4	8.59
560	2675	3	39.4
3259	14	4	13.52
112	544	6	33.84
150	647	3	20.69
179	533	3	22.52
116	5216	3	28.76
101	302	13	23.25
9	458	3	7.84
101	166	24	32.53
905	496	3	32.42
481	717	11	147.58
1983	14	3	5.11
283	14	17	28
101	5805	3	13.31
345	571	18	245.55
897	14	5	6.9
2755	110	10	108.97
16	58	3	11.89
121	838	3	17.67
1469	101	4	8.94
104	345	3	5.27
4102	3527	3	52.63
1480	103	10	65.11
102	1673	10	53.83
101	1112	9	30.89
101	1324	4	8.08
101	1264	5	11.78
102	2001	6	26.02
111	393	3	10.8
125	662	3	17.26
159	476	3	20.39
496	127	39	465.17
102	3271	4	18.18
1034	14	5	7.97
2	14	217	141.03
101	2654	6	26.63
893	1092	3	36.65
107	1260	3	15.53
1451	102	7	28.36
848	183	5	47.56
300	115	6	29.57
1364	2	3	12.3
2502	101	3	7.6
1588	101	4	9.42
102	723	4	6.67
105	1053	3	12.58
109	2521	3	20.29
611	189	3	23.66
2929	164	3	31.23
167	133	9	46.7
382	142	4	24.95
133	222	5	24.96
102	317	6	6.6
101	1013	13	53.94
103	222	4	3.97
691	14	10	22.98
1683	14	4	7.91
126	145	21	122.61
1108	283	4	42.54
551	14	8	11.94
1884	102	13	87.32
1083	101	6	15.2
10465	5771	3	66.04
109	1128	6	39.92
206	652	24	323.36
102	1279	3	6.08
102	1235	3	5.8
1662	353	4	48.08
7244	187	3	39.73
109	2842	4	30.95
105	289	6	19.37
103	1244	4	15.56
6658	110	4	43.56
101	756	8	19.89
101	673	6	10.5
122	235	6	29.56
315	103	4	6.44
112	3941	3	24.16
101	2537	3	8.2
258	207	13	123.99
218	105	3	4.37
101	654	9	22.24
3093	103	9	79.17
101	773	4	4.89
102	420	9	20.45
1221	200	6	65.37
147	882	7	64.53
3296	102	4	18.18
16	971	5	29.72
267	101	7	4.24
4851	170	4	49.68
3143	101	3	8.88
662	193	4	34.86
181	207	6	41.08
112	138	7	14.62
5275	107	3	25.57
140	879	8	72.72
5318	14	3	11.63
1672	891	4	55.01
1326	102	3	6.08
837	846	3	34.87
6582	110	4	43.56
4226	14	3	10.14
116	1292	3	18.99
101	2193	4	11.84
2079	110	5	37.2
215	4258	3	37.21
10	273	3	14.97
112	1618	5	36.38
4703	103	6	52.78
102	248	13	24.78
760	2	7	33.75
102	6250	3	17.35
147	177	5	25.03
1636	101	8	32.85
2436	101	4	12.63
102	758	5	10.63
102	675	4	6.24
105	1042	3	12.58
9	114	41	111.04
101	401	19	60.21
5438	1140	3	48.82
433	102	22	93.93
792	102	3	3.9
101	1161	4	7.34
3508	103	7	55.57
249	1947	3	32.57
124	459	5	30.85
2115	227	3	32.52
106	671	3	10.66
107	405	7	34.67
1028	1041	8	118.93
1774	3917	3	48.66
231	2626	4	48.19
109	3588	3	22.92
967	14	4	4.32
101	1416	4	8.49
102	1015	3	4.84
3350	106	3	19.87
2152	14	3	5.56
101	215	11	9.47
131	1162	13	137.24
2871	102	6	32.3
154	106	4	4.1
1345	1545	6	92.36
111	423	3	11.25
101	1206	3	4.24
803	4520	4	63.82
102	3297	3	11.48
128	168	9	44.13
123	238	3	11
149	197	4	19.81
1540	3755	3	47.77
484	104	29	216.08
101	448	13	33.31
104	1113	3	10.95
101	523	10	23.07
9	108	20	16.6
118	342	4	18.3
101	344	6	4.64
2797	540	3	39.25
101	134	53	81.91
133	2294	5	49.22
488	101	6	7.55
7008	1461	3	52.43
1968	1369	3	42.51
123	1260	3	20.16
2098	14	3	5.56
3553	102	8	58.13
101	1547	3	5.41
101	1463	4	8.94
1630	14	6	17.03
200	110	4	9.61
788	2667	3	41.27
358	1688	7	94.24
106	4126	3	20.88
315	3007	3	36.82
281	264	6	52.2
1170	9	4	18.98
146	145	4	14.48
182	160	3	13.83
1555	14	3	4.01
564	14	5	3.96
101	2162	3	7.07
208	102	9	8.39
102	4953	3	15.17
10237	9888	3	72.77
189	104	4	4.15
101	899	11	38.65
214	126	3	10.55
1075	105	4	19.55
167	161	3	12.88
103	1491	4	16.95
101	1668	3	5.77
2135	103	4	20.1
117	7654	3	31.06
102	1448	10	50
2434	2	3	15.5
1768	14	4	8.46
1603	124	3	21.99
230	8284	3	46.2
741	150	4	31.03
158	104	6	6.81
881	213	4	37.88
383	14	17	38.69
813	701	3	33.58
101	1823	3	6.16
221	133	3	11.9
881	103	8	38.03
361	109	3	9.33
130	526	4	24.6
291	117	21	161.57
1261	184	7	77
208	218	6	45
7945	1	3	54.96
203	235	3	18.46
102	194	10	9.47
2069	102	4	13.49
102	390	5	5.63
1902	518	11	176.01
504	14	8	10.91
281	165	19	186.68
612	14	6	6.87
1100	757	4	50.31
229	730	4	37.74
575	636	3	31.32
120	2113	3	23
111	2547	3	21.43
130	138	10	40.65
2825	146	3	28.63
253	16	28	198.29
4015	1158	4	64.72
2988	101	4	14.53
1006	101	4	6.38
102	1156	4	9.52
126	450	5	30.75
105	1437	3	14.11
1700	14	4	7.91
1347	102	3	6.08
4525	112	4	37.31
112	560	10	68.22
195	192	30	316.88
140	150	3	8.42
1158	14	6	12.69
7755	347	3	48.95
9	1347	3	13.04
101	1446	6	18.53
5175	101	3	13.31
163	500	5	40.21
101	1566	4	9.42
1038	120	4	27.45
2404	103	5	28.97
852	16	10	73.75
187	109	3	5.04
174	1264	7	75.3
10635	104	3	28.12
108	254	3	7.12
101	5091	4	21.6
1081	14	4	5.14
102	2240	5	20.4
350	605	3	28.32
1129	14	7	17.04
1796	102	3	7.84
136	5816	4	47.05
107	1127	3	14.93
815	830	11	163.21
3563	172	3	32.62
1406	531	3	35.25
101	475	6	7.34
684	2897	4	57.99
205	250	4	27.57
101	1243	3	4.24
288	1738	3	32.58
16	113	9	7.98
174	250	8	62.37
505	2630	4	54.85
1386	101	3	4.79
160	1154	6	59.86
722	104	14	87.8
534	1312	5	64.14
9979	102	3	21.79
159	353	8	66.44
1280	14	5	9.76
820	1476	5	69.31
104	255	6	14.21
101	1503	6	18.53
339	14	9	8.39
2077	142	6	62.59
465	9	4	12.79
540	102	7	15.53
2	365	3	5.63
304	14	11	11.82
729	15	3	31.61
2154	14	4	9.74
589	104	18	117.97
370	462	4	38.75
922	14	5	7.24
114	487	6	35.12
101	115	68	69.04
101	232	21	44.85
101	284	9	9.35
102	892	3	4.43
101	436	8	12.76
3489	103	3	15.92
102	638	4	5.84
141	3873	4	43.78
119	601	4	22.56
170	14	20	14.44
102	2636	4	15.92
1710	633	3	37.29
4036	14	6	30.68
201	14	16	13.34
165	139	10	56.35
212	8	4	5.84
124	482	24	239.73
103	2387	4	20.93
109	3162	3	21.91
161	3240	3	31.99
180	595	4	33.15
141	6885	3	35.49
109	7707	3	32.45
1271	223	6	67.41
131	618	3	17.49
101	1640	3	5.77
104	7174	4	37.5
112	242	4	12.83
167	145	6	30.3
974	480	4	46.11
513	14	21	71.03
8	531	3	8.05
898	2361	4	57.98
101	2415	3	7.6
1835	280	4	46.53
157	112	4	7.77
245	133	4	19.11
157	185	3	13.69
101	690	7	14.66
101	6800	3	15.47
538	119	3	14.68
101	794	8	20.45
4697	102	3	13.64
274	733	3	27.57
997	194	3	26.55
102	1221	6	19.91
190	112	3	6.12
110	188	5	13.15
190	185	6	39.85
145	589	4	28.97
2597	14	6	23.26
101	1970	3	6.59
175	328	3	19.15
9526	102	3	21.79
343	1426	17	273.48
2250	103	6	36.29
1309	101	3	4.51
175	161	6	34.93
121	179	3	8.24
462	109	5	22.83
127	843	5	36.81
200	102	13	18.23
2645	14	3	6.64
3767	14	3	9
1120	102	3	5.29
118	3337	3	25.08
134	644	10	87.19
1190	252	3	29.53
207	1351	4	41.02
653	267	3	26.84
103	6216	3	21.91
4526	101	5	27.83
1015	10	3	22.26
407	216	4	32.58
101	640	15	53.18
157	126	8	35
102	370	7	11.29
104	1634	3	13.33
5365	5063	3	59.31
569	14	7	9.15
106	1397	3	14.36
718	14	5	5.22
541	14	8	11.58
151	143	30	234.05
207	127	3	10.22
4269	14	3	10.14
319	249	3	22.25
2272	9	3	16.61
8	1131	3	11.82
112	259	3	8.4
103	329	6	14.39
1007	109	3	14.55
101	9854	3	19.9
399	159	3	19.39
2723	104	4	24.15
104	568	4	12.56
127	383	6	37.41
450	252	3	24.47
102	792	5	10.95
408	102	10	24
233	129	11	71.02
9	245	5	11.72
9	305	3	5.69
104	1176	5	24.12
9	14	455	1015.86
147	163	4	16.92
101	4813	3	11.8
195	1126	6	63.62
119	650	4	23.02
10028	101	3	19.9
7257	103	4	35.18
183	402	8	73.04
10599	117	3	35.55
860	14	5	6.58
118	129	41	231.52
101	6387	3	15.47
101	197	14	14.07
479	102	6	10.34
102	1816	3	7.84
707	252	4	38.28
104	106	57	91.03
1738	102	5	17.77
5083	102	5	36.33
104	162	5	4.77
101	1474	3	5.09
679	1097	4	49.49
324	442	3	26.17
102	5612	4	24.11
409	195	4	31.37
2784	102	4	15.92
118	578	5	30
103	2060	5	26.85
101	510	19	69.9
136	10068	3	39.03
543	426	3	28.91
398	155	3	19.09
2074	115	4	30.88
801	101	5	8.27
7161	103	3	21.91
3230	2935	7	142.38
234	436	3	23.8
201	140	3	11.86
10594	101	3	19.9
582	1049	5	62.79
489	6466	3	46.37
286	14	15	21.72
882	1841	8	126.43
104	435	4	10.62
101	1344	3	4.51
101	7436	3	15.47
940	14	6	10.66
266	408	3	24.21
839	1079	7	98.93
111	114	6	4.35
102	1839	3	7.84
395	183	3	21.01
1079	839	4	50.9
4035	8	3	19.25
5225	101	3	13.31
3689	218	3	36.15
103	4352	6	52.78
2428	101	3	7.6
103	2228	7	45.4
8	748	5	20.95
580	565	5	57
215	14	12	7.26
103	1730	3	11.67
132	116	4	5.41
101	254	14	21.77
606	14	7	9.79
146	133	5	16.98
948	154	5	45
101	657	6	10.18
101	836	5	8.59
109	4925	3	25.73
102	6674	3	17.35
2832	120	5	46.94
102	491	4	4.4
1082	2594	3	43.03
101	2040	3	6.59
110	246	3	7.23
3352	292	3	37.08
116	536	6	37.35
788	14	5	5.99
389	14	10	13.17
126	161	3	7.9
168	144	4	16.72
103	282	9	25.54
984	16	8	56.92
167	121	4	11.94
759	14	7	12.07
412	187	3	21.47
119	10692	3	35.8
426	14	12	21.78
4501	110	6	65.35
1278	9	4	19.84
101	864	4	5.58
101	924	9	28.21
310	1088	3	30.67
4831	645	3	43.98
172	16	4	7.83
102	1479	3	6.7
154	644	4	31.15
3869	649	6	99.41
150	2168	4	39.56
455	14	7	7.02
102	1531	3	6.7
1376	14	4	6.54
103	118	16	9.63
105	1194	3	13.14
607	296	3	27.29
607	119	3	15.32
1079	9	7	41.27
1618	204	3	29.49
900	252	4	40.07
175	133	5	20.85
101	1888	3	6.16
5766	103	4	30.2
130	259	5	25.74
142	209	6	34.31
1076	101	10	36.9
115	1657	5	39.56
113	149	6	14.59
603	1572	3	36.68
559	14	7	8.85
1545	14	3	4.01
123	958	3	18.75
105	122	26	69.12
109	2839	4	30.95
101	610	15	52.15
320	1066	20	310.48
722	1309	3	36.29
2143	119	4	32.51
1431	837	5	68.63
7192	102	3	17.35
770	629	3	32.8
109	2269	4	28.91
138	829	3	20.32
101	1432	12	57.13
101	3994	4	17.19
2115	279	8	111.51
6290	110	3	28.18
12	2	9	4.15
405	101	8	11.66
7254	170	4	57.32
1458	101	3	5.09
317	1487	4	46.01
1306	827	3	37.13
109	2524	3	20.29
308	3665	4	54.74
1658	10	3	25.31
149	166	4	17.34
493	102	5	7.26
1591	104	4	19.73
135	722	3	19.02
334	451	6	61.72
489	605	6	69.75
839	9	4	16.57
340	14	16	31.15
3851	112	5	47.81
3038	10335	3	61.31
137	1884	13	163.52
3894	104	5	38.54
139	115	13	47.96
106	255	3	5.41
835	361	3	30.1
5521	260	3	40.23
107	867	3	13.66
2705	101	3	8.2
119	113	34	139.47
311	169	10	86.72
102	215	7	4.67
124	5588	3	30.66
234	3653	4	52.09
1918	14	4	9.06
226	285	3	20.68
392	4692	3	41.28
2271	14	3	6.07
105	114	24	47.13
416	13	3	16.32
197	1893	3	30.13
142	3782	3	30.67
122	285	3	11.86
243	115	3	9.4
564	189	6	55.58
7146	16	3	28.25
5463	9946	3	66.04
725	1078	17	287.13
2807	101	4	13.51
109	1202	11	91.62
1679	103	9	59.13
106	405	5	18.33
675	101	4	4.3
101	3222	3	9.68
808	350	3	29.67
115	4296	4	39.25
103	432	18	94.74
102	1237	3	5.8
490	213	3	23.49
7347	102	4	29.06
2814	2597	6	110.31
283	102	7	7.83
575	256	3	25.85
485	14	9	13.38
101	1443	6	18.53
137	1333	3	22.76
3524	862	4	60.99
277	3504	6	85.77
103	1062	3	9.07
833	115	3	16.22
118	6352	3	31.15
102	976	3	4.84
3623	180	6	82.04
932	218	12	149.32
255	105	3	5.2
119	873	4	25.21
2	349	3	5.46
4599	110	3	24.38
102	2365	4	15.01
150	1402	3	24.91
5922	733	3	46.33
181	3366	3	33.33
3264	4409	3	53.87
104	6198	3	23.64
101	2792	3	8.2
102	2620	3	9.95
138	4222	3	31
114	249	3	9.29
277	630	11	130.92
3923	2798	3	50.99
519	2	3	7.47
102	773	6	14.85
16	16	12	11.62
101	1110	11	43.28
116	2147	3	22.03
106	2512	5	35.57
174	299	3	18.52
334	1045	6	71.21
1453	2585	3	44.71
2047	208	8	103.56
1022	104	19	153.81
963	145	3	22.37
1034	102	3	5.05
2606	14	3	6.64
1484	14	5	10.87
102	1877	4	12.84
7955	102	3	21.79
3772	14	3	9
2654	14	3	6.64
1786	14	3	4.71
3355	102	3	11.48
115	121	7	12.2
1609	113	3	18.76
124	1169	3	20.22
109	843	6	36.5
295	101	7	5.44
827	14	5	6.28
204	986	5	50.41
2769	7657	3	56.06
945	104	9	52.03
543	109	4	17.58
173	101	17	16.24
108	117	10	13.03
8	2084	3	15.4
101	3725	4	17.19
140	286	24	223.94
109	3586	4	33.73
103	958	3	8.58
367	215	3	22.07
101	1490	4	8.94
104	222	4	5.69
104	298	4	7.96
2317	3063	4	67.94
1307	3206	5	83.69
106	418	4	13.07
1845	102	8	39.33
2362	14	3	6.07
409	837	11	147.07
490	103	21	124.5
1499	149	3	25.2
101	1925	4	11.15
154	876	3	23.17
682	117	3	15.61
112	1289	3	17.24
1042	109	5	30.16
122	196	7	32.98
148	107	5	7.77
157	141	4	15.33
116	1547	3	20.1
119	532	3	14.68
271	106	11	48.29
109	383	11	64.41
135	418	4	23.9
392	379	3	26.23
4887	752	3	44.95
108	1048	3	14.76
305	187	7	58.2
4799	5224	3	57.72
477	16	4	17.01
186	113	12	56.81
209	4411	3	36.98
1549	3129	5	83.94
7170	2375	3	55.38
1112	2129	5	76.3
103	269	8	19.96
103	345	4	7.06
282	14	13	15.42
106	162	4	4.68
1927	109	4	27.3
366	606	3	28.63
101	2573	3	8.2
113	220	3	7.77
101	2421	4	12.63
254	2672	5	64.17
106	1127	6	35.21
7498	1366	3	52.05
3049	14	3	7.3
7223	633	3	47.8
482	1732	3	35.86
101	1972	11	61.95
785	1096	6	81.88
110	230	3	6.88
109	4147	3	24.16
101	1718	3	5.77
508	228	13	149.13
103	214	19	69.67
727	101	5	7.69
103	146	18	37.64
101	3517	4	15.73
125	114	13	39.28
2698	102	5	22.73
107	1044	3	14.65
2560	102	5	22.73
686	110	29	292.3
106	116	17	27.18
495	462	3	28.85
101	2240	3	7.07
119	152	4	9.78
1128	14	8	21.82
6626	106	3	25.9
440	3741	4	57.81
412	102	22	91.72
199	532	18	215.97
214	128	8	44.23
101	957	10	33.79
313	1743	15	243.81
7411	117	4	47.41
3936	216	5	67.6
102	120	33	24.21
2589	218	4	47.52
382	173	5	38.57
102	297	7	8.57
470	205	3	22.92
8	885	4	16.37
1191	103	3	9.61
103	3272	4	24.19
8	989	3	11.01
118	9202	3	35.64
108	491	6	30.1
427	4316	3	41.88
2840	14	4	12.35
8	2272	3	15.98
1245	112	3	16.91
102	807	3	3.9
1616	14	3	4.01
132	554	3	17.18
1274	112	3	16.91
103	772	3	7.55
1701	14	4	7.91
102	1957	4	13.49
4633	7280	3	59.96
3095	104	4	25.23
5266	14	3	11.63
1790	3332	3	47.64
3742	1666	5	88.71
1699	1650	4	59.93
880	103	19	134.6
1363	101	4	8.49
1833	14	4	8.46
4988	14	3	11.63
110	617	3	12.3
2619	14	3	6.64
104	301	3	4.59
101	1413	3	4.79
269	310	3	22.57
104	249	4	6.51
9	1332	5	27.28
3642	2122	3	49.72
3434	106	3	19.87
353	14	10	11.71
133	4216	3	30.29
2732	1798	4	64.52
1253	3293	3	45.28
310	189	11	102.92
3061	1542	3	45.87
187	16	5	13.25
327	248	25	308.79
717	2071	11	185.9
119	1006	3	17.82
814	14	11	30.77
107	235	4	10.87
1769	14	4	8.46
845	14	5	6.58
3279	588	6	95.43
132	1595	3	22.81
104	144	8	8.96
180	126	5	19.9
163	101	20	20.6
109	3161	3	21.91
102	5365	3	15.17
108	404	3	9.9
977	102	6	17.56
1554	14	3	4.01
7203	142	4	53.65
563	14	5	3.96
109	670	5	26.27
1664	14	3	4.34
160	2674	3	30.22
101	373	26	97.38
3373	103	8	70.37
500	103	4	9.53
580	854	7	90.73
644	136	3	18.65
403	105	3	7.84
101	2225	3	7.07
123	719	4	25.35
944	119	3	17.57
102	134	15	3.91
101	1059	4	6.68
4756	1562	3	49.01
2099	14	3	5.56
4721	14	3	10.14
3690	102	6	37.9
2768	102	9	58.95
101	1755	3	5.77
101	1703	6	20.27
495	361	3	27.42
116	354	3	12.06
125	128	4	6.93
159	759	3	22.9
101	5352	3	13.31
400	101	8	11.41
1584	1958	3	43.29
103	421	6	17.17
110	339	3	9.15
102	598	24	127.17
102	523	4	4.83
122	238	4	16.66
101	626	7	13.47
122	106	19	41.15
199	113	3	6.89
113	135	9	22.64
146	2	6	5.03
113	345	18	131.34
8	321	3	5.46
8772	110	3	32.67
193	140	4	17.73
5997	101	5	33.16
105	186	7	17.14
109	2845	4	30.95
1384	101	12	57.13
101	608	5	6.44
526	463	3	29.14
110	153	4	6.3
102	1236	3	5.8
3917	132	4	41.4
102	1160	14	75.38
121	331	12	85.6
899	1394	8	121.54
109	1203	6	40.6
983	14	4	4.58
158	448	3	19.99
113	1536	3	18.36
2776	102	10	72.66
106	150	11	26.95
8	1231	3	12.12
139	116	6	14.1
115	853	4	24.35
158	344	3	18.4
2321	14	3	6.07
101	3630	3	10.63
110	459	5	23.18
7752	135	3	38.84
101	1775	6	21.26
181	109	22	118.68
596	103	4	10.65
102	266	14	30.74
183	2589	5	59.55
2420	101	6	25.01
117	141	4	7.39
186	128	5	20.69
947	1288	5	69.26
535	213	3	24.08
2035	14	3	5.11
101	2143	3	7.07
2286	14	5	15.71
3404	14	3	8.07
119	114	5	4.84
104	1292	3	11.85
101	419	5	3.98
101	554	5	5.8
109	2518	5	40.27
133	628	3	18.22
3092	104	8	68.76
123	133	23	119.11
115	3771	4	37.33
103	5266	4	30.2
109	691	7	42.34
313	2784	8	119.1
8909	309	3	48.18
424	115	16	125.32
105	3613	3	20.62
101	1187	3	4
119	3185	4	36.67
101	1263	6	16.4
266	102	6	4.83
4871	104	5	41.49
978	213	6	63.91
3021	104	6	44.86
144	102	102	418.66
2245	101	3	7.07
107	161	8	23
103	2327	5	28.97
1650	10392	3	57.76
1349	103	10	61.91
173	10	3	11.16
101	249	11	12.34
985	102	3	4.84
102	909	3	4.43
2704	14	4	11.35
1770	14	4	8.46
745	4342	5	83.38
102	928	3	4.63
103	1870	6	33.85
123	490	3	15.27
102	1012	6	17.56
2152	101	4	11.84
101	212	18	28.73
103	1109	3	9.33
257	1096	4	41.72
619	113	3	13.68
978	103	4	14.05
133	3447	3	28.03
138	3306	3	28.74
305	1812	3	33.55
140	118	4	6.95
103	4551	3	18.14
199	3578	3	34.19
103	6904	3	21.91
1914	105	3	16.22
2815	109	5	40.27
104	373	3	5.71
101	1338	3	4.51
101	1234	3	4.24
115	3806	3	25.61
9	111	18	17.27
2270	101	3	7.6
101	570	7	12.41
127	1278	4	30.57
3975	457	5	76.18
781	171	3	23.54
3342	14	3	8.07
3547	102	7	44.88
984	14	4	4.58
101	2362	3	7.6
4499	1920	3	50.41
101	4214	3	11.8
535	103	29	208.56
1883	1863	3	43.68
106	315	8	32.8
115	728	7	49.08
335	840	4	42.11
1193	14	4	5.46
103	134	13	12.75
102	1580	4	11.71
103	268	4	5.22
102	1368	5	15.75
121	162	6	22.03
101	1926	7	28.93
3159	14	3	7.3
267	14	14	16.84
784	9	6	29.54
107	659	3	12.27
140	622	3	18.94
116	135	4	6.07
106	417	4	13.07
3562	101	6	30.95
102	2655	4	15.92
7267	103	4	35.18
764	101	5	7.98
445	1239	3	33.56
135	357	4	22.71
101	655	4	4.12
101	826	4	5.34
204	119	7	31.26
105	279	10	41.64
102	421	8	16.41
102	505	6	11.07
1714	104	6	36.23
125	113	12	31.42
107	1043	6	38.33
106	115	24	50.19
335	660	18	250.41
101	1667	4	9.94
112	142	4	5.65
181	129	3	9.36
221	116	4	14.16
7896	9462	3	72.77
3272	14	3	8.07
102	1567	4	11.71
101	956	7	18.11
299	940	3	29.58
317	738	11	138.46
2786	102	7	38.8
105	460	8	38.37
431	103	5	12.77
1117	2	4	17.13
1225	1597	3	40.42
113	177	6	19.38
294	191	4	28.57
109	465	10	60.87
666	1988	4	54.05
129	141	5	14.36
122	150	8	30.6
2194	124	4	34.6
7125	104	3	23.64
1097	14	4	5.14
2024	14	3	5.11
1113	14	6	12.13
103	1281	3	10.21
102	372	24	99.67
112	395	4	16.93
101	2055	3	6.59
545	9	8	38.82
2268	14	4	10.49
466	420	3	28.05
118	1618	4	29.6
9489	103	3	26.38
3842	3645	5	99.43
642	424	18	258.3
151	2303	3	28.34
104	248	18	81.01
101	1464	6	18.53
141	450	3	17.79
183	1222	10	119.49
126	2266	8	84.71
115	554	9	63.57
107	133	12	29.04
740	106	10	62.62
123	2857	3	25.57
222	664	3	25.56
102	987	3	4.84
101	271	43	177.67
177	223	4	24.77
1730	304	3	33.09
1233	105	3	13.45
102	730	12	46.83
568	759	4	45.6
428	141	3	17.53
156	225	7	48.02
919	101	9	27.41
101	599	5	6.22
1521	1160	4	55.73
9	16	20	18.13
183	208	8	60.27
2592	8	3	16.64
2	188	4	4.22
234	419	3	23.55
131	188	3	9.93
273	9	3	5.01
757	107	3	13.02
230	101	15	22.81
233	1618	4	43.66
103	825	6	24.22
101	1157	4	7.34
1809	107	3	17.83
546	345	3	27.72
6497	102	3	17.35
109	3160	3	21.91
103	808	15	92.17
1386	14	6	14.6
926	9	3	11.36
2899	237	3	34.95
101	2658	3	8.2
116	1833	3	20.99
114	223	3	8.58
677	304	11	135.71
133	4577	3	30.29
1035	218	5	52.2
1247	101	3	4.24
114	179	5	15.93
134	234	5	25.63
4099	2836	4	71.71
128	398	3	14.81
134	117	8	21.35
114	433	6	33.76
209	101	42	138.37
296	7276	3	43.42
981	104	3	10.43
1262	102	5	14.64
1681	14	4	7.91
101	298	33	123.71
305	2354	3	35.21
103	1772	3	12.11
102	1033	3	5.05
104	265	5	10.75
1125	9	3	12.14
1843	367	3	34.72
102	1669	4	12.25
1920	102	4	13.49
2422	14	3	6.07
467	131	3	16.13
178	101	11	5.33
2054	103	3	12.59
109	1770	3	18
438	1985	6	83.11
5110	103	3	19.7
2883	103	5	31.71
250	2	12	44.6
13	241	3	12.95
103	354	3	4.05
415	1773	3	35.41
440	403	3	27.54
104	723	3	8.93
1212	14	5	9.27
1992	203	3	30.83
782	104	12	72.51
125	591	3	16.75
3136	106	5	38.34
126	4112	4	40.4
3579	104	3	17.63
8	139	8	8.14
129	14	28	4.51
1179	14	4	5.46
8	342	3	5.79
456	3201	3	40.01
105	157	7	13.29
101	728	4	4.68
104	1925	4	21.62
2454	103	11	96.78
382	138	3	16.07
279	2008	4	47.13
1746	102	3	7.43
627	102	5	9.23
580	855	4	46.51
102	2932	3	10.66
8	394	4	10.78
172	124	15	89.51
532	104	27	203.25
139	162	3	9.64
1717	102	11	62.75
4212	104	3	19.86
246	14	14	15
436	462	4	40.03
712	889	5	62.99
103	166	10	16.26
402	1756	3	34.83
239	1374	3	30.26
103	302	27	145.42
5408	103	5	43.98
145	191	4	19.17
396	103	9	31.97
112	244	3	8.08
107	2212	3	18.87
128	153	4	12.07
114	284	5	21.82
10045	2879	3	61.31
127	1203	4	30.11
101	367	29	115.49
101	435	8	12.48
177	281	3	18.4
16	294	3	8.38
191	129	3	9.92
104	584	4	12.76
109	3163	3	21.91
103	612	3	6.55
4691	124	3	29.07
2618	819	3	41.49
12	119	5	6.73
362	517	3	27.71
107	431	6	28.54
126	4489	5	57.04
103	2538	3	14.34
303	275	22	265.41
349	1343	4	45.79
465	105	7	31.93
1180	2312	3	42.66
117	1862	8	75.79
101	1502	3	5.09
172	3438	3	32.62
9994	110	3	32.67
823	102	10	37.13
192	496	37	526.41
101	116	67	72.03
9	514	3	8.48
102	1095	4	9.16
2498	117	6	56.01
107	1498	3	16.56
2008	109	3	18.49
300	2707	3	35.7
379	2024	3	35.33
102	2380	3	9.33
183	506	9	88.81
102	454	5	6.9
2039	117	4	31.41
244	1049	5	53.6
183	861	21	282.37
653	8	3	8.97
322	5597	5	80.92
1338	102	5	15.18
2	1052	3	10.8
130	127	9	29.73
352	997	3	30.88
746	281	28	433.46
110	138	5	6.32
102	1144	4	9.52
7526	101	3	15.47
174	925	3	24.97
916	8273	3	54.18
5608	674	3	45.94
102	1553	3	7.05
102	1477	4	11.21
101	1819	5	15.58
104	913	13	86.14
4581	2147	3	50.96
421	5316	3	43.35
3498	296	6	87.1
109	1442	9	73.96
192	3230	5	63.78
752	14	8	15.83
136	2442	3	26.16
2726	14	5	16.91
102	282	10	17.01
177	6969	3	39.15
102	132	118	422.98
117	126	6	10.95
121	1209	3	19.79
208	16	3	6.07
815	109	8	53.24
2155	101	4	11.84
131	3337	5	52.82
1867	204	3	30.38
226	145	4	20.95
454	14	9	12.69
102	183	24	54.02
112	154	3	4.24
104	864	3	9.73
183	5236	3	37.27
2218	292	6	78.95
1882	101	5	15.58
8	1198	11	76.54
1915	105	3	16.22
582	239	3	25.67
107	643	4	18.45
200	101	12	9.83
141	1045	16	185.83
109	1278	5	32.31
545	8	3	8.05
103	508	6	19.22
276	2391	4	48.65
3408	133	4	40.4
122	145	3	5.72
101	706	6	10.83
5885	102	3	15.17
102	489	4	4.4
105	143	15	40.83
586	14	6	6.61
938	102	5	12.38
109	4931	3	25.73
102	437	5	6.55
330	16	3	9.04
3852	4442	3	54.89
3595	105	3	20.62
464	543	3	29.43
102	876	5	11.63
102	2213	5	20.4
977	408	3	31.76
141	451	34	402.01
1202	14	6	13.28
1137	2141	3	42.05
1592	101	4	9.42
197	266	3	19.09
10669	103	3	26.38
433	228	6	55.94
409	525	3	28.39
910	14	4	4.08
5622	267	3	40.38
2508	102	3	9.33
877	14	4	3.85
117	2514	9	96.34
102	793	3	3.9
970	2496	4	58.33
101	535	5	5.61
178	203	3	15.99
491	2314	3	37.98
2830	102	6	30.35
101	1480	3	5.09
816	101	8	21.04
132	115	4	5.08
101	331	12	22.01
132	232	26	222.23
101	255	27	76.48
1698	208	3	30.19
352	1342	5	59.86
116	2119	3	22.03
108	220	4	10.4
364	1945	3	35.12
2801	102	3	9.95
147	116	9	31.88
102	2387	3	9.33
127	4146	3	29.24
3438	172	8	115.47
1658	101	3	5.77
261	230	3	20.53
133	705	7	56.6
3536	101	3	9.68
660	149	8	72.51
117	748	5	32.02
127	465	12	98.38
104	436	3	6.51
690	361	5	54.39
101	1173	4	7.34
101	7285	3	15.47
141	150	15	91.9
546	9	4	13.91
165	14	39	67.82
533	437	5	53.97
151	648	9	84.04
101	1683	4	9.94
656	14	7	10.49
102	1379	3	6.38
410	2	3	6.2
101	2181	6	23.6
147	795	3	21.59
101	1090	7	20.02
121	1187	5	38.08
101	912	14	57.87
160	4308	5	65.36
101	972	5	10
621	14	10	20.59
275	102	78	557.05
118	918	3	17.17
1893	1011	3	40.14
6014	116	3	28.76
103	1357	4	16.46
105	137	25	83.96
2708	14	3	6.64
233	918	3	27.62
129	126	3	3.88
101	3329	3	9.68
636	2619	3	40.08
130	243	3	12.07
135	1186	3	21.67
155	194	5	28.62
1325	630	9	132.35
175	235	4	24.87
491	523	8	96.18
110	171	4	7.54
102	1174	3	5.53
1530	2575	3	44.71
109	6029	3	27.96
3077	110	9	98.06
101	9750	3	19.9
116	287	4	16.46
941	101	12	45.94
778	6549	3	48.77
131	4259	4	43.08
104	640	5	18.73
2038	1613	3	43.29
105	123	24	61.57
102	507	4	4.68
118	6824	3	31.15
1244	101	11	46.1
316	101	10	14.32
463	109	3	10.65
101	609	6	9.57
148	264	5	30.6
1420	278	3	31.13
8	326	8	29.13
1698	823	3	38.69
8	154	12	28.58
127	3160	3	26.98
101	2465	3	7.6
333	102	5	4.51
106	1594	4	22.68
116	1309	11	104.42
1084	537	4	47.87
102	209	17	34.09
101	865	12	43.61
781	153	3	22.41
124	9433	3	37.38
6524	101	3	15.47
127	1770	3	23.04
101	925	4	6.1
309	3238	5	69.87
101	1075	6	15.2
1963	1302	5	76.96
102	1598	4	11.71
2621	6215	3	56.06
1152	103	13	86.67
439	2268	3	37.44
302	102	6	6.07
1910	102	12	75.82
313	6624	3	43.68
101	1124	7	20.02
124	9174	3	37.38
101	1176	5	11.29
191	152	6	35.93
174	116	4	11.11
102	1937	4	13.49
12	251	4	16.61
5887	9140	3	66.04
239	5270	3	39.74
102	3207	3	11.48
2877	101	3	8.88
640	101	5	6.67
3424	103	3	15.92
1720	101	4	9.94
115	1475	3	19.39
101	568	7	12.41
2354	14	3	6.07
101	162	24	31.36
3857	102	3	12.45
437	929	5	59.09
274	14	10	7.38
109	2268	3	19.63
1830	158	4	39.58
355	101	11	19.75
101	3051	5	21.09
1864	2107	6	101.47
1013	2	7	37.26
136	596	3	18.31
101	1433	6	17.77
102	1855	3	7.84
2202	4784	3	50.96
859	14	6	9.81
13	803	3	19.78
102	1737	3	7.43
4463	8378	3	64.45
