103	1760	4	21.34
107	5570	3	26.99
1385	12	3	4.48
2689	102	4	19.47
150	119	13	65.93
1124	106	4	24.84
6871	650	3	53.64
101	2921	3	12.14
2744	6625	3	61.9
117	507	16	144.2
3225	14	3	8.88
4923	14	3	12.45
106	222	4	11.34
146	8207	3	41.29
289	305	3	25.73
112	921	4	25.85
2504	123	7	86.28
6025	992	3	56.01
104	1695	3	15.51
512	153	5	44.04
103	6923	3	25.98
1671	12	3	5.51
107	695	6	38
119	1277	4	31.46
1645	110	6	50.61
2512	101	4	17.65
3987	14	3	10.35
169	9	4	4.25
9	117	72	251.56
4483	811	3	50.38
1054	14	4	6.41
101	2724	3	10.97
137	120	3	5.08
105	262	3	5.18
1096	323	3	34.14
122	2076	4	37.58
12	126	318	1745.85
867	101	5	13.38
1457	106	5	36.76
773	106	4	22.09
1205	110	12	121.11
6143	4484	3	66.96
116	492	3	14.92
2355	12	3	6.9
116	239	3	10.26
101	3354	3	13.66
1548	116	5	41.98
870	3524	5	92.71
6296	1542	3	58.56
2721	14	6	28.04
1465	4466	3	54.07
103	560	4	12.9
104	1361	6	38.67
3682	14	4	17.56
104	245	5	11.94
101	4433	4	27
2313	399	5	74.39
109	647	3	14.15
104	312	8	30.8
101	839	10	41.84
1055	101	3	6.07
1714	292	3	36.19
842	14	5	7.89
115	113	6	4.87
420	14	7	7.73
1088	101	3	6.07
107	372	3	10.55
418	1703	4	54.64
226	325	5	46.22
134	1058	5	46.83
101	2112	5	23.37
152	258	7	54.63
4939	12	3	12.49
104	1274	4	20.92
111	428	4	19.21
2589	116	7	79.96
101	1653	7	35.24
121	423	3	15.93
112	205	3	8.24
1538	14	3	4.93
661	14	9	22.34
328	342	3	27.39
4282	14	4	22.44
585	14	5	5.52
104	514	6	26.53
1150	12	5	10.97
8	2721	6	48.95
104	396	5	17.6
122	2049	3	25.05
101	1034	3	6.07
1698	12	3	5.51
125	4014	3	30.67
12	2469	7	39.34
108	6984	3	31.59
12	2589	3	7.8
1440	101	8	39
45	14	120	250.64
256	106	34	270.2
1311	106	7	56.36
1019	14	6	13.73
177	847	4	40.5
153	14	50	103.53
1866	101	3	9.21
619	12	5	5.9
1603	102	3	9.2
3343	109	3	25.05
1486	12	4	8.93
6298	12	3	16.86
1176	128	3	23.45
102	236	6	6.25
12	1758	5	14.86
1350	9	3	14.22
105	500	3	9.12
520	101	10	32.26
2066	106	4	30.43
103	1733	7	48.49
16	10	59	405.67
8	4504	4	36.44
769	12	5	7.47
101	3148	6	40.5
1307	109	3	18.35
101	1266	13	87.76
2825	169	5	67.44
161	871	6	62.61
140	321	5	35.67
101	4868	3	15.82
734	599	3	36.47
104	2239	3	17.1
436	102	5	9.28
105	216	15	66.17
122	1585	3	23.62
1877	14	6	22.57
1115	14	4	6.41
101	252	8	10.08
104	772	8	46.91
370	5778	3	49.99
1099	14	6	14.59
2031	14	4	10.69
1544	12	4	8.93
109	124	10	19.73
1006	1414	3	42.52
1097	198	4	43.62
667	12	4	3.85
371	141	4	28.72
6162	16	3	34.45
102	115	40	27.87
325	108	4	15.38
5744	14	3	16.83
960	106	4	23.62
690	200	3	28.51
1988	103	3	14.68
646	14	6	9.38
112	2736	5	47.02
724	1752	3	42.02
990	12	4	5.98
122	7029	3	36.48
2127	102	3	11.34
3376	4264	3	60.23
101	2035	3	9.21
411	226	3	26.15
104	343	10	46.02
104	267	22	125.36
127	3076	3	29.45
108	2678	7	73.75
101	761	4	8.1
2	12	20	8.4
514	109	10	69.63
7109	107	3	31.47
338	113	4	18.41
477	14	7	9.14
886	101	8	29.97
1040	101	4	10.37
120	266	3	12.25
110	3271	5	47.96
12	157	19	10.8
104	594	5	21.8
12	111	656	3362.98
5910	12	3	16.86
142	130	20	136.7
12	1583	8	32.45
103	272	4	7.08
216	12	31	79
288	284	4	36.12
763	14	13	47.9
2271	113	6	58.43
2740	14	3	7.77
258	110	55	551.25
112	3077	4	36.67
2865	128	3	29.65
405	14	6	4.96
480	106	19	158.02
5015	107	4	41.97
1460	573	3	40.22
119	1105	3	20.64
725	364	4	46.32
142	118	4	8.83
398	200	4	35.92
799	14	5	7.89
154	487	3	22.75
1025	468	5	66.38
7486	14	3	16.83
404	119	4	22.51
12	406	6	5.01
109	640	12	95.43
101	2592	3	10.97
115	323	9	56.29
128	888	5	42.07
671	107	5	29.07
976	105	5	26.86
2786	109	4	34.73
103	4901	4	34.64
101	2094	3	10.01
282	163	4	28.66
103	360	14	68.58
5351	128	4	50.62
731	119	4	27.53
104	3346	3	20.9
2627	101	3	10.97
106	14	179	191.13
630	12	6	9.43
1032	109	5	33.95
236	8	4	7.47
2364	109	4	32.82
102	334	8	17.65
102	274	29	131.96
105	383	3	7.59
101	155	29	60.32
102	1604	3	9.2
7408	12	3	16.86
639	110	10	75.4
4725	14	3	12.45
1328	10	5	48.21
146	614	12	132.55
3837	103	3	19.3
393	104	4	12.1
101	2851	3	12.14
239	338	3	25.18
361	376	3	28.7
3711	12	4	17.6
3795	105	3	21.22
105	341	18	108.58
102	1347	3	8.65
520	438	5	59.32
104	1816	3	16.25
1722	105	10	93.07
608	105	13	88.12
103	793	5	21.77
110	164	7	21.79
101	1115	5	15.35
2610	12	3	7.8
221	9	3	4
103	2468	4	25.16
507	101	10	31.46
101	3920	3	13.66
232	14	12	10.93
647	101	19	107.31
1422	110	8	70.16
295	14	17	33.36
3860	101	4	22.06
1340	464	4	53.59
3264	9	4	29.12
12	213	74	398.14
939	14	4	5.51
12	257	13	15.83
122	2016	8	91.11
836	102	6	20.32
488	458	3	32.05
103	3678	3	19.3
965	109	7	52.3
2542	12	3	7.8
112	2991	3	24.92
279	145	3	18.07
2648	12	3	7.8
5003	1230	3	52.91
3285	182	4	52.7
101	1620	4	13.96
101	1772	4	13.96
1244	14	3	4.03
103	290	3	4.25
126	317	3	15.14
124	2280	7	81.22
57	45	3	17.69
1795	101	6	27.32
160	874	5	49.89
103	374	3	5.65
1074	14	6	14.59
116	291	3	11.52
305	271	3	25.28
101	2455	3	10.97
115	212	4	14.33
101	4525	3	15.82
192	8078	3	45.43
101	806	6	17.7
102	1974	3	10.52
123	115	5	6.61
4404	790	4	73.42
519	478	6	75.04
104	229	11	41.51
150	158	3	13.19
224	101	6	3.89
3429	14	3	10.35
530	14	10	22.62
112	1750	4	30.88
1504	120	6	56.25
103	879	5	22.38
1176	12	4	6.97
102	137	19	18.8
101	7634	3	20.25
112	1057	9	79.59
246	438	5	50.52
105	7481	3	27.91
102	337	4	4.25
109	1397	4	27.15
4576	110	3	27.51
196	535	3	26.83
16	6162	3	34.45
340	259	6	60.35
129	103	9	5.02
1017	101	3	5.71
227	191	5	39.73
12	2098	3	6.9
2246	12	3	6.9
101	1315	4	12.28
12	723	5	7.04
1977	12	3	6.15
147	111	4	7.11
307	396	4	40
155	312	3	19.92
105	194	5	10.12
724	132	3	21.95
3950	113	4	39.93
173	169	3	16.38
12	749	5	7.47
2783	106	3	22.82
949	156	5	50.27
2172	308	4	54.01
104	2172	3	17.1
179	125	5	23.95
145	123	17	99.92
181	1017	3	29.72
140	318	3	18.21
12	5286	3	12.49
409	301	3	28.06
110	204	3	7.16
429	9	3	7.87
1622	106	3	18.97
4902	110	3	27.51
450	106	16	121.93
557	14	6	8.06
524	364	3	30.93
109	112	28	72.62
1704	210	6	78.99
4761	12	3	12.49
2779	109	3	23.47
4292	9	4	36.71
173	421	3	23.6
8	9	102	198.71
899	106	6	40.28
909	524	3	36.55
983	14	4	5.94
194	250	4	31.07
394	163	3	22.14
3337	14	3	8.88
101	2442	4	17.65
133	657	3	22.04
2382	680	7	127.35
104	328	25	167.22
103	1149	4	18.15
101	764	3	4.52
111	107	11	9.36
331	226	3	24.59
161	2914	3	34.37
116	186	3	8.64
101	3319	4	19.5
12	3676	3	10.38
605	101	4	6.76
103	139	7	4.83
105	2068	4	26.2
104	530	3	9.24
12	166	117	611.62
509	130	8	70.14
102	1746	3	9.82
1642	808	9	161.8
1197	106	6	44.36
108	3969	5	52.67
1362	12	4	8.2
101	2127	3	10.01
152	151	3	12.63
5205	103	3	21.51
6403	101	3	20.25
101	3260	3	12.14
129	1026	3	22.58
192	4613	3	40.93
104	3020	5	40.6
170	799	4	38.92
103	4085	3	19.3
338	14	16	35.57
120	505	3	16.52
2062	106	4	30.43
104	207	4	6.64
195	4384	3	41.15
161	1260	9	112.42
12	291	11	12.91
2772	12	4	13.29
101	949	3	5.38
105	606	4	15.97
8	427	3	7.69
16	4292	4	45.94
4246	273	3	43.45
161	4139	4	51.94
1112	14	5	10.2
120	148	3	6.56
101	2316	5	23.37
427	101	4	4.46
1412	101	3	7.38
3607	103	4	29.66
1287	10	3	24.66
497	369	4	43.5
103	256	5	10.19
1121	109	6	44.5
102	1062	4	12.07
391	141	4	29.38
138	492	5	39.57
829	116	6	44.92
117	302	3	11.92
103	4615	3	21.51
12	3171	3	8.92
4212	9	3	23.05
1353	101	5	17.93
2487	14	3	7.77
858	101	4	8.9
101	439	4	4.46
134	1578	3	26.64
276	1021	3	32.52
104	966	5	26.33
533	115	3	15.28
101	4800	3	15.82
128	244	3	13.86
104	2359	3	18.11
6689	105	3	27.91
114	337	8	48.47
109	157	4	7.44
1816	109	4	30.03
1455	109	3	18.95
104	2554	3	18.11
101	336	30	146.37
4621	101	4	27
101	184	19	40.85
173	542	3	25.23
1069	959	3	40.6
122	525	4	26.1
144	134	4	15.16
2990	101	6	40.5
106	125	7	8.62
140	387	3	19.52
918	16	4	27.47
862	102	5	15.53
1929	12	3	6.15
5806	4404	3	66.96
590	820	9	135.64
146	1947	3	29.84
819	14	4	4.75
2392	10	4	42.03
185	101	14	22.27
733	115	3	17.16
955	102	3	6.57
4999	897	4	73.9
12	7040	3	16.86
108	2201	5	42.11
7984	191	3	45.43
104	1071	8	53
1664	198	3	33.51
326	297	3	26.36
8	1104	11	82.95
610	672	20	365.45
5134	14	3	12.45
138	7353	3	39.89
1277	103	3	12.2
12	5360	3	12.49
209	156	5	33.82
2412	2015	5	93.24
129	294	3	15.1
2287	12	4	11.89
1089	608	6	87.41
148	107	5	9.39
202	120	6	29
863	164	5	50.67
1035	109	4	25.06
661	203	4	40.36
528	12	5	4.96
107	127	10	20.06
104	1120	3	13.26
237	193	5	40.44
12	7550	3	16.86
104	355	8	33.37
2362	14	3	7.77
158	124	4	14.13
628	105	13	89.71
133	793	7	67.34
101	4646	3	15.82
2955	673	3	45.61
112	1185	3	18.76
1229	108	3	17.65
108	4889	4	42.13
1611	103	3	13.3
103	1111	4	17.53
135	160	25	202.73
275	186	5	41.76
355	156	9	84.19
101	3289	6	40.5
1316	109	5	36.71
233	127	3	13.4
116	290	6	31.4
282	107	4	13.84
807	12	17	83.03
127	3856	3	31.03
104	1454	4	22.51
11	11	4	53.86
101	673	4	7.39
178	2039	3	33.24
576	101	16	75.98
103	4010	4	29.66
2146	14	3	6.87
7447	103	3	25.98
3344	106	3	24.4
613	202	4	39.5
101	4193	4	22.06
455	101	12	40.06
2052	14	3	6.12
107	1418	3	18.07
3388	14	3	10.35
108	115	9	8
328	160	3	20.53
118	145	4	9.15
104	1198	6	37.38
106	914	3	15.42
191	14	18	21.23
2074	117	5	46.83
457	119	3	15.83
113	445	5	28.3
1819	106	5	39.53
302	202	9	90.59
991	110	4	24.8
249	130	5	30.17
3003	12	6	33.72
179	112	6	22.91
9	102	131	113.33
12	722	5	7.04
12	824	7	15.83
2586	799	3	45.32
4207	9	3	23.05
3806	14	3	10.35
101	496	6	12.53
141	134	3	9.51
784	614	3	36.8
1662	896	3	43.02
101	169	22	42.75
978	103	8	47.33
170	143	4	20.42
2340	130	3	28.46
109	125	5	4.51
1992	12	4	10.74
101	3116	3	12.14
109	196	4	11.08
103	2151	6	43.02
108	1757	9	88.35
112	2145	6	57.48
364	14	13	25.2
144	103	8	8.92
104	2071	3	17.1
106	322	4	14.6
192	125	11	71.89
177	967	4	41.57
101	7750	3	20.25
12	1827	5	16.23
1086	105	6	35.81
3044	12	3	8.92
101	318	8	13.83
105	433	5	18.68
361	124	5	32.02
12	928	16	82.46
141	122	4	11.13
7907	248	3	47.24
101	3013	5	28.41
1141	101	3	6.47
12	2137	5	17.89
2428	10	4	42.03
454	14	6	6.02
720	14	4	4.11
365	216	4	35.67
16	2806	5	52.04
114	215	7	32.84
114	142	19	93.94
8	855	6	32.01
115	2348	3	23.4
12	809	8	20.47
597	573	6	80.05
531	293	25	401.89
125	394	3	16.7
102	423	4	5.69
160	191	6	42.02
127	3646	3	31.03
12	2082	3	6.9
104	1803	3	15.51
2315	12	4	11.89
1884	101	4	14.98
1177	14	4	6.93
103	186	6	10.33
102	984	5	16.81
103	2933	5	37.92
149	870	3	25.5
359	130	4	25.75
148	129	3	8.6
117	2003	5	45.06
8035	12	3	16.86
4335	125	3	32.9
13	145	5	28.53
104	379	9	41.26
1313	106	3	17.71
101	1019	3	5.71
101	975	4	9.84
3563	101	5	33.75
998	14	5	9.54
101	899	3	5.38
174	510	3	24.95
760	102	3	5.67
685	221	16	228.2
272	383	3	26.98
143	3986	3	34.28
4915	4011	3	60.23
113	2582	4	35.39
161	173	3	15.44
497	297	3	29.24
895	14	6	12.24
779	110	4	23.26
2055	292	4	52.25
7031	2025	3	60
8	21	4	12.45
407	102	4	5.51
975	14	6	13.73
1899	14	6	22.57
164	108	3	4.51
135	1272	3	25.55
118	119	5	5.65
1247	14	6	16.58
101	1032	4	10.37
12	7578	3	16.86
103	317	3	4.73
5201	101	3	15.82
3855	101	3	13.66
1280	14	3	4.03
1503	103	10	79.95
966	109	5	33.18
708	130	3	21.86
102	4312	4	28.87
208	557	7	77.49
101	3650	5	33.75
641	318	4	44.37
101	3590	3	13.66
127	1592	6	60.43
140	1033	3	25.44
707	102	3	5.41
1423	105	12	111.7
116	212	3	9.39
962	106	5	32.1
1453	231	4	48.13
101	2050	5	21.66
318	106	15	97.21
121	115	7	11.73
456	103	5	16.28
154	188	11	89.47
2001	14	3	6.12
3358	9	5	45.89
411	303	3	28.18
196	5499	3	41.15
257	315	4	35.94
301	654	3	31
116	1482	4	31.3
2768	102	3	12.31
548	12	7	11.41
1163	919	5	75.14
105	486	4	14.15
103	1671	4	21.34
3021	12	4	15.09
292	2025	3	36.95
114	522	5	30.08
3158	101	3	12.14
124	1547	6	59.62
10	2074	5	53.92
3109	101	3	12.14
134	4773	3	35.02
1690	14	5	14.81
140	590	5	42.45
134	561	7	62.08
687	120	5	36.51
289	141	6	44.71
354	109	12	77.21
108	3321	4	34.51
122	272	3	13.22
1757	117	6	55.45
117	243	19	139.68
103	2500	4	25.16
15	15	30	348.93
396	9	3	7.55
4445	110	3	27.51
1474	973	9	162.23
1175	103	3	11.72
202	1970	4	48.75
3725	14	3	10.35
114	184	5	18.29
108	659	4	21.45
277	12	9	7.04
959	12	5	8.99
109	456	4	18.52
196	1425	4	45.64
339	12	18	44.88
2672	107	4	32.44
2671	14	3	7.77
805	14	6	11.58
2959	103	6	51.97
101	542	4	5.95
105	204	5	10.55
101	424	16	61.08
864	1098	3	40.23
103	674	7	33.51
172	101	17	27.07
1766	14	3	5.48
101	1309	3	7.38
1912	12	3	6.15
1296	12	3	4.06
2780	109	3	23.47
2050	12	3	6.15
315	157	3	20.14
176	244	3	20.27
12	5616	4	22.48
106	112	16	23.08
105	3973	4	32.23
103	7014	3	25.98
1910	525	3	41.16
5806	4405	3	66.96
322	101	16	49.89
104	665	7	37.17
105	578	6	28.64
449	106	20	165.53
101	220	9	10.69
104	2598	3	18.11
119	205	3	10.41
658	293	4	43.76
101	3039	5	28.41
479	12	23	94.9
307	846	3	32.55
132	4811	4	52.18
566	578	3	34.52
219	106	7	27.22
264	5242	3	43.24
8	132	15	28.94
7291	101	3	20.25
108	357	16	113.19
101	5342	3	15.82
376	101	5	6.04
1194	109	3	17.81
101	1899	6	29.25
112	418	26	248.99
111	192	4	11.94
12	7294	3	16.86
1706	12	4	9.77
7524	235	3	46.86
1447	12	3	4.48
102	1018	3	6.92
900	109	7	51.2
104	1121	5	27.92
126	139	3	6.9
1691	101	4	13.96
5778	108	3	31.59
103	2967	3	17.74
1596	103	10	79.95
151	193	25	249.95
317	287	3	25.87
494	101	4	5.25
101	985	12	63.29
101	1053	4	10.37
141	1076	5	49.27
104	354	8	33.37
103	2458	7	60.63
197	904	7	84.01
103	4564	3	21.51
249	314	4	35.54
801	102	3	5.95
102	404	6	12.51
1069	797	7	109.13
3240	14	3	8.88
101	1197	4	11.58
677	101	6	15.83
160	106	4	6.87
551	103	5	18.4
12	840	8	20.47
1703	668	3	41.71
1289	14	5	11.72
3776	727	3	47.5
710	101	5	11.81
135	5547	3	35.07
1501	125	6	59.7
239	17	3	16.17
2547	12	3	7.8
150	174	3	14.79
1852	221	4	49.72
3355	109	3	25.05
495	153	6	54.39
7247	113	3	33.69
826	101	6	17.7
343	106	13	82.56
110	7315	3	32
101	287	12	26.72
289	304	3	25.73
12	1722	7	27.5
1104	14	11	44.81
12	1806	4	9.77
2946	14	3	8.88
105	1336	4	22.09
2647	101	4	17.65
797	101	3	4.79
121	137	3	5.56
506	270	20	289.84
742	128	3	21.11
101	3355	3	13.66
690	115	3	16.85
1812	106	3	19.71
269	101	10	17.52
1558	14	4	8.89
133	728	4	32.73
1026	2797	3	47.7
223	302	6	56.55
6790	1500	3	58.56
1135	122	7	65.81
1004	101	5	14.64
8	448	4	12.92
515	106	6	33.38
105	1920	4	24.94
7719	8048	3	71.46
314	12	7	4.55
719	708	3	37.01
796	14	6	11.58
1105	101	3	6.07
212	103	4	5.13
448	9	4	13.17
101	1095	4	10.37
118	4946	3	30.04
120	208	6	29.45
1146	102	3	7.7
127	205	3	12.45
4625	12	3	12.49
1359	113	6	50.82
411	304	3	28.3
111	1392	4	28.38
296	303	3	25.73
104	313	7	25.04
317	2747	4	55.88
302	1745	4	51.47
2633	2128	3	51.31
1255	101	4	11.58
8109	14	3	16.83
108	4083	4	37.14
136	1496	3	26.83
101	2061	3	10.01
152	259	3	18.11
539	14	5	4.92
120	1274	3	21.68
3941	651	3	46.91
392	307	3	27.95
12	1707	9	44.21
1851	101	3	9.21
109	14	103	46.85
2321	14	3	6.87
125	3910	3	30.67
115	614	7	50.4
824	225	11	146.34
399	101	6	10.15
611	110	7	45.9
1890	1688	9	188.09
2363	109	3	22.24
644	102	3	4.94
101	198	8	6.72
131	155	33	281.22
104	719	7	37.94
250	271	3	23.87
104	770	7	38.75
102	1326	3	8.65
105	298	8	30.64
1145	116	4	28.99
4951	352	3	45.34
785	12	5	7.94
2367	106	3	21.59
9	10	9	9.41
2219	14	4	11.84
3177	270	4	56.23
129	10	3	6.11
375	110	13	88.66
5085	101	4	27
5528	14	4	22.44
117	236	5	22.23
1940	14	3	6.12
108	1993	5	40.34
2797	141	3	32.66
2843	825	3	46.56
105	1364	4	22.09
134	298	4	24.63
521	387	4	44.44
3716	12	3	10.38
656	913	5	69.81
103	708	3	9.23
101	3070	3	12.14
8	742	5	23.38
667	101	3	4.05
101	151	26	44.62
182	133	3	13.51
432	12	9	14.39
370	5929	3	49.99
1071	271	3	32.95
985	116	14	148.07
325	109	12	74.7
463	12	10	19.19
1927	14	5	16.18
1043	10	8	82.57
190	108	8	31.87
1267	14	9	34.94
1490	103	3	13.3
115	1761	3	21.78
5617	14	4	22.44
1425	1687	5	83.82
409	307	3	28.3
264	545	3	28.92
186	107	3	6.2
2443	1074	6	108.66
6598	2624	3	61.9
1123	109	4	25.7
568	12	5	5.25
112	1980	6	55.03
200	127	4	18.67
458	105	3	8.55
103	1910	3	14.68
12	810	7	15.83
119	368	3	14.33
306	248	7	70.21
3466	14	3	10.35
2250	103	4	23.66
774	106	5	30.11
118	158	3	6.48
8	411	4	12.22
107	242	8	35.83
4577	12	4	22.48
107	168	16	75.78
369	271	3	26.51
240	1116	3	32.05
631	14	6	9.38
102	987	3	6.92
1434	14	3	4.45
111	163	6	17.83
135	342	3	17.77
8	3873	3	20.64
143	353	3	19.48
117	942	7	57.41
116	272	4	17.06
2148	1094	3	45.86
7884	105	3	27.91
5216	114	3	29.21
17	157	3	11.8
8	105	27	5.73
394	107	5	23.5
3923	101	5	33.75
125	1990	4	37.52
257	131	3	15.35
101	2593	4	17.65
622	782	19	361.16
825	357	4	47.01
594	106	11	81.19
8	147	5	3.92
948	12	8	22.57
177	1317	3	31.14
104	176	12	38.8
141	837	4	35.13
1081	125	4	32.51
154	309	19	203.15
410	109	9	55.7
849	14	6	12.24
1164	101	4	10.94
181	303	4	32.25
1153	103	3	11.72
127	1559	4	35.96
177	296	3	21.75
124	2194	8	99.73
223	123	47	494.24
198	12	10	4.33
104	2777	3	19.33
1893	101	3	9.21
770	39	6	50.05
1200	14	3	4.03
2372	14	3	7.77
682	142	3	23.49
1848	103	3	14.68
476	12	18	60.64
124	1108	11	119.85
133	554	23	286.42
724	130	6	53.05
108	1959	9	94.84
1193	109	7	56.25
730	105	16	129.03
1306	106	8	67.76
4225	273	3	43.45
104	1697	4	23.45
105	1610	10	86.39
101	1250	6	23.04
101	1325	5	17.93
178	211	4	28.27
121	822	3	19.76
102	199	6	4.54
236	9	3	4.34
723	118	4	25.7
1310	109	5	36.71
4421	1131	3	52.41
12	7227	3	16.86
12	910	4	5.54
564	113	5	30.86
772	12	4	4.45
1147	116	14	160.11
382	12	16	40.94
12	822	8	20.47
101	419	4	4.28
101	553	18	89.99
894	14	6	12.24
111	1012	4	25.69
274	14	8	4.75
160	119	5	17.18
101	1111	5	15.35
101	1314	4	12.28
5452	415	3	46.48
741	12	12	41.52
1048	1276	5	77.57
103	2269	5	32.8
653	191	4	39.38
124	5070	3	32.86
113	188	3	8.2
104	2069	3	17.1
5776	1323	3	57.96
651	232	4	41.31
136	715	8	78.17
104	616	3	9.93
999	14	6	13.73
103	1823	4	22.41
122	1174	13	151.22
250	108	5	18.34
271	106	30	233.36
149	1394	3	28.21
371	307	3	27.47
2497	12	3	7.8
313	105	23	147
12	469	9	15.42
12	6518	3	16.86
683	305	7	87.65
700	299	3	31.3
112	3938	3	26.5
4144	101	4	22.06
922	101	4	9.35
721	14	4	4.11
12	4794	4	22.48
2249	113	4	33.87
103	2731	4	25.16
102	6783	3	21.65
5272	608	3	48.87
111	249	3	8.99
103	371	4	9.59
104	1456	3	14.86
101	1623	3	8.52
102	1099	4	12.07
656	476	17	279.67
7827	12	3	16.86
104	1124	3	13.26
4126	12	3	10.38
12	1536	3	4.96
425	14	6	5.21
748	117	5	35
102	2234	3	11.34
107	152	8	22.71
12	3894	3	10.38
103	2986	4	27.06
101	2197	3	10.01
5010	408	4	67.86
1174	370	13	213.09
5069	14	3	12.45
6207	470	3	51.74
118	143	3	5.19
295	12	11	12.91
739	120	6	47.02
130	123	22	124.65
881	12	4	5.15
104	448	5	18.79
12	101	408	14.98
105	618	3	10.23
5813	169	3	43.66
101	901	5	13.99
2718	14	4	13.25
103	184	9	21.77
101	1790	3	8.52
2600	14	3	7.77
7281	14	3	16.83
1539	4039	3	51.83
139	125	3	6.88
1822	109	3	20.36
556	114	4	22.78
17	242	3	16.17
1818	106	3	19.71
107	2645	3	21.96
111	158	12	50.43
1593	14	3	4.93
3156	103	3	17.74
4196	14	3	10.35
1026	1282	3	41.97
983	12	4	5.98
101	2501	3	10.97
110	1169	3	17.56
592	12	7	11.93
101	316	5	4.66
412	387	5	55.7
12	926	8	22.57
1553	16	5	42.32
16	145	3	5.32
108	2304	3	21.06
1328	292	3	34.91
185	138	3	13.88
12	2199	7	33.44
1621	273	4	50.55
629	484	3	34.15
203	9	7	18.27
103	949	7	37.86
546	102	3	4.13
178	107	6	18.91
5386	12	3	12.49
101	1226	4	11.58
110	207	3	7.23
104	1725	4	23.45
806	12	5	7.94
283	107	12	68.77
2209	1157	3	46.32
1481	2309	4	67.46
4329	45	3	32.38
1119	106	5	33.7
3269	14	3	8.88
140	1585	3	27.55
6409	101	3	20.25
554	105	13	85.22
988	114	5	36.39
351	369	3	28.39
12	807	18	93.48
2699	12	3	7.8
190	222	27	322.19
875	14	5	8.4
901	109	8	61.32
2747	12	4	13.29
104	654	3	10.45
2469	101	4	17.65
109	108	11	7.45
128	165	29	234.98
347	101	5	5.48
9	132	7	5.61
239	304	3	24.39
5719	5724	3	71.46
349	1745	3	37.48
300	667	3	31
1521	1069	3	43.55
2868	102	3	13.5
103	764	12	77.26
1195	109	6	45.66
1482	105	4	22.93
101	4026	4	22.06
4235	273	3	43.45
4571	14	3	12.45
332	1346	4	50.7
1464	119	3	22.74
103	215	4	5.37
944	101	6	19.19
2781	109	3	23.47
230	214	19	215.69
112	3130	5	49.98
16	4291	4	45.94
101	2235	3	10.01
1620	109	4	28.95
448	106	14	101.66
154	445	7	64.62
668	14	6	9.87
846	106	10	79.12
1145	801	3	40.34
104	248	12	49.69
411	301	5	52.37
101	775	3	4.79
201	101	8	6.72
105	994	6	34.85
8	122	13	13.06
338	12	15	31.45
4930	12	3	12.49
163	130	4	16.7
113	4625	3	29.2
1101	105	10	74.07
2555	14	3	7.77
247	142	46	564.44
171	101	11	9.91
7539	113	3	33.69
110	2209	3	21.47
2272	113	7	72.64
1220	101	3	6.9
120	1118	3	20.72
1001	103	16	138.65
980	101	3	5.71
1575	2158	4	67.46
131	2046	4	39.8
355	109	10	60.16
136	1608	3	26.83
108	3919	3	24.88
101	624	10	36.92
12	438	6	5.51
553	116	4	23.49
498	8	3	8.59
1323	12	5	12.67
743	14	8	19.45
1461	14	6	19.12
1720	14	3	5.48
7658	101	3	20.25
112	3884	3	26.5
12	3138	3	8.92
3143	101	3	12.14
103	3878	3	19.3
2981	1292	3	49.09
12	185	52	176.22
1015	102	3	6.92
101	7907	3	20.25
101	1820	3	9.21
2991	12	3	8.92
380	8	4	11.39
135	561	8	73.64
2148	674	3	43.35
112	5085	4	44.3
112	3115	5	49.98
528	14	9	18.36
1582	14	3	4.93
5267	14	4	22.44
1854	858	3	43.78
2287	14	3	6.87
101	1236	4	11.58
1047	14	4	6.41
963	106	3	15.81
1519	102	3	9.2
162	129	5	21.09
1459	221	5	62.51
104	920	3	12.03
12	845	8	20.47
101	544	5	9.4
105	206	3	3.86
101	374	7	12.45
105	250	4	8.55
103	7783	3	25.98
343	9	3	6.59
2102	216	5	66.8
140	1312	4	38.66
119	149	19	110.45
101	2985	3	12.14
824	185	3	28.66
819	12	4	4.79
12	1659	10	56.21
4752	128	3	33.46
102	317	6	9.44
102	257	13	33.27
101	1568	7	33.11
105	2293	3	17.42
3800	103	4	29.66
102	3278	3	13.5
3212	14	3	8.88
909	558	6	84.43
606	309	5	56.92
752	12	7	15.06
5590	182	4	60.34
121	139	3	5.91
111	133	4	5.24
4994	191	3	40.93
1941	14	4	10.69
5421	110	3	27.51
103	4769	4	34.64
1728	101	3	8.52
376	110	33	316.27
2074	9	3	17.05
212	210	3	20.82
5101	12	3	12.49
101	1811	3	9.21
1713	12	3	5.51
226	354	3	25.02
1265	116	4	29.68
103	155	16	42.19
739	105	6	31.66
108	4960	4	42.13
130	109	22	87.23
3966	14	3	10.35
3318	14	3	8.88
4298	2452	4	83.41
8	379	4	11.39
113	1337	3	20.26
3275	101	3	12.14
101	360	15	48.4
4655	12	4	22.48
1137	12	4	6.97
101	7392	3	20.25
101	1299	4	11.58
102	457	6	13.84
101	1195	4	11.58
4081	916	4	69.42
161	653	3	24.9
113	204	3	8.66
113	147	3	4.74
110	429	6	32.61
5173	106	3	26.62
119	1530	3	22.74
1127	130	3	24.51
101	3693	3	13.66
106	13	3	4.87
604	1504	6	92.44
133	123	74	640.64
388	210	5	47.41
104	751	9	55.49
2263	101	3	10.01
101	285	29	123.03
1213	101	4	11.58
109	101	56	22.19
3967	101	3	13.66
112	1728	10	110.83
1971	102	3	10.52
124	3766	3	30.63
102	157	12	11.86
122	521	7	53.79
178	122	7	35.31
122	387	16	143.48
156	322	4	29.36
249	348	5	48.01
127	1984	3	26.32
340	113	3	12.09
3182	101	5	28.41
396	106	21	169.41
884	101	9	36.43
155	1560	3	29.54
4735	12	3	12.49
409	226	3	26.15
153	12	28	28.73
1159	153	3	27.6
109	4779	3	27.27
45	12	77	97.03
2336	12	3	6.9
4221	9	3	23.05
133	6700	3	39.51
3192	103	4	27.06
124	7297	3	37.35
104	515	9	48.01
164	14	24	24.67
104	397	3	7.6
101	961	4	9.84
2912	14	3	8.88
101	885	14	75.72
1341	1339	4	62.42
194	383	5	46.51
352	122	4	22.4
285	2789	4	56.82
120	145	5	15.17
225	114	4	14.65
107	124	5	4.15
335	8	3	6.17
661	12	7	13.68
116	403	3	13.81
111	427	3	12.66
103	200	6	11.05
110	637	8	55.82
331	301	4	37.8
617	1188	10	164.75
111	119	27	95.87
238	5813	3	46.96
552	103	5	18.4
1006	2421	7	132.94
951	14	4	5.51
103	2694	3	16.52
107	373	5	22.7
2057	189	4	48.16
777	153	3	25.58
131	5329	3	34.61
1390	102	3	8.65
291	192	3	22.42
115	182	3	8.31
3892	105	5	46.52
109	748	4	22.49
1396	912	3	42.12
4154	14	3	10.35
1492	101	4	13.06
570	101	8	23.16
192	2045	4	48.26
1309	109	4	27.15
726	110	3	14.95
364	1016	6	79.29
6184	101	3	20.25
110	718	18	175.17
793	432	3	34.59
108	5106	3	27.11
323	227	3	24.32
118	310	5	25.55
112	1605	7	63.16
101	962	4	9.84
509	134	3	20.29
127	6640	3	37.76
2325	2478	3	51.31
101	2183	7	41.29
120	341	8	53.68
103	4098	4	29.66
672	16	10	84.73
356	101	6	8.55
12	491	8	12.9
101	709	7	21.49
105	874	7	41.29
1434	101	3	7.38
731	134	3	22.65
112	6707	3	33.22
2630	103	3	16.52
549	1331	3	39.37
2064	109	3	21.22
709	752	6	85.03
1325	4357	3	53.46
102	181	9	10.89
103	1094	3	11.28
3393	102	4	23.92
3494	14	3	10.35
4169	101	4	22.06
101	3711	3	13.66
133	215	13	103.17
163	1997	3	31.46
107	1774	6	49.55
101	203	23	63.28
101	255	8	10.08
284	594	3	30.21
12	917	4	5.54
12	1001	15	76.96
1037	143	4	37.33
648	39	3	19.46
108	641	8	54.73
3408	6586	3	64.73
101	4086	3	13.66
2690	14	4	13.25
1768	14	3	5.48
12	3152	5	22.82
101	1269	6	23.04
2961	141	3	32.66
102	538	3	4.13
113	433	5	27.98
4012	105	5	46.52
117	272	4	17.28
232	12	11	8.71
778	14	4	4.75
496	106	8	49.06
134	342	25	271.64
3298	101	4	19.5
12	762	4	4.45
478	128	4	26.88
101	410	4	4.28
101	560	14	59.46
1024	101	6	20.02
131	585	8	73.14
119	519	4	24.62
145	125	8	35.85
1939	12	4	10.74
114	358	3	12.37
259	1371	4	48.17
2076	102	4	17.99
1780	114	4	31.52
133	302	6	42.28
775	106	9	67.2
117	4169	4	40.91
1050	218	5	58.3
101	306	45	271.88
101	238	28	100.74
2475	14	3	7.77
1189	232	5	60.02
155	1166	3	27.89
1571	14	3	4.93
7126	950	3	55.61
138	337	3	18.1
106	12	73	5.44
4831	114	3	29.21
1122	109	4	25.7
567	12	6	8.11
103	437	4	10.8
3729	1358	3	51.23
111	145	14	57.19
116	227	3	9.84
107	510	5	26.06
103	2768	6	46.25
4310	1474	3	54.07
101	2595	5	25.51
146	115	6	17.15
2764	202	3	36.24
8	326	3	6.06
2789	273	3	39.63
117	1806	3	22.25
662	102	4	8.99
101	660	16	82.66
136	262	11	88.93
433	12	6	5.51
12	201	80	431.64
104	545	12	73.62
12	151	50	99.94
903	256	6	73.31
103	1452	6	36.94
101	2134	4	16.19
3231	14	3	8.88
132	257	4	22.82
8	402	16	96.84
1266	14	6	16.58
930	14	5	8.95
462	12	28	133.81
12	1477	3	4.96
103	182	4	4.26
1752	12	3	5.51
127	4126	4	45.35
12	1603	3	4.96
5237	113	3	29.2
1159	661	4	55.36
5426	12	3	12.49
107	339	31	272.97
261	155	6	46.05
1308	109	4	27.15
555	1623	3	40.64
124	1748	4	36.38
101	1049	3	6.07
632	101	16	80.24
2203	14	6	24.91
12	275	9	6.82
16	1043	4	28.61
136	443	3	19.67
3292	108	4	34.51
1573	101	3	7.91
123	167	6	27.07
1312	106	3	17.71
121	1616	3	23.41
161	1596	8	101.24
108	2710	4	32.6
1439	101	3	7.38
104	165	16	54.06
10	1606	5	49.35
2071	109	3	21.22
2460	12	3	7.8
1717	102	5	22.49
335	465	3	29.51
108	1178	6	44.17
2473	102	4	19.47
1867	101	8	47.79
7340	128	3	37.96
231	322	4	35.22
107	1030	3	16.17
1192	838	3	40.84
340	375	4	40.18
12	1857	3	6.15
1013	16	3	19.09
16	16	6	6.61
165	12	52	132.73
12	2231	3	6.9
3506	408	4	62.85
12	2171	3	6.9
204	158	4	25.12
168	767	3	26.67
105	4928	3	23.43
936	101	4	9.35
1508	14	3	4.93
135	3552	4	47.77
970	232	8	103.42
105	3063	3	19.65
133	475	4	28.93
1054	101	3	6.07
101	2726	3	10.97
453	14	6	6.02
155	130	9	50.75
105	143	6	6.64
101	479	21	103.51
6151	875	3	55.24
113	399	7	43.4
5090	116	3	29.76
113	6659	3	33.69
101	7391	3	20.25
545	685	3	35.4
120	5336	4	47.57
101	1194	3	6.9
192	556	3	26.85
103	2457	3	16.52
268	142	4	25.66
129	118	5	8.74
419	14	6	5.21
101	1143	4	10.94
138	347	5	35.72
2248	12	4	11.89
107	676	3	14.15
108	8057	3	31.59
1346	12	3	4.48
629	8	3	9.94
1820	9	4	24.45
155	432	3	22.18
866	101	6	18.42
6085	108	3	31.59
120	1022	4	29.64
678	293	12	165.54
2125	12	4	11.89
12	2154	3	6.9
115	1892	4	32.94
379	106	14	94.68
122	590	3	18.23
253	101	12	23.56
144	131	3	9.36
2889	3215	3	54.82
102	2459	3	12.31
5588	14	4	22.44
116	200	3	9.03
2663	101	4	17.65
111	174	7	25.71
101	2062	3	10.01
101	8177	3	20.25
5	116	7	63.7
216	476	6	62.5
2831	12	3	8.92
104	145	13	30.82
123	212	4	18.13
7342	105	3	27.91
2803	5739	3	63.14
104	3061	3	19.33
4099	539	3	45.89
1496	348	6	84.68
3391	14	3	10.35
112	4142	3	26.5
1507	101	5	19.01
937	14	5	8.95
5042	2963	3	58.64
101	2305	3	10.01
1125	106	3	16.68
281	14	8	5.12
2814	101	5	28.41
101	7225	3	20.25
7758	3941	3	64.73
103	151	20	57.94
176	968	3	29.08
8	1303	6	36.88
5922	117	3	34.43
12	407	26	104.88
1583	105	11	102.38
12	490	29	154.41
101	708	7	21.49
105	935	9	60.4
266	14	8	4.41
103	4015	4	29.66
149	681	4	34.79
381	1584	3	37.42
3211	14	3	8.88
2361	106	3	21.59
360	232	16	197.52
17	108	4	5.06
292	117	3	11.69
1969	14	3	6.12
617	1106	4	53.95
1572	12	4	8.93
2365	109	3	22.24
103	274	3	3.9
112	129	4	4.26
2879	12	3	8.92
4779	6790	3	66.96
8	1120	3	13.02
2327	14	4	11.84
101	3577	3	13.66
689	4947	3	49.73
281	39	3	14.11
127	2739	3	28.21
282	1335	3	34.68
105	620	7	36.49
264	7827	3	47.74
101	1083	4	10.37
211	314	3	23.7
118	107	7	4.64
105	724	4	17.09
120	698	3	18.54
190	1328	7	90.04
145	112	3	4.34
155	308	6	48.35
12	663	15	57.67
4508	101	3	15.82
1635	14	4	9.72
2599	2729	3	52.33
122	142	4	11.13
914	101	12	60.76
502	2397	3	42.61
2787	109	3	23.47
7610	12	3	16.86
117	181	3	8.68
1072	102	3	7.3
107	675	7	46.11
3053	12	4	15.09
278	2	3	18.14
2139	12	3	6.9
426	109	10	64.99
450	9	3	8.21
463	14	10	19.09
110	1155	7	55.37
1786	14	3	5.48
101	254	21	65.26
104	773	6	31.75
101	4987	3	15.82
128	433	3	17.77
101	5039	4	27
329	102	6	9.87
397	109	5	24.24
1814	109	3	20.36
1483	14	5	13.64
3939	101	4	22.06
131	3075	3	30.79
120	1056	3	20.72
890	232	3	30.66
259	110	25	185.17
481	106	10	65.79
1450	14	6	17.77
106	101	99	97.68
178	143	3	14.45
2694	314	6	92.68
289	284	6	59.51
103	1046	13	100.91
102	196	8	9.22
873	12	4	5.15
1254	541	4	54.27
120	3598	4	42.57
102	272	5	5.05
103	613	3	8.45
101	1117	7	27.08
101	1177	8	35.3
12	3276	3	8.92
12	5450	3	12.49
1556	14	3	4.93
209	170	3	18.49
146	1704	3	29.08
589	117	4	24.06
232	101	6	4.23
102	2682	5	27.82
2255	101	7	41.29
105	5058	3	23.43
12	6837	3	16.86
12	658	4	3.85
513	109	3	12.94
101	6497	3	20.25
101	358	13	37.81
101	559	8	23.16
101	492	7	16.25
654	109	4	21.67
225	253	4	32.58
101	2203	4	16.19
1648	12	3	5.51
12	2951	3	8.92
2383	117	6	63.15
2167	128	3	27.39
12	150	146	754.95
130	115	4	6.04
198	14	23	39.08
961	106	5	32.1
12	1522	3	4.96
167	14	13	4.28
697	12	4	4.14
112	2926	5	49.98
584	12	11	29.27
1638	102	7	38.47
157	127	10	54.65
112	2671	3	23.69
106	748	4	21.64
102	2485	3	12.31
915	14	4	5.51
111	315	3	10.63
275	200	5	42.49
712	101	3	4.28
104	173	9	22.83
1252	14	6	16.58
113	8172	3	33.69
12	404	29	128.46
112	4048	4	39.3
2396	4282	3	57.4
417	12	6	5.25
613	141	8	78.97
887	926	4	55.36
114	4068	3	26.99
124	3109	3	29.05
7390	105	3	27.91
12	7852	3	16.86
113	341	9	56.83
727	12	4	4.14
124	310	3	14.96
8069	101	3	20.25
604	101	4	6.76
105	4021	4	32.23
106	108	13	9.77
21	45	8	61.45
108	945	4	23.71
1343	14	4	8.16
1196	106	5	34.62
204	119	6	28.99
128	443	4	26.35
964	252	3	32
4572	8	3	22.85
902	305	3	32.92
105	582	7	35.83
223	793	4	42.65
2350	14	3	6.87
982	14	4	5.94
128	188	4	18.47
101	4884	3	15.82
12	5389	3	12.49
232	108	6	23.26
4749	14	3	12.45
1017	14	4	5.94
1403	113	3	20.26
8054	12	3	16.86
1979	176	3	33.06
1619	109	3	19.61
3125	260	3	39.32
116	371	5	27.19
191	12	12	7.13
101	1622	3	8.52
121	457	3	16.48
1657	14	3	5.48
104	1305	10	78.01
2181	103	4	23.66
104	1125	3	13.26
103	170	6	7.98
451	106	17	132.45
101	1005	7	25.95
1517	14	6	19.12
2438	14	6	28.04
694	127	9	84.81
8	396	3	7.38
452	378	4	42.87
8	514	4	13.98
107	1523	3	18.67
108	181	4	10.29
120	433	3	15.54
101	2605	4	17.65
120	366	3	14.41
131	2490	3	29.55
12	4795	3	12.49
1876	110	3	20.6
784	115	4	25.82
118	462	19	176.13
1351	3619	3	51.23
2268	103	4	23.66
6048	117	3	34.43
12	6653	3	16.86
102	693	4	9.35
171	268	3	20.5
1623	106	3	18.97
104	1455	3	14.86
116	289	5	24.29
4531	12	3	12.49
176	622	6	62.82
1190	5311	3	52.41
331	284	3	26.27
102	794	3	5.95
292	4951	3	43.9
2395	4343	4	83.41
17	101	17	11.61
8	103	36	6.73
2618	14	3	7.77
6185	10	3	38.67
1254	5508	3	52.91
1180	105	9	65.6
101	766	13	62.35
104	449	5	18.79
114	4539	3	29.21
142	191	9	65.74
998	12	5	9.59
101	900	3	5.38
118	102	33	19.05
3206	103	4	27.06
1579	14	5	13.64
1980	103	3	14.68
680	117	6	43.21
2848	9	3	19.28
286	202	3	22.67
103	137	7	4.22
1188	102	3	7.7
6958	12	3	16.86
143	296	3	18.17
101	1739	5	20.23
105	3749	5	46.52
527	474	15	228.96
3219	164	3	34.79
115	5476	3	29.46
1075	14	4	6.41
1397	101	6	24.28
7115	101	3	20.25
207	14	15	15.34
1794	101	3	8.52
1191	697	4	56.48
154	1025	3	26.79
239	226	3	22.24
109	362	4	16.51
101	2759	3	10.97
114	212	3	8.89
2233	4118	3	54.14
964	109	4	24.48
938	14	9	27.98
199	154	8	60.53
101	317	10	21.02
104	834	7	39.62
1027	39	3	21.8
705	101	5	11.81
101	1481	5	19.01
125	6396	3	37.39
102	290	18	63.94
102	39	20	10.14
1488	1936	6	107.98
1551	101	5	19.01
557	101	9	28.39
144	211	5	31.89
960	9	3	12.36
1245	14	5	11.72
674	101	14	66.23
175	935	3	28.56
857	743	3	38.33
105	4004	3	21.22
203	8	4	6.29
112	2043	6	55.03
626	101	7	20.1
188	1061	3	30.36
256	9	3	4.79
1725	103	4	21.34
893	14	13	52.28
45	154	3	8.24
684	141	4	34.24
9	133	7	6.21
114	139	3	3.87
101	6080	3	20.25
1315	109	4	27.15
12	3169	3	8.92
3566	110	3	25.29
105	1512	9	73.36
134	160	7	37.5
354	156	3	20.91
186	119	3	9.87
1204	14	8	28.18
996	14	4	5.94
1034	109	8	64.08
2854	244	3	38.83
119	107	14	27.58
1471	1044	5	79.73
316	286	6	60.77
101	186	23	58.72
105	489	17	117.49
102	1569	4	14.83
12	880	4	5.15
3077	103	3	17.74
548	14	7	11.35
933	105	5	26.15
104	325	8	31.85
104	249	16	76.24
188	244	7	61.81
101	774	5	12.82
201	12	14	12.18
6426	120	3	35.67
102	750	8	31.48
171	12	24	30.93
112	566	3	14.8
16	3390	4	40.94
197	104	5	9.88
116	142	3	4.93
577	14	8	15.65
103	5127	3	21.51
2684	14	3	7.77
197	412	3	25.27
4763	101	3	15.82
1377	14	4	8.16
101	3441	4	22.06
8	6028	3	27.33
212	105	3	3.97
3236	102	3	13.5
183	233	3	20.7
112	1410	6	49.88
108	254	4	13.07
119	918	4	28.98
281	110	3	9.22
1412	14	4	8.16
3938	113	4	39.93
12	268	13	16.93
1329	1016	4	59.7
127	2654	4	40.8
103	1571	3	13.3
151	130	19	133.75
101	2323	5	23.37
1456	109	5	37.85
115	438	3	13.87
4678	141	3	36.48
1817	109	6	52.11
8	444	3	7.86
106	866	3	15.05
2478	1349	6	112.22
107	125	27	101.2
105	8047	3	27.91
2554	806	4	63.86
3093	101	6	40.5
57	14	7	9.96
264	653	5	55.67
120	3924	5	59.48
122	943	3	20.7
12	7367	3	16.86
2100	12	4	11.89
102	3264	4	21.34
8	343	5	15.45
103	6051	3	25.98
107	1345	3	18.07
101	625	6	15.28
104	308	15	77.66
498	9	3	8.77
601	4385	3	48.87
1821	106	3	19.71
1411	101	5	17.93
4011	14	3	10.35
146	747	13	153.81
2274	235	3	36.28
12	7162	3	16.86
378	176	3	23.24
110	431	3	12.01
3346	109	3	25.05
166	127	5	21.57
1120	109	3	17.32
1349	3615	3	51.23
413	134	5	37.27
138	200	11	82.23
1296	14	5	11.72
128	1591	5	48.16
104	1682	3	15.51
103	673	3	8.96
101	1193	4	11.58
893	17	3	24.24
12	642	20	95
189	164	3	17.13
112	1874	8	82.37
5385	12	3	12.49
3657	1074	3	49.71
120	2536	6	65.65
547	303	3	30.05
154	2222	4	45.22
113	4155	4	39.93
959	14	6	12.95
1529	101	3	7.91
2063	106	3	20.58
101	2661	5	25.51
1142	1179	3	42.36
116	1824	5	44.76
834	4231	4	73.42
8	7580	3	27.33
3706	12	3	10.38
233	107	5	17.41
102	4652	3	17.2
101	3312	5	28.41
5243	113	3	29.2
906	14	6	12.95
103	443	5	15.97
171	119	3	8.73
110	1082	5	34.35
102	681	4	8.99
201	119	3	10.27
899	109	6	41.58
108	447	4	18.31
3559	12	3	10.38
771	102	3	5.67
1705	12	5	14.86
12	3112	5	22.82
5648	109	3	31.76
101	2292	5	23.37
1197	109	5	35.7
756	103	3	9.52
251	160	7	56.07
5929	108	3	31.59
135	527	3	20.79
108	3704	5	52.67
2528	118	3	24.99
107	311	3	9.39
139	192	4	21.4
1727	244	4	49.46
248	588	3	28.91
110	255	9	45.22
713	235	11	144.17
102	428	4	5.88
693	911	3	38.39
2018	12	3	6.15
1094	12	4	6.45
751	116	15	149.11
207	102	6	4.84
263	141	6	43.36
561	167	6	59.2
112	2575	3	23.69
133	400	9	78.36
942	101	5	13.99
12	2398	4	13.29
101	514	4	5.7
4043	12	3	10.38
1065	12	4	6.45
2783	109	3	23.47
104	1034	5	27.09
199	105	64	511.89
165	130	24	192.76
101	208	12	18.63
101	260	24	83.81
101	312	33	162.1
5874	7031	3	71.46
138	1379	3	26.42
371	250	3	26.05
1383	9	3	14.22
517	574	3	34.05
516	39	7	55.45
136	3228	3	31.39
102	219	6	5.5
101	1486	4	13.06
484	805	6	80.87
450	109	4	18.52
103	1029	11	75.55
1772	109	4	28.95
135	2515	4	43.22
320	599	3	31.07
745	14	10	29.62
144	101	20	21.95
103	1056	3	11.28
161	641	4	35.72
4218	106	3	26.62
102	134	17	13.32
101	1361	6	24.28
101	245	37	163.02
3543	14	3	10.35
861	12	6	12.3
119	196	14	91.46
5952	12	3	16.86
12	2294	6	24.97
170	141	9	60.8
353	305	3	27.17
995	12	4	5.98
5818	12	3	16.86
311	143	3	18.53
9	12	366	470.62
2421	1192	3	47.85
921	118	3	18.77
3190	101	3	12.14
165	432	3	22.95
1584	14	4	8.89
3157	101	4	19.5
12	1997	3	6.15
103	623	3	8.7
1967	101	3	9.21
344	344	3	27.95
431	114	3	13.63
107	755	3	14.75
542	210	3	27.29
112	2578	3	23.69
129	168	7	36.09
101	1619	5	20.23
1839	458	3	40.09
101	1695	3	8.52
103	217	4	5.37
126	145	5	17.85
104	1196	6	37.38
202	14	13	10.05
175	270	3	20.84
320	344	3	27.4
120	287	3	12.77
538	110	4	20.25
108	6284	3	31.59
2033	14	3	6.12
965	106	4	23.62
295	8	8	28.87
12	145	22	10.89
3873	12	3	10.38
104	481	5	19.46
350	123	4	22.82
3117	116	3	25.95
104	286	5	13.66
1279	14	4	7.51
101	2396	5	25.51
1567	674	3	41.04
12	2700	3	7.8
2506	113	5	47.81
2269	5560	3	56.37
1248	14	3	4.03
2088	1339	3	47.38
1672	103	3	13.95
428	12	9	14.39
1288	1470	4	62.5
483	101	5	8.45
101	875	6	18.42
2864	5489	3	58.64
198	116	6	26.1
134	2611	3	29.96
101	3429	4	22.06
1035	106	5	32.87
122	2586	3	26.94
305	397	3	28.13
1358	14	6	17.77
2215	14	3	6.87
658	2000	5	78.04
101	5348	4	27
3564	101	5	33.75
2483	646	3	44.08
491	110	5	26.56
163	115	3	6.29
1316	106	3	17.71
757	101	4	8.1
121	129	101	870.93
101	1901	5	21.66
2359	109	4	32.82
2880	102	3	13.5
12	1287	3	4.06
6857	8	3	27.33
101	724	3	4.28
123	107	7	8.48
101	798	3	4.79
104	155	18	60.45
366	101	8	15.82
125	5264	4	49.87
623	555	18	308.05
5802	9	3	27.53
2773	9	3	19.28
322	103	5	12.56
1533	14	4	8.89
113	1535	10	105.73
1589	287	3	35.4
103	1617	11	95.3
146	2450	5	60.5
1674	14	4	9.72
4833	123	4	49.27
353	226	5	47.18
1076	12	4	6.45
289	297	6	59.99
12	7930	3	16.86
121	634	3	18.54
146	3299	3	32.97
12	2054	5	16.23
7925	113	3	33.69
101	1240	7	29.72
101	1307	4	12.28
102	565	4	7.75
389	117	4	20.56
3386	169	4	53.24
101	1136	8	35.3
5401	17	3	35.93
293	12	29	93.03
112	4627	3	28.73
12	2628	4	13.29
108	739	3	14.86
101	2656	3	10.97
147	118	51	384.86
617	706	4	50.9
101	548	12	46.09
7851	110	3	32
101	473	21	103.51
110	1449	3	18.59
347	9	13	67.29
4617	101	3	15.82
1175	101	7	28.33
101	4923	4	27
108	653	3	13.99
176	1281	3	30.47
105	307	3	6.11
125	7298	3	37.39
122	1396	4	33.41
147	130	12	70.26
104	965	6	34.22
389	129	3	17.11
651	528	3	34.81
101	1356	3	7.38
103	768	3	9.52
1982	102	3	10.52
104	1734	7	52.23
3615	7848	3	64.73
149	493	9	88.81
12	3495	3	10.38
1057	112	3	18.3
101	1407	3	7.38
101	1459	5	19.01
135	710	4	32.37
105	409	4	12.93
101	267	32	136.64
131	244	4	22.28
146	2551	6	76.94
383	654	3	32.95
3304	12	4	15.09
141	12	27	18.79
1274	176	7	86.2
109	158	8	24.95
1816	106	3	19.71
1455	106	4	27.13
1945	101	4	14.98
897	101	4	8.9
103	3644	4	29.66
4440	2248	3	56.37
7134	101	3	20.25
136	115	6	14.31
101	772	12	54.65
686	4165	4	67.52
101	4668	4	27
2692	105	3	18.42
2062	109	3	21.22
548	102	5	11.78
868	114	4	25.97
590	12	5	5.56
707	12	4	4.14
577	102	3	4.51
126	427	4	25.38
111	115	9	10.31
3740	101	3	13.66
128	5596	4	50.62
112	569	18	167.69
456	101	10	29.29
103	263	5	10.49
1746	346	3	37.48
103	211	6	11.7
265	200	3	22.05
1516	103	5	28.3
1293	14	5	11.72
1121	106	6	43.2
126	119	10	31.23
212	108	7	27.56
925	14	5	8.95
108	1423	11	109.07
1763	12	3	5.51
116	568	4	23.49
101	2239	5	23.37
225	120	3	11.17
510	2318	3	41.58
12	119	77	70.8
12	216	14	14.35
6378	101	3	20.25
118	39	4	4.76
954	14	4	5.51
7155	110	3	32
101	4173	3	13.66
2119	1467	4	67.46
3978	108	3	24.88
2237	14	3	6.87
102	413	6	12.82
153	8	33	146.53
108	3268	3	23.31
101	530	23	132.94
2624	12	3	7.8
1311	109	3	18.35
256	109	14	83.14
45	8	45	148.03
500	7362	3	52.17
2070	106	3	20.58
311	178	3	22.17
112	5300	3	28.73
228	3073	4	54.55
4175	232	4	57.54
1307	106	3	17.71
1232	14	3	4.03
101	328	21	80.11
2066	109	4	31.3
103	1678	5	29.57
2021	454	3	40.09
847	141	5	47.1
102	107	50	23.55
217	189	3	20.32
127	5301	4	50.35
2396	1241	3	47.85
108	1742	7	61.57
1034	9	3	12.77
154	1601	8	99.95
135	142	11	63.23
102	665	4	8.99
428	128	7	54.18
1651	14	4	9.72
102	2462	3	12.31
119	675	4	26.69
708	1285	4	56.48
8	181	5	8.73
1066	12	4	6.45
1630	198	5	62.46
2916	12	3	8.92
173	873	3	27.84
127	3120	4	42.72
12	118	180	384.65
12	180	81	394.05
1051	101	5	15.35
711	350	3	32.48
12	283	39	154.97
108	260	3	8.36
101	2172	4	16.19
151	123	30	220.42
1251	12	3	4.06
1215	122	6	55.09
8	1194	3	13.5
2099	1200	6	107.65
8	1298	10	77.16
267	1919	9	144.19
4019	2219	3	54.14
1012	113	11	103.84
103	204	8	19.19
363	281	3	26.73
101	1726	8	44.13
212	101	10	12.7
109	3476	3	25.05
148	101	11	4.21
5014	1097	3	51.95
4209	106	3	26.62
125	7053	3	37.39
773	109	6	39.97
103	233	10	31.37
101	940	4	9.35
1004	103	3	10.88
101	2209	3	10.01
1931	113	4	32.6
1793	811	7	117.64
1026	352	3	34.4
101	619	6	14.76
101	789	5	12.82
188	323	3	23.09
344	734	4	46.35
656	107	17	155.1
111	137	5	8.61
103	352	3	5.4
5875	2025	3	60
120	1113	11	113.63
269	103	9	29.19
3183	103	5	37.92
101	1453	3	7.91
110	374	6	30.54
1120	9	3	13.21
107	1103	3	16.59
371	122	4	22.81
1124	109	4	25.7
2135	691	3	43.65
1632	12	8	35.21
104	806	9	56.71
12	887	14	60.12
182	14	14	10.44
4016	14	3	10.35
105	391	3	7.74
101	229	58	328.69
607	202	4	39.5
6384	101	3	20.25
102	1220	3	8.15
623	662	4	50.86
113	4045	4	39.93
1389	12	3	4.48
101	2723	4	17.65
884	210	3	29.9
107	636	4	20.92
801	12	4	4.79
1785	12	3	5.51
3763	12	4	17.6
129	114	4	4.72
419	102	4	5.69
103	667	4	14.25
10	4299	4	51.58
677	103	3	8.96
551	101	15	66.61
101	1123	3	6.47
149	1615	4	41.21
224	107	3	7.34
6433	101	3	20.25
101	234	10	14.75
144	108	4	5.87
1032	106	4	24.2
1972	14	4	10.69
12	7794	3	16.86
12	1679	4	9.77
2216	14	3	6.87
2364	106	3	21.59
125	310	5	30.23
2836	105	6	55.83
4252	176	3	40.01
105	4103	3	21.22
209	217	4	30.36
5722	5714	3	71.46
106	418	3	10.99
2117	2415	7	148.84
125	4770	3	32.9
2360	109	4	32.82
264	592	6	68.25
2737	101	3	10.97
3771	883	5	92.71
663	142	5	44.8
367	101	13	38.49
105	270	7	23.39
102	1350	10	61.47
102	1139	3	7.7
2577	103	3	16.52
1848	101	4	14.98
103	3358	5	43.3
326	226	3	24.46
101	1071	6	20.93
12	205	12	8.26
689	198	8	94.53
108	3093	5	47.27
103	1560	5	28.3
143	3891	3	34.28
1524	14	4	8.89
12	3022	3	8.92
2552	108	3	22.07
697	9	4	16.61
208	386	3	25.07
229	3966	3	39.96
107	144	25	121.83
101	1628	3	8.52
216	143	4	23.73
101	1832	3	9.21
216	566	8	92.08
103	433	5	15.68
103	366	7	24.05
12	1219	8	28.26
1164	103	4	18.15
3476	10	4	46.58
17	324	3	18.21
3726	14	4	17.56
317	348	10	118.35
3249	110	5	47.96
505	119	6	41.77
437	14	6	5.46
103	4003	5	43.3
101	739	7	22.26
114	2343	3	23.15
1811	109	4	30.03
8	239	7	20.39
101	2554	4	17.65
104	336	12	58.89
133	4620	4	52.7
698	39	7	60.18
514	106	12	86.47
234	1146	3	32.33
390	9	5	16.97
4581	101	3	15.82
111	101	42	11.17
497	304	3	29.48
401	14	6	4.96
800	124	8	73.91
646	8	3	9.94
1331	12	4	8.2
2200	12	3	6.9
157	230	6	44.3
986	12	4	5.98
101	3632	3	13.66
1226	12	3	4.06
480	109	5	26.16
1516	117	3	21.59
650	14	8	17.03
303	513	4	41.98
403	679	3	33.29
173	605	6	61.28
12	158	25	23.97
151	12	38	55.96
120	137	3	5.08
1653	12	3	5.51
12	741	9	24.43
104	1033	3	12.82
112	5251	3	28.73
128	115	7	15.05
104	2316	3	17.1
2056	14	4	10.69
1000	115	3	18.6
1624	273	3	35.74
140	250	3	16.44
12	1939	4	10.74
4458	2395	4	83.41
102	177	8	7.26
2675	102	4	19.47
503	214	4	38.49
12	1834	5	16.23
960	109	6	42.47
4504	14	3	12.45
109	119	35	131.94
1351	1233	7	120.62
953	14	4	5.51
866	120	7	59.3
101	207	27	84.48
108	2241	3	21.06
3418	101	3	13.66
101	5168	3	15.82
2413	176	3	34.95
347	352	3	28.1
150	139	3	10.92
781	12	19	106.81
1393	112	3	19.79
413	112	3	12.99
138	164	4	18.05
729	689	12	196.95
2422	1200	4	67.36
2252	14	3	6.87
379	156	5	41.03
4182	103	4	29.66
901	9	4	18.43
484	686	3	34.73
1936	14	3	6.12
888	14	4	5.11
102	489	6	14.59
110	186	19	111.91
1866	103	3	14.68
103	715	13	84.94
114	3840	3	26.99
813	1006	11	187.68
129	127	4	9.1
101	6133	3	20.25
382	130	7	54.96
145	107	10	30.5
112	1988	8	82.37
307	480	4	41.55
107	3294	3	23.19
607	156	3	24.41
104	899	4	18.5
607	110	3	14.12
12	5015	3	12.49
2152	101	5	23.37
2785	109	3	23.47
563	107	5	27.23
103	1525	3	13.3
105	809	4	17.94
101	956	11	52.6
101	888	4	8.9
112	1479	9	89.32
108	3901	4	37.14
487	262	3	28.15
17	2773	3	32.11
101	1803	5	20.23
703	107	12	97.43
1666	14	3	5.48
4264	14	3	12.45
39	45	5	10.92
1154	110	5	35.19
292	410	3	27.94
369	397	3	29.35
104	1484	3	14.86
539	8	8	40.49
1925	12	3	6.15
104	318	10	44.09
3090	16	5	52.04
1269	12	3	4.06
2137	12	5	17.89
1036	221	9	120.15
700	335	15	226.58
4032	101	3	13.66
101	686	5	11.81
127	2900	3	29.45
103	4077	3	19.3
168	214	19	193.78
871	12	4	5.15
346	107	5	21.96
764	798	11	180.03
292	203	3	22.86
1304	12	5	11.77
103	2718	3	16.52
980	105	3	12.71
112	493	3	13.93
143	525	4	32.1
121	134	3	5.38
103	562	20	145.42
686	539	5	65.06
3131	101	5	28.41
5320	14	4	22.44
474	167	23	302.76
177	288	4	31.24
126	131	5	14.53
210	1793	7	95.74
104	1316	3	14.27
116	352	4	19.51
181	369	4	34.07
515	109	15	120.47
360	528	4	43.91
148	168	3	13.82
202	112	3	8.17
2374	12	4	13.29
1233	12	3	4.06
1484	189	5	60.56
104	2785	3	19.33
101	993	12	63.29
2421	1625	3	49.68
12	131	43	39.48
104	496	6	26.08
326	304	3	26.6
464	101	5	7.89
169	14	46	111.99
382	118	5	28.18
560	110	19	172.85
136	949	5	45.65
200	107	5	15.62
2706	123	5	53.23
710	102	3	5.41
1080	107	7	52.83
103	606	3	8.45
3262	1434	3	49.64
263	226	4	32.98
10	4298	4	51.58
172	107	7	22.69
101	1242	3	6.9
186	127	4	18.12
1541	12	3	4.96
302	189	5	43.04
117	206	4	14.73
117	326	5	26.03
106	119	13	22.64
115	1905	3	22.53
1891	9	3	16.2
475	141	3	21.32
12	1861	3	6.15
144	114	3	4.69
103	861	3	10.16
101	1454	3	7.91
1110	528	3	37.61
102	149	12	9.59
103	1766	3	13.95
1663	105	3	15.82
343	109	12	76.56
105	511	19	139.77
592	130	7	61.58
1338	1424	3	44.46
119	257	3	11.97
5228	101	3	15.82
714	101	3	4.28
101	5101	3	15.82
402	12	32	155.31
108	5213	3	27.11
389	102	17	71.62
101	1173	11	59.92
1193	106	4	25.53
221	14	11	7.76
140	160	6	32.06
116	991	3	18.89
869	14	5	8.4
125	4771	3	32.9
1298	14	11	50.79
114	160	5	14.29
1550	113	9	90.75
106	1109	4	24.2
949	314	5	61.32
4302	12	3	12.49
103	1964	3	14.68
754	101	16	88.29
5750	7719	3	71.46
1310	106	3	17.71
481	156	8	78.77
535	1098	4	52.93
1625	838	5	78.22
385	101	5	6.45
987	14	6	13.73
278	108	3	8.75
156	117	5	15.12
106	9	25	18.23
213	124	6	33.06
630	102	3	4.94
3417	12	3	10.38
2069	109	6	54.56
121	821	8	70.98
220	141	3	16.1
625	743	7	100.71
133	1872	3	28.07
103	4759	4	34.64
103	4843	3	21.51
1270	101	3	6.9
2142	101	5	23.37
103	432	7	26.77
410	106	13	88.99
103	535	4	12.6
1506	14	3	4.93
3060	585	3	44.79
101	605	5	10.51
1665	9	6	41.7
115	2	3	5.06
594	109	6	36.73
310	105	3	6.22
101	2131	3	10.01
120	123	5	8.88
952	12	7	17.55
218	842	3	29.79
494	116	6	38.66
101	1070	3	6.07
12	147	94	304.71
104	424	19	126.96
2276	101	3	10.01
1372	14	3	4.45
728	1557	4	58.54
105	5361	3	23.43
4304	120	3	31.18
101	3616	3	13.66
107	143	6	12.3
103	194	8	18.47
101	1676	4	13.96
386	14	6	4.5
1438	14	3	4.45
184	118	5	19.59
5444	14	3	12.45
8	410	4	12.22
101	2298	4	16.19
124	3571	4	44.82
12	159	128	655.61
103	1608	3	13.3
1206	105	3	14.05
774	109	7	49.25
596	8	3	9.69
118	157	6	20.48
1349	589	3	39.62
108	2672	3	22.07
2352	12	3	6.9
103	1216	5	26.19
296	122	3	13.76
110	1791	3	19.85
108	445	3	11.8
119	677	3	18.16
103	2888	4	27.06
1988	101	3	9.21
1576	14	4	8.89
2323	12	4	11.89
907	913	4	55.87
4106	2192	3	54.14
1371	101	3	7.38
102	178	8	7.38
3604	101	4	22.06
227	436	11	129.4
104	2050	3	16.25
325	106	17	116.24
113	115	10	15.66
159	107	5	10.94
114	504	4	21.85
119	172	4	13.79
115	1073	3	19.02
101	2764	3	10.97
1659	125	10	124.85
436	12	10	17.99
101	580	21	120.09
101	461	5	7.89
312	14	8	6.38
200	193	5	38.37
12	607	7	12.48
4370	623	4	71.72
108	5260	3	27.11
1123	106	5	33.7
692	101	4	7.73
525	347	3	30.87
1313	109	4	27.15
104	588	3	9.69
1442	102	3	8.65
244	14	13	14.36
1355	14	3	4.45
5074	101	3	15.82
1309	9	3	14.22
216	107	6	22.04
746	12	4	4.45
121	107	8	9.94
101	2042	6	29.25
140	1077	6	60.77
108	1215	13	137.06
181	250	4	30.51
292	222	3	23.5
1029	14	4	5.94
119	792	3	19.1
103	6025	3	25.98
136	155	6	30.21
101	719	10	39.2
2834	2748	6	128.85
101	770	11	47.36
1688	12	3	5.51
119	112	29	112.01
101	313	10	20.63
579	14	7	11.86
12	855	12	45.28
200	520	3	26.67
154	765	10	113.48
12	1007	4	5.98
110	406	6	31.88
101	1409	4	12.28
125	5048	3	32.9
114	1154	5	38
287	105	6	19.07
203	12	10	4.61
2201	405	3	40.22
2165	12	6	24.97
275	4196	4	59
3079	348	3	41.38
101	1231	6	23.04
429	14	6	5.46
113	542	5	30.45
172	134	6	33.03
101	513	4	5.7
131	473	4	28.39
5176	277	3	43.56
458	14	7	8.77
104	1035	3	12.82
4620	699	3	49.73
5798	641	3	53.64
106	1338	3	17.71
301	451	3	28.62
133	577	6	51.6
1930	12	3	6.15
3781	107	5	52.47
103	1955	4	22.41
8	901	4	18.17
125	4141	3	30.67
101	2706	3	10.97
107	713	4	21.7
117	266	3	11.07
1454	109	6	48.43
12	1920	3	6.15
122	561	7	54.99
122	352	3	15.04
2881	517	3	44.07
101	1514	4	13.06
1870	128	5	50.94
278	101	6	5.84
116	801	4	26.21
6709	101	3	20.25
1981	101	5	21.66
195	576	18	247.78
115	716	3	16.85
119	3150	3	27.29
2346	12	4	11.89
6113	12	3	16.86
8	256	3	4.63
721	102	3	5.41
920	193	3	29.67
104	287	7	23.68
206	9	4	6.58
131	1968	5	52.86
541	102	5	11.42
5084	16	3	29.96
980	120	3	20.3
2921	189	3	37.04
226	426	3	26.33
102	1026	4	11.53
2061	106	3	20.58
110	744	3	15.26
337	14	9	10.27
103	173	7	11.46
295	9	3	5.5
1135	108	6	44.17
104	480	4	13.75
130	119	4	7.83
12	211	10	5.06
12	315	32	120.81
3625	102	3	15.03
16	4268	3	29.96
1424	2012	6	106.5
136	2694	3	30.15
4419	5791	3	66.96
442	12	7	8.47
2370	106	6	56.5
1194	106	4	25.53
1453	273	5	64.95
395	12	9	13.01
590	141	4	32.72
105	2303	3	17.42
120	557	3	17.2
2804	221	3	38.2
194	226	3	20.78
8	271	4	8.6
5160	113	3	29.2
12	384	9	12.58
296	250	5	46.17
2464	101	4	17.65
12	518	9	17.78
118	138	8	25.17
12	340	13	23.51
1015	14	6	13.73
101	4397	4	27
267	685	4	43.28
1198	109	8	67.47
441	258	3	27.45
652	12	10	26.33
101	1817	4	14.98
101	1697	4	13.96
845	225	9	114.33
900	106	6	40.28
227	644	3	28.8
111	377	4	17.89
706	14	6	10.4
6404	9	3	27.53
1277	101	5	16.98
4515	101	3	15.82
249	202	3	21.63
589	14	5	5.52
2436	14	4	13.25
134	323	12	105.22
147	16	4	9.1
1093	12	5	10.25
326	303	3	26.48
108	740	4	22.28
117	1589	6	53.76
101	2837	3	12.14
1023	1268	3	41.97
101	5010	3	15.82
408	14	7	7.42
185	103	5	7.02
449	109	7	40.77
3030	12	3	8.92
6611	12	3	16.86
102	143	11	6.01
308	12	11	13.98
340	2672	4	56.61
3403	101	4	22.06
838	14	6	11.58
3756	14	3	10.35
1155	101	3	6.47
190	190	5	37.76
39	4329	4	49.6
336	220	4	35
110	375	4	17.02
103	903	15	117.71
138	233	21	197.13
304	396	4	40
4612	105	3	23.43
3200	12	3	8.92
103	2190	3	15.53
107	872	7	49.53
5525	12	3	12.49
5271	557	4	70.65
3171	12	3	8.92
260	102	5	4.68
351	301	3	26.92
101	266	7	7.89
2212	623	7	120.57
113	1367	9	87.69
104	964	5	26.33
219	1017	5	57.66
3322	12	4	15.09
162	112	20	109.92
354	106	13	83.28
2498	14	3	7.77
101	1204	12	74.03
172	209	6	46.03
122	331	3	14.63
966	106	4	23.62
1215	117	7	62.48
108	1596	3	18.79
122	2634	3	26.94
839	101	4	8.49
103	262	19	90.83
113	926	3	17.95
5755	198	3	45.72
103	145	6	4.35
12	1561	4	8.93
1629	102	3	9.82
161	1178	5	52.98
130	314	5	33.14
108	206	4	11.25
2943	14	5	22.76
407	101	4	4.11
1903	14	4	10.69
1243	14	3	4.03
1131	10	11	127.6
672	101	5	11.35
994	39	6	53.3
104	151	19	62.54
234	454	3	26.98
101	846	4	8.9
101	6855	3	20.25
962	109	6	42.47
822	12	5	7.94
226	256	8	77.5
101	2121	3	10.01
121	280	20	170.66
159	3175	3	34.28
318	109	17	119.04
1276	14	3	4.03
6108	169	3	43.66
1861	218	4	49.49
101	3190	6	40.5
126	280	3	14.33
104	1226	9	66.83
171	413	3	23.6
101	1801	5	20.23
101	3508	5	33.75
16	2381	3	24.91
101	4349	3	15.82
1908	14	3	6.12
2429	101	7	47.25
12	280	23	58.51
161	1251	4	40.91
118	114	6	5.66
101	1038	8	33.76
103	7282	3	25.98
104	256	11	44.64
2005	408	5	72.61
114	1091	4	27.62
101	2482	5	25.51
107	471	4	18.41
122	2374	4	39.1
2029	14	3	6.12
430	101	5	7.37
103	401	4	10.37
822	111	9	71.93
127	3788	4	45.35
112	2181	6	57.48
101	3839	3	13.66
3704	1251	5	96.66
208	752	11	142.44
140	449	3	20.58
12	3611	3	10.38
1199	12	4	7.55
484	786	13	206.76
102	158	12	11.99
110	439	9	57.02
178	170	3	17.18
392	106	3	10.66
122	595	4	27.11
5321	14	3	12.45
121	2006	3	24.83
264	1367	3	34.25
235	101	48	243.33
2748	10	5	56.12
866	103	3	10.16
133	191	6	35.8
2592	189	3	35.8
101	381	23	103.62
101	448	5	7.89
2036	118	3	23.11
256	156	5	36.34
6028	9	3	27.53
104	901	3	12.03
1182	101	3	6.47
354	9	4	11.07
101	7482	3	20.25
8	5528	4	36.44
103	756	7	35.08
350	2032	4	53.99
112	2608	5	47.02
3238	16	3	26.15
1813	109	3	20.36
1953	12	4	10.74
121	2325	3	25.7
905	12	4	5.54
140	194	4	21.95
396	109	7	38.96
12	3280	4	15.09
104	1623	3	15.51
102	458	4	6.29
3255	110	3	23.72
1116	101	10	48.76
101	5964	3	20.25
196	243	4	30.79
1813	252	3	35.98
1669	797	7	117.64
1118	930	3	40.6
238	7068	3	46.96
2788	106	3	22.82
1370	9	4	21.6
2136	12	3	6.9
173	130	4	18.14
2316	105	8	74.45
307	451	3	28.86
101	433	5	7.37
105	318	3	6.44
8	704	11	71.41
3080	7855	3	63.14
1383	10	3	25.2
1495	167	7	87.45
117	400	3	13.99
8	5320	4	36.44
12	1863	8	38.81
702	107	18	171.97
101	1456	3	7.91
108	1260	3	17.65
5305	12	3	12.49
800	214	5	55.36
1194	9	4	20.85
101	2009	4	14.98
101	2069	4	16.19
111	138	5	8.84
103	564	5	18.4
135	167	11	72.8
103	355	4	9.23
12	1291	10	42.54
101	616	18	94.96
2844	386	5	78.99
5485	39	4	49.6
3970	14	3	10.35
840	118	5	35.76
2743	101	7	47.25
3314	14	3	8.88
1611	110	3	19.19
2366	109	3	22.24
103	4075	3	19.3
2758	12	3	7.8
1435	12	3	4.48
104	2787	3	19.33
272	305	4	36.16
101	991	4	9.84
182	1063	4	42.95
127	4821	3	33.26
130	106	15	45.18
3452	101	3	13.66
252	9	4	8.23
104	1314	3	14.27
123	119	4	5.58
1528	103	4	20.41
2425	134	5	57.53
3532	101	3	13.66
12	505	21	84.89
12	402	18	53.51
2983	771	3	46.23
8	151	8	13.08
106	754	3	14.39
849	102	4	10.56
1088	133	3	24.53
163	300	3	20.05
1270	14	4	7.51
1122	106	10	87.05
111	317	6	29.59
103	363	4	9.41
103	482	15	88.78
135	374	3	18.35
2040	14	5	16.18
2426	12	6	28.11
2452	3192	4	75.77
140	606	3	22.39
1648	102	3	9.82
455	105	3	8.55
103	3869	3	19.3
108	217	4	11.73
352	141	12	114.32
158	107	4	7.17
101	860	8	29.97
152	7247	3	41.92
101	920	6	19.19
2011	14	4	10.69
12	148	157	827.68
104	426	8	37.01
1823	1109	3	44.99
2479	14	3	7.77
112	3183	5	49.98
101	4893	3	15.82
1563	235	6	78.85
103	2010	9	77.96
147	102	55	189.73
1850	2478	3	50.44
263	307	4	35.87
101	1119	3	6.47
496	109	10	68.77
6565	12	3	16.86
134	137	5	18.75
179	1392	4	44.89
3022	110	3	23.72
268	342	6	60.99
101	6165	3	20.25
730	154	3	25.33
782	167	17	236.17
144	111	6	14.76
102	194	6	4.35
474	1053	3	36.74
521	298	4	41.82
104	624	13	88.33
108	2221	3	21.06
775	109	4	22.94
101	233	7	6.41
105	387	3	7.59
125	1577	9	101.92
105	521	4	14.71
170	202	11	97.21
133	163	3	11.32
109	134	6	10.27
109	266	3	8.6
101	204	18	40.53
143	1627	3	28.81
101	248	39	179.56
811	14	6	11.58
103	1862	6	40.59
104	775	3	11.34
1807	14	4	9.72
2661	14	3	7.77
12	918	5	8.99
377	1066	3	35.14
482	226	17	226.73
101	5805	3	20.25
1459	579	6	91.88
105	4117	4	32.23
2649	235	3	37.31
918	12	10	34.04
242	2983	3	38.73
1371	14	6	17.77
844	14	4	4.75
178	101	9	6.94
7161	14	3	16.83
110	259	4	13.7
101	1166	9	42.85
2620	116	3	24.71
2260	12	5	17.89
1072	12	4	6.45
140	325	3	18.35
595	305	3	30.69
7736	105	3	27.91
124	7289	3	37.35
7010	14	3	16.83
103	8130	3	25.98
120	270	5	25.69
2068	109	3	21.22
126	107	23	79.07
650	12	8	17.11
110	721	7	48.11
1309	106	3	17.71
2064	106	4	30.43
4102	14	3	10.35
518	101	6	12.93
1352	9	8	58.25
400	1288	3	36.76
641	448	9	125.78
112	2740	3	23.69
126	413	4	25.14
497	307	3	29.48
125	714	15	162.41
1349	389	4	52.13
104	271	10	40
12	563	15	50.26
860	2714	4	64.34
2	8	5	4.08
1605	101	6	25.69
5234	113	4	44.93
8	108	16	4.61
6417	101	3	20.25
715	475	3	34.52
180	119	3	9.68
6535	277	3	48.06
101	1591	6	25.69
1880	14	3	6.12
104	1979	5	33.7
2522	12	3	7.8
116	696	3	17.14
16	5747	3	34.45
105	2769	4	27.71
190	1516	5	60.68
1295	14	4	7.51
165	329	36	480.98
1497	101	3	7.91
103	1797	4	21.34
12	1061	4	6.45
108	2175	5	42.11
1748	101	3	8.52
101	515	8	21.89
105	115	14	9.38
101	464	12	40.06
104	961	4	19.03
104	885	4	18
1119	109	4	25.7
625	1228	6	90.25
9	17	11	20.03
12	2533	5	19.97
135	3451	5	65.99
208	990	7	85.84
1660	12	5	14.86
2974	951	3	47.29
1824	122	5	48.48
102	368	6	11.08
134	115	7	18.24
110	200	32	233.33
1397	103	3	12.72
1094	14	4	6.41
113	544	3	15.03
522	815	3	35.82
1822	106	4	29.17
1738	14	4	9.72
3626	292	3	41.67
126	102	18	7.75
103	343	4	9.06
2081	102	3	11.34
105	1960	3	16.57
192	1092	4	43.23
104	451	6	24.83
4711	12	3	12.49
1258	123	13	160.46
101	1022	4	9.84
1219	12	9	35.03
2347	12	7	33.44
3811	14	3	10.35
101	2191	3	10.01
6054	14	3	16.83
108	2889	4	34.51
570	116	3	15.8
101	768	9	33.99
3027	3682	4	80.33
1818	109	3	20.36
111	157	13	56.54
101	2100	7	41.29
135	2939	3	31.25
1840	14	3	6.12
1016	103	3	10.88
103	2749	5	34.98
2604	14	3	7.77
1479	14	3	4.93
101	8216	3	20.25
12	1275	3	4.06
103	473	6	22.17
111	152	4	7.82
1074	103	4	17.53
410	9	3	7.71
320	12	13	21.86
117	893	7	56.4
4130	12	3	10.38
163	157	3	14.17
115	260	3	10.52
1279	12	3	4.06
8	318	3	5.95
5870	12	3	16.86
1064	101	4	10.37
2922	101	3	12.14
123	118	18	67.96
101	751	6	17.04
104	285	22	130.2
126	1275	3	23.4
211	110	25	170.81
2131	103	3	15.53
5874	103	3	25.98
104	360	3	6.76
4781	12	4	22.48
2907	12	5	22.82
2416	517	5	79.33
101	3417	4	22.06
148	112	7	20.93
1059	2830	5	89.48
107	205	5	15.85
143	142	3	10.9
104	1195	4	20.92
101	6056	3	20.25
950	116	3	18.5
7271	105	3	27.91
103	2005	5	31.04
12	821	8	20.47
3977	14	3	10.35
2638	101	5	25.51
9	14	646	1555.83
714	478	8	111.55
108	871	5	31.53
8	763	13	92.76
5553	14	3	12.45
12	1024	6	13.79
1314	109	7	57.89
271	109	15	93.73
1430	12	5	12.67
727	102	3	5.41
108	1752	5	38.86
890	14	5	8.4
604	103	3	8.45
1726	103	10	86.63
101	5903	3	20.25
278	14	12	14.61
112	2268	4	33.24
1250	183	5	58.16
173	189	3	18.05
1401	689	3	40.74
101	545	10	33.09
105	321	36	284.71
8	1032	3	12.57
659	641	6	82.41
8	7161	3	27.33
103	5335	4	34.64
103	3297	6	51.97
156	1109	7	78.57
2016	820	9	168.3
1	45	12	98.36
7785	293	3	48.4
250	1122	4	46.43
636	214	3	28.47
963	109	7	52.3
400	5401	3	46.31
12	1660	6	20.76
503	112	12	93.84
136	1910	3	28.26
12	1796	5	14.86
6016	105	3	27.91
4599	546	4	70.32
406	118	5	28.75
176	167	3	16.74
315	310	3	26.47
103	4195	3	19.3
106	117	12	15.66
156	9	35	166.54
103	3626	3	19.3
150	115	3	5.4
1076	14	4	6.41
3766	103	4	29.66
141	212	3	15.78
104	660	5	22.75
351	141	5	37.76
592	191	6	63.54
105	403	5	18.1
101	4438	3	15.82
112	3982	4	39.3
194	284	5	42.8
1724	14	6	20.69
104	306	5	14.39
498	14	5	4.38
3184	101	6	40.5
110	943	3	16.3
355	106	8	42.47
116	296	4	17.79
39	526	3	18.45
470	107	5	25.35
12	3955	5	28.1
149	658	4	34.79
1489	182	3	32.34
107	330	5	21.27
4433	12	3	12.49
110	612	10	74.3
126	134	7	25.68
2830	817	6	110.89
104	410	5	17.88
104	560	6	27.5
12	134	49	60.44
101	4395	4	27
455	120	11	89.93
132	130	3	7.41
448	109	7	40.77
827	235	11	147.37
846	109	5	31.8
4045	3673	5	113.98
954	12	4	5.54
904	1164	7	112.43
158	7726	3	42.55
8	1309	3	14.03
3757	14	3	10.35
120	1600	10	112.37
309	12	12	17.06
1696	114	3	21.53
112	258	6	27.68
135	323	7	52.99
2777	109	3	23.47
1875	105	3	16.57
138	665	3	22.42
8	288	3	5.33
1959	113	9	101.16
3077	101	3	12.14
17	7658	3	40.42
104	255	6	16.89
120	1083	4	30.23
101	188	9	8.31
6971	14	3	16.83
141	14	41	54.64
901	106	4	23.07
12	7828	3	16.86
106	276	3	8.2
791	122	19	231.85
108	1782	10	105.39
108	1987	7	64.24
1995	14	3	6.12
101	1202	3	6.9
3366	661	3	47.2
1195	106	3	17.17
103	769	4	15.05
12	8083	3	16.86
101	443	15	57.05
302	1557	6	82.49
130	650	3	21.28
104	962	3	12.41
101	2750	3	10.97
101	2886	4	19.5
1203	271	3	33.91
523	1017	3	36.95
326	338	4	39
953	357	3	34
575	103	24	199.69
3390	10	5	64.49
102	1187	3	7.7
104	960	4	19.03
643	258	5	55.32
1329	364	6	83.82
580	8109	3	53.11
392	369	3	29.18
104	1655	7	52.23
1410	12	5	12.67
429	12	9	14.39
2539	12	3	7.8
207	8	8	22.6
1249	14	3	4.03
249	287	6	57.13
4431	6072	3	66.96
8	1877	6	43.28
1490	110	3	19.19
802	101	4	8.49
203	14	23	40.17
166	107	4	7.95
833	105	15	120.17
103	891	3	10.16
123	783	3	20.44
112	1794	4	30.88
102	1389	4	14.03
101	314	7	10.22
222	177	4	28.73
12	856	5	8.45
964	106	6	41.17
2032	14	3	6.12
128	544	3	19.2
12	2277	8	44.97
683	250	4	42.74
2500	14	3	7.77
3111	101	3	12.14
102	1954	3	10.52
1202	12	4	7.55
943	141	4	36.13
1850	1349	4	65.33
6843	105	3	27.91
4078	347	3	42.97
115	244	3	10.07
104	3913	3	20.9
108	1140	7	54.42
2085	12	8	44.97
4654	16	3	29.96
345	344	3	27.95
104	1143	3	13.26
2731	14	4	13.25
1212	130	4	36.03
1471	155	3	29.54
3354	176	4	54.38
352	305	3	27.17
103	3902	4	29.66
104	450	3	8.26
130	134	3	7.75
563	119	3	17.11
211	202	7	60.36
1826	14	3	6.12
101	4369	3	15.82
2778	106	3	22.82
836	14	4	4.75
442	14	9	14.81
1662	189	3	33.15
1294	12	3	4.06
306	12	8	6.21
104	479	9	45.89
124	5538	3	32.86
903	325	5	61.77
103	219	5	8.64
337	12	10	13.26
167	105	4	4.51
451	109	6	32.91
202	101	10	11.9
102	2312	3	11.34
641	292	7	85.24
124	7181	3	37.35
394	1533	5	69.52
341	103	3	5.16
3146	113	3	25.39
370	700	12	174.3
1711	2624	3	49.68
1623	109	6	50.12
2782	109	3	23.47
6343	116	3	34.25
4893	381	4	67.18
2434	14	3	7.77
3041	101	3	12.14
1218	14	4	7.51
343	222	4	35.49
101	165	71	314.4
5647	109	3	31.76
1196	109	6	45.66
2368	109	3	22.24
119	334	3	13.77
3451	830	5	92.08
461	176	3	24.63
4762	120	3	31.18
7080	1022	3	56.01
736	130	6	53.74
217	106	8	33.03
104	2067	4	25.78
7293	101	3	20.25
101	7705	3	20.25
236	304	3	24.3
122	160	9	43.88
1002	108	3	16.29
113	592	10	78.88
146	3601	4	50.07
102	384	5	8.3
140	298	4	25.83
12	2445	4	13.29
105	5170	4	37.21
311	145	4	27.41
595	141	3	22.93
120	615	4	26.05
107	5446	3	26.99
838	12	5	7.94
819	102	3	5.95
103	1009	3	10.88
924	14	12	47.34
101	1390	11	67.44
1120	106	4	24.84
2891	113	4	37.3
16	39	7	14.52
955	14	4	5.51
1887	14	5	16.18
7068	2666	3	61.9
101	173	15	20.7
159	3006	3	34.28
137	436	3	19.52
133	2979	4	45.07
297	355	3	26.92
8	776	3	11.09
103	5471	3	21.51
245	291	3	24.12
101	3095	4	19.5
109	149	8	22.83
5389	12	3	12.49
101	2734	5	25.51
1093	14	4	6.41
478	261	4	39.76
792	101	16	91.66
2094	2869	3	52.55
617	1977	4	58.98
124	4762	3	32.86
2394	1086	6	108.66
110	227	4	12.54
1841	3090	6	123.14
117	145	5	13.29
5188	12	3	12.49
589	12	6	8.53
101	6182	3	20.25
334	557	4	43.66
105	3832	5	46.52
216	130	3	14.13
101	1818	3	9.21
143	185	23	215.52
104	1117	8	53
2970	12	3	8.92
972	219	3	31
1710	14	6	20.69
211	3027	3	37.79
101	2324	5	23.37
3575	769	3	47.82
2369	273	4	54.45
142	12	130	528.08
519	235	8	92.11
104	559	16	112.81
5317	8	4	36.44
948	16	6	46.93
103	1258	3	12.2
101	4439	3	15.82
4616	101	4	27
108	487	4	18.84
108	353	3	10.38
909	415	3	35.14
101	3172	5	28.41
395	14	15	36.93
101	8222	3	20.25
112	422	3	12.99
119	5451	3	31.1
265	492	3	28.25
2184	1380	3	47.38
1932	12	3	6.15
5493	102	3	17.2
1276	12	3	4.06
106	635	5	27.97
1139	101	7	28.33
12	7249	3	16.86
246	1007	3	31.8
171	103	5	5.54
177	525	3	25.82
102	802	3	5.95
318	156	3	20.22
7852	110	3	32
104	254	34	228.48
101	849	10	43.33
101	699	13	60.41
101	2568	4	17.65
3500	235	5	78.26
2208	13	4	47.67
219	405	5	48.54
317	130	5	33.14
12	121	382	2076.27
12	6373	3	16.86
12	294	9	7.75
136	360	5	35.65
111	537	3	14.06
2145	101	3	10.01
1640	14	4	9.72
101	1663	5	20.23
4143	101	5	33.75
279	123	4	20.81
107	230	6	22.69
102	2142	3	11.34
102	351	5	7.45
283	114	7	37.1
168	3620	4	53.1
1315	106	4	26.29
758	101	3	4.52
3750	1972	3	53.27
829	113	3	17.23
113	2710	3	24.16
3565	101	3	13.66
12	4577	4	22.48
103	3209	4	27.06
114	3007	3	25.4
104	963	6	34.22
1602	130	3	26.16
104	708	6	30.36
2733	12	3	7.8
4026	39	3	30.47
273	14	12	14.26
1595	101	4	13.06
897	14	6	12.24
101	3853	4	22.06
101	5822	3	20.25
1357	14	3	4.45
106	10	7	10.93
119	1430	3	22.14
3411	101	3	13.66
7265	12	3	16.86
122	447	3	16.7
725	153	4	35.77
1925	14	3	6.12
12	533	8	14.51
104	317	4	10.14
101	834	6	17.7
4299	103	4	34.64
1269	14	5	11.72
12	1303	4	7.55
4017	1179	3	50.18
354	1059	4	49.16
456	110	4	18.83
103	2688	3	16.52
783	474	11	167.23
742	16	4	26.03
157	107	10	34.45
680	12	4	3.85
10	481	6	47.46
108	1488	9	84.43
105	5288	3	23.43
101	1648	7	35.24
2047	14	3	6.12
101	7152	3	20.25
158	276	3	19.13
12	5016	3	12.49
238	465	3	27.07
158	129	3	9.55
1125	109	6	44.5
968	221	9	118.41
2241	309	5	70.89
710	210	4	41.09
250	594	3	29.26
104	900	5	25.63
168	2272	6	78.27
12	738	4	4.45
45	102	26	19.97
104	2365	3	18.11
629	14	7	13
103	3274	3	17.74
101	4019	4	22.06
124	6648	3	37.35
1716	14	4	9.72
345	734	4	46.35
207	16	5	20.63
237	676	4	41.82
379	109	12	79.29
105	1315	3	14.58
1936	12	4	10.74
1739	128	6	62.53
4324	14	4	22.44
572	39	4	27.36
388	14	7	6.83
3541	14	3	10.35
109	163	3	4.49
973	3866	3	49.28
482	304	3	29.27
297	396	3	27.88
104	766	7	38.75
104	2605	3	18.11
1162	101	4	10.94
182	101	23	58.18
343	156	4	30.1
1374	14	6	17.77
161	659	9	98.71
122	370	12	96.76
146	5280	3	36.79
387	1621	3	38.25
149	258	9	74.47
243	610	16	223.87
129	112	5	6.99
114	3790	4	39.94
12	1983	4	10.74
110	220	11	56.16
101	1305	3	6.9
134	142	16	104.29
101	1125	4	10.94
112	813	6	42.87
699	14	6	10.4
1268	101	8	37.03
104	1005	9	61
12	634	9	21.53
412	160	3	22.21
932	101	5	13.99
105	259	3	5.1
4291	1511	4	78.55
254	123	62	774.66
3164	123	3	28.64
101	2669	5	25.51
311	130	7	51.11
2114	129	4	39.57
227	2033	3	35.15
2067	109	4	31.3
101	4333	3	15.82
1233	14	5	11.72
1308	106	5	35.63
101	2211	4	16.19
2855	110	6	64.03
104	2786	4	29.19
3582	103	3	19.3
108	1575	7	59.37
3059	114	3	25.4
101	1813	3	9.21
126	129	4	8.7
167	120	3	8.36
104	1313	4	21.67
3455	376	5	83.84
111	139	6	12.91
103	354	4	9.23
116	234	3	10.09
116	160	3	6.31
17	10	9	43.77
8	199	4	6.13
8022	3277	3	63.14
1312	109	5	36.71
919	14	4	5.51
299	14	11	13.16
117	632	17	169.18
101	1682	6	27.32
102	1090	4	12.07
961	109	7	52.3
104	1312	3	14.27
104	1193	3	13.74
167	8	5	6.61
101	997	6	20.02
1216	543	4	54.27
421	12	6	5.25
198	8	4	6.13
223	4952	3	42.1
120	39	4	5.92
1872	14	3	6.12
5164	103	3	21.51
1524	101	3	7.91
108	216	3	7.22
108	173	4	8.99
4373	101	3	15.82
194	301	11	114.58
174	107	3	5.31
109	2630	3	22.24
102	633	6	17.83
187	155	29	305.17
112	867	12	110.17
236	303	4	34.66
101	1426	7	31.3
2231	105	6	46.87
481	109	6	33.76
4703	12	3	12.49
472	14	6	6.31
397	106	18	137.21
101	308	10	20.25
333	462	11	142.19
105	590	3	9.98
120	2270	6	62.4
1814	106	3	19.71
513	106	21	186.73
8199	14	3	16.83
654	106	15	128.27
145	130	6	26.63
158	604	4	35.17
467	1414	3	38.05
114	233	4	14.98
105	5005	3	23.43
334	1235	3	35.37
12	3377	4	17.6
101	3993	4	22.06
1989	12	3	6.15
2631	14	3	7.77
12	2036	4	10.74
467	14	6	6.02
2561	14	3	7.77
101	1271	10	53.67
1894	983	3	44.56
333	102	6	10.1
154	913	4	37.78
250	396	4	38.08
347	117	4	19.55
101	4789	3	15.82
119	372	3	14.47
108	849	4	23.2
436	14	6	5.46
2628	292	5	72.49
1511	2473	4	68.99
2010	12	4	10.74
101	325	6	7.66
101	249	9	12.6
104	774	4	17.53
103	1651	9	71.49
101	1473	10	60.87
7230	116	3	34.25
110	572	3	13.63
1712	120	3	23.49
2415	729	7	128.97
190	104	5	9.47
2214	225	3	36.02
426	106	17	129.57
119	1386	3	22.14
161	115	3	6.1
108	4160	5	52.67
111	241	5	19.6
2198	128	5	52.72
125	833	3	20.88
101	2038	3	9.21
2840	12	3	8.92
5098	12	3	12.49
2651	113	7	78.66
2352	14	3	6.87
2	9	5	4.31
104	390	3	7.3
210	1003	3	30.67
103	1545	5	28.3
183	39	4	17.31
8	407	3	7.38
108	341	3	10.11
107	1440	3	18.07
101	2357	6	34.83
101	4351	3	15.82
386	12	6	4.55
286	314	3	25.87
113	945	3	17.95
2365	106	3	21.59
1033	106	9	73.25
4087	14	3	10.35
