7873	1
940	2
4559	3
4915	4
8266	5
3877	6
2105	7
124	8
1771	9
8290	10
9511	11
5538	12
1564	13
6759	14
2904	15
7199	16
4018	17
6677	18
8353	19
1593	20
3009	21
9384	22
6481	23
99	24
5178	25
5154	26
6002	27
4336	28
2086	29
4182	30
6850	31
1167	32
131	33
1849	34
2671	35
8329	36
4931	37
5306	38
8832	39
7356	40
5834	41
2107	42
3499	43
5966	44
9520	45
3549	46
4972	47
6585	48
111	49
111	50
9131	51
208	52
2097	53
8283	54
2010	55
8717	56
5362	57
7263	58
1470	59
4609	60
218	61
5776	62
6577	63
3030	64
3938	65
7226	66
2152	67
6053	68
1370	69
8278	70
2327	71
5963	72
3984	73
7768	74
8791	75
2518	76
5800	77
8032	78
2768	79
1990	80
817	81
6644	82
4729	83
2392	84
8888	85
1541	86
387	87
388	88
273	89
8476	90
7096	91
953	92
1450	93
6822	94
6306	95
3536	96
3297	97
2403	98
2633	99
456	100
5625	101
8412	102
6911	103
3993	104
389	105
8940	106
9541	107
1559	108
9203	109
1774	110
4690	111
5196	112
5	113
7958	114
3427	115
3539	116
3554	117
8874	118
4003	119
1743	120
6266	121
1307	122
4840	123
4623	124
8732	125
1683	126
8633	127
5600	128
1853	129
7603	130
4717	131
2099	132
740	133
5227	134
5825	135
4331	136
6081	137
4566	138
1311	139
2935	140
6215	141
6838	142
4771	143
6520	144
7184	145
8017	146
7276	147
8292	148
8607	149
5770	150
5740	151
7201	152
1776	153
1821	154
790	155
227	156
8539	157
4985	158
5808	159
6022	160
8342	161
8986	162
2804	163
9265	164
1336	165
5248	166
5365	167
934	168
7625	169
145	170
5411	171
3129	172
7664	173
5784	174
7973	175
3992	176
6204	177
173	178
8051	179
7156	180
4031	181
3388	182
3887	183
9110	184
2285	185
2525	186
4176	187
6724	188
2125	189
2104	190
4197	191
1476	192
4948	193
158	194
6821	195
8273	196
7536	197
7392	198
3347	199
5169	200
3905	201
3472	202
4246	203
2095	204
9016	205
6191	206
378	207
4692	208
6787	209
7258	210
7918	211
735	212
1633	213
366	214
4772	215
6855	216
7429	217
3228	218
1072	219
6654	220
9669	221
8843	222
2294	223
9138	224
4051	225
202	226
4767	227
2502	228
7005	229
5307	230
6343	231
6281	232
9181	233
5928	234
7211	235
2005	236
627	237
1613	238
2654	239
3534	240
6482	241
4674	242
2098	243
5453	244
1724	245
2498	246
578	247
9276	248
437	249
3309	250
750	251
4792	252
1603	253
216	254
2963	255
1619	256
3720	257
8510	258
5014	259
4128	260
3209	261
3350	262
1874	263
4795	264
3031	265
1146	266
1202	267
8930	268
2514	269
5277	270
8271	271
5377	272
2682	273
7841	274
4575	275
9481	276
9280	277
2541	278
7927	279
5180	280
1790	281
6882	282
8695	283
8269	284
1177	285
2006	286
7929	287
4201	288
4584	289
8393	290
5602	291
4672	292
7162	293
7776	294
2039	295
151	296
3614	297
8609	298
5101	299
8172	300
6434	301
2947	302
7415	303
3050	304
197	305
161	306
5599	307
4057	308
2366	309
6082	310
7056	311
7709	312
7756	313
8667	314
3603	315
1080	316
1548	317
6828	318
9416	319
9410	320
2828	321
8068	322
2660	323
3550	324
1038	325
7635	326
5429	327
7907	328
8978	329
405	330
3423	331
3203	332
8113	333
1609	334
2561	335
3241	336
5028	337
3515	338
2581	339
17	340
4019	341
3971	342
7814	343
6078	344
3382	345
4555	346
9372	347
4449	348
4647	349
1503	350
2762	351
3864	352
8849	353
3610	354
1226	355
9740	356
5393	357
7592	358
794	359
3724	360
4004	361
838	362
4464	363
9506	364
49	365
142	366
2966	367
8738	368
863	369
1517	370
5320	371
6682	372
4863	373
58	374
6150	375
2021	376
6377	377
4911	378
9672	379
846	380
9425	381
6684	382
174	383
7926	384
2481	385
1511	386
292	387
2308	388
8612	389
9420	390
5974	391
891	392
5683	393
899	394
7489	395
7179	396
4	397
7945	398
8441	399
1595	400
2646	401
1242	402
4861	403
8545	404
8236	405
5023	406
8526	407
2695	408
1549	409
6167	410
8242	411
4784	412
3866	413
7449	414
186	415
1510	416
2863	417
8604	418
2140	419
8934	420
1769	421
730	422
3946	423
9030	424
340	425
4764	426
6426	427
3591	428
5605	429
3751	430
5150	431
6528	432
7697	433
933	434
7843	435
5481	436
2464	437
3452	438
6409	439
5520	440
3649	441
8619	442
8279	443
7923	444
9101	445
1679	446
2447	447
4991	448
141	449
6184	450
1690	451
8575	452
7829	453
2472	454
2552	455
7562	456
9329	457
315	458
3818	459
1680	460
1331	461
4620	462
5257	463
6061	464
5074	465
4081	466
3429	467
3402	468
8281	469
8534	470
6947	471
9264	472
442	473
3288	474
2313	475
8952	476
102	477
4627	478
7943	479
5915	480
3183	481
5675	482
9561	483
3552	484
7330	485
7367	486
4390	487
259	488
96	489
3592	490
3636	491
6394	492
8117	493
4096	494
716	495
2145	496
5484	497
7508	498
3117	499
6043	500
8758	501
6223	502
3365	503
1698	504
7614	505
253	506
3671	507
3147	508
1096	509
2990	510
495	511
2384	512
1050	513
5681	514
925	515
902	516
5389	517
7012	518
3660	519
2564	520
7025	521
785	522
3421	523
2399	524
7222	525
7997	526
3865	527
6431	528
7870	529
7238	530
7279	531
9089	532
3155	533
7252	534
2705	535
6381	536
8519	537
7085	538
2854	539
7494	540
8652	541
4973	542
4055	543
998	544
2287	545
3596	546
2611	547
2248	548
1960	549
6091	550
4907	551
2740	552
9246	553
7186	554
2643	555
3217	556
9666	557
8250	558
3433	559
1005	560
886	561
2717	562
952	563
5394	564
9365	565
1065	566
2788	567
7622	568
8775	569
7906	570
9434	571
4127	572
6500	573
4927	574
1431	575
6960	576
6725	577
8634	578
5930	579
5592	580
9227	581
1588	582
8547	583
2593	584
9556	585
5839	586
7457	587
4608	588
3706	589
7147	590
4066	591
6905	592
4867	593
8387	594
6212	595
4060	596
1110	597
26	598
5465	599
4468	600
1448	601
4298	602
1496	603
9097	604
6388	605
3318	606
2405	607
5727	608
5628	609
5626	610
3555	611
3489	612
7570	613
4702	614
7648	615
2782	616
1842	617
3324	618
3908	619
6364	620
5804	621
7185	622
4733	623
6744	624
5922	625
8936	626
154	627
1418	628
198	629
1699	630
7411	631
4093	632
3341	633
8433	634
3025	635
7972	636
25	637
5785	638
9109	639
4615	640
3528	641
310	642
4472	643
7534	644
6745	645
4946	646
8774	647
2727	648
7259	649
3303	650
283	651
3098	652
1286	653
833	654
9184	655
7680	656
2612	657
8390	658
6354	659
8226	660
4712	661
6742	662
606	663
5131	664
5645	665
8040	666
59	667
725	668
8041	669
6083	670
5824	671
8861	672
2466	673
3466	674
1868	675
5973	676
2928	677
6741	678
9442	679
1322	680
3799	681
5862	682
971	683
9249	684
4115	685
2200	686
1556	687
2178	688
8573	689
2421	690
7878	691
7905	692
1766	693
1459	694
7643	695
5	696
3130	697
1662	698
3518	699
3785	700
7809	701
2251	702
4796	703
2739	704
7182	705
4920	706
7520	707
4705	708
240	709
7004	710
450	711
7550	712
1490	713
802	714
3641	715
830	716
5774	717
5991	718
5955	719
9734	720
2803	721
5403	722
7016	723
1165	724
1026	725
2451	726
4932	727
3385	728
5312	729
1869	730
6613	731
4394	732
1278	733
9644	734
23	735
9675	736
6523	737
210	738
1709	739
108	740
9408	741
4667	742
3134	743
6733	744
8233	745
3918	746
2752	747
2773	748
2515	749
9358	750
5797	751
3740	752
5374	753
7420	754
2607	755
6616	756
6600	757
9490	758
2390	759
897	760
7327	761
7609	762
97	763
8705	764
8516	765
8997	766
9259	767
636	768
5002	769
4277	770
1872	771
3064	772
6008	773
4650	774
8855	775
2347	776
5279	777
3447	778
4375	779
4303	780
1062	781
5207	782
2888	783
194	784
3651	785
2704	786
5406	787
5833	788
3727	789
620	790
2059	791
8506	792
5903	793
7911	794
2830	795
6537	796
2719	797
800	798
7062	799
4351	800
6425	801
6574	802
3650	803
6688	804
7017	805
2258	806
3170	807
4629	808
9373	809
850	810
2319	811
3231	812
3958	813
5875	814
9027	815
4165	816
3118	817
5275	818
8998	819
5166	820
9721	821
3544	822
9415	823
5670	824
1451	825
6318	826
8971	827
614	828
2926	829
9200	830
9555	831
3680	832
6818	833
1402	834
6751	835
3317	836
5509	837
170	838
8153	839
8867	840
4403	841
419	842
2641	843
6186	844
2546	845
1659	846
1441	847
2126	848
5755	849
2261	850
568	851
6415	852
630	853
3049	854
999	855
211	856
2985	857
4960	858
3460	859
4426	860
8408	861
5708	862
5810	863
2463	864
8328	865
8964	866
5514	867
9453	868
8602	869
7409	870
3258	871
2008	872
1230	873
2813	874
7260	875
6546	876
9045	877
6178	878
7751	879
3454	880
3140	881
6549	882
226	883
5355	884
4837	885
3475	886
6244	887
3106	888
6974	889
7152	890
2742	891
2229	892
2774	893
4143	894
3807	895
7572	896
2079	897
8749	898
4493	899
5297	900
6470	901
20	902
7617	903
6941	904
1580	905
6006	906
32	907
5359	908
352	909
1847	910
2166	911
2150	912
6611	913
4810	914
6030	915
1881	916
1329	917
4222	918
28	919
2533	920
5245	921
1707	922
178	923
563	924
9263	925
507	926
4119	927
827	928
860	929
7385	930
276	931
788	932
2900	933
2683	934
3296	935
16	936
3300	937
8733	938
6406	939
3072	940
1991	941
877	942
3855	943
4816	944
771	945
1576	946
8135	947
287	948
4124	949
9021	950
7309	951
4178	952
4433	953
4517	954
4971	955
3509	956
9075	957
3803	958
4879	959
1364	960
7166	961
4945	962
2729	963
5476	964
3612	965
6788	966
942	967
3659	968
1258	969
5968	970
4244	971
3593	972
6130	973
4812	974
8123	975
9094	976
3524	977
2569	978
8375	979
769	980
2686	981
5161	982
6058	983
6592	984
2603	985
8267	986
8091	987
3687	988
3430	989
8746	990
3523	991
4836	992
985	993
2924	994
3883	995
1015	996
5703	997
8970	998
5647	999
5539	1000
8751	1001
4037	1002
1979	1003
4835	1004
6643	1005
7452	1006
3575	1007
9304	1008
3491	1009
2988	1010
8407	1011
2807	1012
9142	1013
5530	1014
4053	1015
1598	1016
4265	1017
4656	1018
1395	1019
5795	1020
3511	1021
5496	1022
1802	1023
1550	1024
545	1025
7530	1026
6842	1027
1515	1028
6839	1029
9224	1030
1704	1031
7262	1032
6691	1033
5815	1034
4150	1035
6602	1036
4819	1037
1998	1038
2902	1039
7346	1040
8983	1041
3739	1042
7988	1043
8587	1044
1108	1045
9343	1046
1722	1047
2359	1048
2199	1049
5640	1050
8127	1051
4593	1052
8750	1053
6945	1054
7128	1055
384	1056
5380	1057
2012	1058
1162	1059
6913	1060
7413	1061
7865	1062
1269	1063
8061	1064
2374	1065
871	1066
1999	1067
1808	1068
5720	1069
5468	1070
1313	1071
3756	1072
7675	1073
650	1074
5665	1075
8645	1076
7993	1077
204	1078
3943	1079
8766	1080
4680	1081
7192	1082
2911	1083
7595	1084
1268	1085
7037	1086
4846	1087
2015	1088
6219	1089
7054	1090
1193	1091
1546	1092
874	1093
862	1094
6603	1095
6016	1096
4910	1097
5977	1098
7767	1099
5933	1100
611	1101
9232	1102
8684	1103
5379	1104
7663	1105
6762	1106
6888	1107
4202	1108
4926	1109
8803	1110
1844	1111
7369	1112
3588	1113
3033	1114
5715	1115
1841	1116
3997	1117
3344	1118
3358	1119
4855	1120
9320	1121
6862	1122
1250	1123
1353	1124
9300	1125
1929	1126
8389	1127
1894	1128
8921	1129
8126	1130
6766	1131
2077	1132
9100	1133
1967	1134
5174	1135
8520	1136
7619	1137
5898	1138
3262	1139
363	1140
2262	1141
7281	1142
7250	1143
7526	1144
5756	1145
6325	1146
4385	1147
7067	1148
7531	1149
4518	1150
997	1151
8508	1152
8224	1153
5814	1154
3801	1155
4921	1156
7202	1157
4884	1158
4324	1159
8955	1160
5345	1161
4413	1162
9233	1163
3530	1164
8995	1165
4560	1166
3479	1167
7142	1168
5646	1169
4544	1170
8726	1171
5855	1172
2426	1173
7021	1174
7558	1175
4916	1176
6591	1177
1625	1178
7217	1179
354	1180
1978	1181
935	1182
1669	1183
6491	1184
3462	1185
6638	1186
791	1187
8591	1188
6961	1189
447	1190
5491	1191
8973	1192
8391	1193
4909	1194
5649	1195
7716	1196
2184	1197
3882	1198
8656	1199
1270	1200
109	1201
993	1202
6410	1203
164	1204
5552	1205
9210	1206
4076	1207
4100	1208
9510	1209
7626	1210
8373	1211
757	1212
2725	1213
2175	1214
8026	1215
9487	1216
1648	1217
8872	1218
4084	1219
7052	1220
2087	1221
380	1222
7423	1223
9680	1224
8363	1225
8945	1226
8974	1227
1565	1228
8690	1229
2526	1230
5075	1231
8507	1232
6606	1233
7220	1234
8028	1235
9516	1236
3934	1237
4904	1238
6455	1239
5186	1240
9743	1241
1140	1242
7039	1243
4328	1244
5596	1245
5775	1246
9078	1247
3956	1248
1006	1249
2300	1250
8264	1251
6732	1252
3018	1253
7731	1254
6666	1255
3912	1256
4038	1257
2027	1258
8413	1259
2696	1260
7040	1261
5060	1262
7987	1263
2728	1264
4296	1265
7740	1266
6513	1267
7448	1268
9187	1269
3197	1270
1748	1271
8322	1272
8047	1273
9447	1274
8651	1275
331	1276
1046	1277
2827	1278
6224	1279
7358	1280
488	1281
27	1282
4075	1283
9316	1284
7088	1285
9379	1286
6624	1287
154	1288
27	1289
3768	1290
2503	1291
5256	1292
814	1293
6716	1294
7446	1295
7974	1296
4828	1297
3911	1298
1708	1299
7736	1300
4499	1301
7504	1302
7605	1303
5433	1304
5534	1305
9712	1306
106	1307
2312	1308
8947	1309
2133	1310
4006	1311
2064	1312
8245	1313
9011	1314
4913	1315
39	1316
1726	1317
7674	1318
4643	1319
6017	1320
9	1321
3444	1322
7781	1323
4035	1324
1949	1325
3888	1326
8101	1327
3988	1328
4850	1329
477	1330
8284	1331
3251	1332
8696	1333
3700	1334
9515	1335
5090	1336
6898	1337
8755	1338
1324	1339
7131	1340
3327	1341
4686	1342
2101	1343
1247	1344
4892	1345
1615	1346
1409	1347
7725	1348
5168	1349
6800	1350
8597	1351
8697	1352
7381	1353
8794	1354
7583	1355
6011	1356
8137	1357
4424	1358
3851	1359
5458	1360
9589	1361
6984	1362
1692	1363
8650	1364
2496	1365
900	1366
8748	1367
5381	1368
14	1369
4959	1370
2895	1371
5709	1372
4605	1373
5742	1374
1761	1375
7759	1376
4550	1377
430	1378
33	1379
2733	1380
506	1381
3088	1382
6023	1383
3014	1384
8025	1385
7020	1386
1583	1387
7091	1388
5454	1389
5291	1390
3674	1391
1363	1392
6168	1393
8724	1394
8566	1395
9476	1396
2669	1397
6970	1398
5490	1399
4833	1400
9493	1401
9127	1402
7510	1403
51	1404
8169	1405
6903	1406
7024	1407
1223	1408
7444	1409
8767	1410
8243	1411
1664	1412
4098	1413
1657	1414
5483	1415
9348	1416
7434	1417
8314	1418
1640	1419
9631	1420
4974	1421
4382	1422
8810	1423
6330	1424
2574	1425
5543	1426
3519	1427
1399	1428
244	1429
4162	1430
3577	1431
5253	1432
278	1433
8	1434
4103	1435
4747	1436
188	1437
5851	1438
168	1439
2224	1440
9451	1441
4952	1442
6761	1443
8450	1444
5542	1445
2535	1446
3921	1447
2094	1448
2950	1449
3634	1450
4397	1451
5155	1452
3998	1453
5428	1454
169	1455
1581	1456
1831	1457
6395	1458
3919	1459
3368	1460
3953	1461
8488	1462
4724	1463
2860	1464
5893	1465
8050	1466
4251	1467
3723	1468
7219	1469
3899	1470
7700	1471
2115	1472
3868	1473
3439	1474
8759	1475
5225	1476
9230	1477
7521	1478
749	1479
3045	1480
8796	1481
6777	1482
8165	1483
1480	1484
2675	1485
4967	1486
3833	1487
7840	1488
7981	1489
6104	1490
8483	1491
8954	1492
7509	1493
7421	1494
9326	1495
22	1496
7703	1497
3311	1498
6478	1499
3264	1500
6305	1501
6636	1502
1925	1503
6315	1504
95	1505
8960	1506
3525	1507
2482	1508
3104	1509
2401	1510
2458	1511
5588	1512
1524	1513
3526	1514
2253	1515
5658	1516
33	1517
2964	1518
7257	1519
9354	1520
6608	1521
6090	1522
8991	1523
6068	1524
4289	1525
7243	1526
8882	1527
2645	1528
2432	1529
5718	1530
47	1531
9323	1532
5265	1533
6717	1534
7857	1535
136	1536
4711	1537
8222	1538
2400	1539
2355	1540
7450	1541
5000	1542
457	1543
9527	1544
4990	1545
8720	1546
9549	1547
9056	1548
2745	1549
7702	1550
1231	1551
1867	1552
6380	1553
8840	1554
2808	1555
5737	1556
4612	1557
7712	1558
6095	1559
4315	1560
7794	1561
6249	1562
9071	1563
6137	1564
2165	1565
1383	1566
2685	1567
9190	1568
1493	1569
6884	1570
9157	1571
4361	1572
4677	1573
5111	1574
4949	1575
8139	1576
8790	1577
2110	1578
1740	1579
2171	1580
2367	1581
8548	1582
9591	1583
5840	1584
3329	1585
8367	1586
3741	1587
4153	1588
5328	1589
7347	1590
4374	1591
5467	1592
8623	1593
5832	1594
3114	1595
3985	1596
374	1597
3926	1598
2460	1599
7454	1600
89	1601
147	1602
7867	1603
44	1604
306	1605
664	1606
6747	1607
4955	1608
4237	1609
9147	1610
6885	1611
476	1612
7333	1613
7529	1614
1882	1615
6151	1616
7135	1617
6021	1618
9064	1619
5052	1620
4007	1621
6216	1622
4758	1623
5170	1624
3584	1625
70	1626
8747	1627
9671	1628
2542	1629
3057	1630
1566	1631
6614	1632
4371	1633
3042	1634
80	1635
6308	1636
589	1637
462	1638
7970	1639
3505	1640
564	1641
9293	1642
2810	1643
2360	1644
5639	1645
5652	1646
6145	1647
3299	1648
1482	1649
5096	1650
2020	1651
2875	1652
8984	1653
9558	1654
6293	1655
3789	1656
6001	1657
4765	1658
7696	1659
9484	1660
6412	1661
120	1662
5065	1663
2806	1664
4305	1665
9026	1666
6280	1667
4042	1668
2471	1669
6390	1670
746	1671
4196	1672
1279	1673
5102	1674
8457	1675
5614	1676
9396	1677
303	1678
6337	1679
5886	1680
2317	1681
7746	1682
4428	1683
8075	1684
8210	1685
723	1686
8307	1687
8347	1688
3976	1689
8019	1690
7290	1691
1174	1692
9489	1693
8248	1694
5444	1695
1751	1696
1141	1697
3962	1698
174	1699
2549	1700
1752	1701
2284	1702
797	1703
607	1704
6661	1705
539	1706
5037	1707
1221	1708
8198	1709
7666	1710
6181	1711
386	1712
2391	1713
1954	1714
5350	1715
8451	1716
4293	1717
113	1718
7830	1719
904	1720
1927	1721
8104	1722
2624	1723
6987	1724
3952	1725
763	1726
1775	1727
6439	1728
2093	1729
9473	1730
255	1731
7216	1732
9683	1733
6196	1734
3306	1735
75	1736
2629	1737
4637	1738
2969	1739
7671	1740
9553	1741
8304	1742
9273	1743
7653	1744
4943	1745
3330	1746
4568	1747
623	1748
2534	1749
5597	1750
236	1751
3396	1752
1155	1753
2504	1754
9494	1755
7426	1756
9540	1757
1486	1758
2897	1759
3393	1760
2	1761
454	1762
6477	1763
6170	1764
3587	1765
2755	1766
2034	1767
205	1768
7834	1769
4418	1770
6973	1771
4097	1772
6858	1773
5985	1774
5142	1775
5669	1776
3455	1777
9560	1778
3857	1779
8818	1780
5258	1781
425	1782
6321	1783
2588	1784
167	1785
9108	1786
2579	1787
7790	1788
3436	1789
1323	1790
855	1791
3445	1792
7249	1793
4266	1794
231	1795
9079	1796
7111	1797
1299	1798
7045	1799
2153	1800
8839	1801
6289	1802
7291	1803
126	1804
558	1805
538	1806
3339	1807
651	1808
2213	1809
7842	1810
7027	1811
5728	1812
7228	1813
4214	1814
194	1815
5929	1816
451	1817
8692	1818
2014	1819
8777	1820
4459	1821
2551	1822
1248	1823
9605	1824
3935	1825
3841	1826
4721	1827
1294	1828
1634	1829
9272	1830
3036	1831
2972	1832
4234	1833
1957	1834
1447	1835
9163	1836
6925	1837
2309	1838
3798	1839
4329	1840
8055	1841
4858	1842
844	1843
2784	1844
7307	1845
9330	1846
9150	1847
134	1848
3470	1849
7571	1850
5066	1851
248	1852
6937	1853
4273	1854
143	1855
5020	1856
4961	1857
3208	1858
6309	1859
5661	1860
5189	1861
2513	1862
7008	1863
3322	1864
2778	1865
3827	1866
1266	1867
5324	1868
8532	1869
7372	1870
6573	1871
9587	1872
6938	1873
2172	1874
6841	1875
332	1876
1346	1877
2241	1878
4225	1879
6100	1880
7200	1881
4704	1882
38	1883
4409	1884
176	1885
7502	1886
4968	1887
8380	1888
8752	1889
1	1890
5145	1891
5607	1892
4010	1893
8741	1894
701	1895
1037	1896
3192	1897
2583	1898
2306	1899
7705	1900
6860	1901
212	1902
8093	1903
5301	1904
4508	1905
6556	1906
7916	1907
7102	1908
5529	1909
6166	1910
3975	1911
7641	1912
4756	1913
5316	1914
4501	1915
8289	1916
5182	1917
3450	1918
6101	1919
5853	1920
1584	1921
6626	1922
3062	1923
2821	1924
6635	1925
6407	1926
6272	1927
7336	1928
5748	1929
577	1930
5532	1931
4156	1932
8515	1933
540	1934
3345	1935
8341	1936
6149	1937
1507	1938
2004	1939
8454	1940
4074	1941
179	1942
9412	1943
6939	1944
8220	1945
3755	1946
137	1947
7720	1948
7000	1949
4455	1950
3424	1951
4207	1952
4147	1953
9706	1954
2506	1955
2578	1956
5677	1957
8530	1958
2743	1959
7295	1960
364	1961
3248	1962
4624	1963
7114	1964
8371	1965
5548	1966
1054	1967
1678	1968
8658	1969
8147	1970
2622	1971
8138	1972
2927	1973
5609	1974
8263	1975
4665	1976
8481	1977
4475	1978
6314	1979
7849	1980
3655	1981
4187	1982
8989	1983
3767	1984
5215	1985
3068	1986
9557	1987
1928	1988
8686	1989
7499	1990
8324	1991
2051	1992
252	1993
3257	1994
77	1995
738	1996
5697	1997
1273	1998
1449	1999
787	2000
9248	2001
6568	2002
4294	2003
3028	2004
6	2005
706	2006
2407	2007
6651	2008
2189	2009
5040	2010
8168	2011
1506	2012
9707	2013
7715	2014
9062	2015
8158	2016
4658	2017
2197	2018
803	2019
4845	2020
7672	2021
1170	2022
798	2023
4662	2024
459	2025
9469	2026
270	2027
3619	2028
9092	2029
8136	2030
5239	2031
4826	2032
8356	2033
1239	2034
517	2035
8185	2036
8392	2037
6055	2038
939	2039
2269	2040
2706	2041
7661	2042
5870	2043
2310	2044
3996	2045
4236	2046
3835	2047
3221	2048
7930	2049
9482	2050
768	2051
3529	2052
6285	2053
453	2054
9653	2055
976	2056
8362	2057
6162	2058
960	2059
8671	2060
7296	2061
9214	2062
7645	2063
2295	2064
3397	2065
9048	2066
3654	2067
6555	2068
530	2069
5341	2070
4337	2071
1168	2072
4708	2073
4172	2074
3325	2075
2527	2076
9332	2077
1723	2078
7267	2079
128	2080
2329	2081
258	2082
3570	2083
8730	2084
5109	2085
4679	2086
5876	2087
8903	2088
7224	2089
7728	2090
4241	2091
5837	2092
4056	2093
4470	2094
9161	2095
1078	2096
5704	2097
9359	2098
224	2099
8254	2100
4367	2101
1121	2102
1523	2103
5660	2104
3718	2105
8492	2106
5979	2107
4753	2108
8319	2109
235	2110
2112	2111
9185	2112
8253	2113
2793	2114
7901	2115
1320	2116
9611	2117
62	2118
8554	2119
3913	2120
2531	2121
2772	2122
7189	2123
7116	2124
5120	2125
7897	2126
849	2127
5298	2128
3731	2129
2314	2130
2353	2131
7030	2132
3681	2133
3392	2134
9677	2135
9183	2136
2801	2137
9020	2138
446	2139
1596	2140
9325	2141
1098	2142
206	2143
6598	2144
2842	2145
2028	2146
5586	2147
4995	2148
2631	2149
1916	2150
6615	2151
1029	2152
767	2153
1213	2154
3814	2155
726	2156
7532	2157
894	2158
605	2159
1145	2160
8213	2161
436	2162
6621	2163
5352	2164
8067	2165
8162	2166
7497	2167
6962	2168
3776	2169
2839	2170
2756	2171
3693	2172
8459	2173
8560	2174
4693	2175
4272	2176
3548	2177
8	2178
5425	2179
2841	2180
5629	2181
4344	2182
7859	2183
6510	2184
4360	2185
8688	2186
5202	2187
3790	2188
8731	2189
8875	2190
131	2191
4703	2192
284	2193
5199	2194
8182	2195
8190	2196
4785	2197
8654	2198
2220	2199
5679	2200
6351	2201
5246	2202
4726	2203
2516	2204
6633	2205
8869	2206
831	2207
5437	2208
3005	2209
6504	2210
8298	2211
7099	2212
7419	2213
121	2214
3914	2215
7933	2216
943	2217
5211	2218
4080	2219
9582	2220
7321	2221
1919	2222
8948	2223
7145	2224
9692	2225
7644	2226
119	2227
16	2228
7732	2229
8860	2230
9599	2231
3695	2232
1793	2233
6672	2234
7332	2235
2371	2236
7797	2237
1070	2238
6784	2239
8635	2240
6758	2241
9585	2242
2322	2243
4494	2244
6875	2245
6576	2246
35	2247
3283	2248
8513	2249
734	2250
5203	2251
7823	2252
7050	2253
4454	2254
7254	2255
9670	2256
4284	2257
6261	2258
3372	2259
2210	2260
9262	2261
3763	2262
5847	2263
67	2264
4979	2265
171	2266
2952	2267
5470	2268
6779	2269
9162	2270
7688	2271
7780	2272
63	2273
5082	2274
7800	2275
1993	2276
1020	2277
4877	2278
8326	2279
4240	2280
2364	2281
688	2282
5346	2283
4430	2284
5694	2285
6427	2286
3567	2287
561	2288
6996	2289
5086	2290
5790	2291
4083	2292
8975	2293
6391	2294
5956	2295
1	2296
9443	2297
4235	2298
4349	2299
84	2300
1873	2301
197	2302
3832	2303
9687	2304
1400	2305
9098	2306
2362	2307
7234	2308
7103	2309
7775	2310
6044	2311
3492	2312
8879	2313
8191	2314
8811	2315
4339	2316
7566	2317
3173	2318
6080	2319
5426	2320
2130	2321
5890	2322
551	2323
9333	2324
7498	2325
4760	2326
3602	2327
1415	2328
9049	2329
4092	2330
294	2331
2930	2332
4530	2333
8403	2334
42	2335
1090	2336
5401	2337
4561	2338
6953	2339
1735	2340
6311	2341
8503	2342
231	2343
2114	2344
7816	2345
3508	2346
5760	2347
118	2348
7293	2349
4872	2350
6480	2351
5905	2352
7089	2353
7682	2354
2873	2355
8442	2356
6597	2357
3035	2358
9017	2359
3441	2360
7563	2361
972	2362
7344	2363
8416	2364
9170	2365
7069	2366
5765	2367
120	2368
1039	2369
2382	2370
6486	2371
6786	2372
4365	2373
9037	2374
6701	2375
9125	2376
4963	2377
2674	2378
164	2379
7924	2380
3580	2381
8119	2382
6	2383
5440	2384
3719	2385
705	2386
9565	2387
5672	2388
7388	2389
954	2390
1421	2391
4981	2392
4402	2393
4689	2394
8486	2395
7580	2396
2316	2397
2270	2398
6921	2399
3742	2400
6268	2401
2136	2402
9235	2403
2440	2404
7991	2405
3978	2406
2469	2407
7121	2408
6136	2409
4215	2410
5452	2411
6085	2412
7961	2413
4184	2414
7155	2415
9282	2416
474	2417
4881	2418
7860	2419
659	2420
3825	2421
6067	2422
179	2423
4254	2424
7175	2425
10	2426
1166	2427
4307	2428
5263	2429
7944	2430
3056	2431
8988	2432
5153	2433
4155	2434
1705	2435
4135	2436
5116	2437
4	2438
2237	2439
7468	2440
9535	2441
8077	2442
7093	2443
3210	2444
7002	2445
5055	2446
7378	2447
7345	2448
1125	2449
4516	2450
4471	2451
4676	2452
1430	2453
5610	2454
4947	2455
6265	2456
5422	2457
4553	2458
7805	2459
3469	2460
213	2461
11	2462
1001	2463
1275	2464
2770	2465
1365	2466
1948	2467
1319	2468
1057	2469
7552	2470
2562	2471
6705	2472
6237	2473
6519	2474
55	2475
5011	2476
2393	2477
7119	2478
8779	2479
7003	2480
4919	2481
4874	2482
9733	2483
669	2484
2577	2485
1484	2486
8259	2487
1007	2488
9298	2489
7188	2490
4880	2491
6438	2492
1956	2493
7836	2494
5110	2495
5204	2496
9604	2497
7475	2498
890	2499
7587	2500
1976	2501
6837	2502
3800	2503
6529	2504
4548	2505
654	2506
1410	2507
8914	2508
3875	2509
8045	2510
3127	2511
9581	2512
6991	2513
8890	2514
4547	2515
2522	2516
5378	2517
1597	2518
7670	2519
9526	2520
5835	2521
2871	2522
5113	2523
5495	2524
8660	2525
7853	2526
8836	2527
4495	2528
8725	2529
7621	2530
1085	2531
2116	2532
6508	2533
5725	2534
8736	2535
34	2536
9324	2537
1753	2538
5230	2539
5701	2540
2814	2541
4410	2542
690	2543
5384	2544
7278	2545
8824	2546
9219	2547
4798	2548
53	2549
8809	2550
1144	2551
5218	2552
6404	2553
3642	2554
7896	2555
2811	2556
8107	2557
3107	2558
9260	2559
948	2560
4366	2561
9275	2562
910	2563
6627	2564
8886	2565
7236	2566
5133	2567
2058	2568
937	2569
1245	2570
2035	2571
918	2572
3747	2573
4384	2574
9258	2575
2045	2576
1034	2577
6639	2578
9720	2579
9245	2580
5283	2581
6326	2582
468	2583
3186	2584
674	2585
4930	2586
4870	2587
8381	2588
5696	2589
5457	2590
424	2591
819	2592
2235	2593
2676	2594
1293	2595
8115	2596
5690	2597
7579	2598
5402	2599
9284	2600
7349	2601
2901	2602
5434	2603
9140	2604
6433	2605
9686	2606
8411	2607
6382	2608
465	2609
1479	2610
5063	2611
8035	2612
4140	2613
6950	2614
3013	2615
2154	2616
410	2617
845	2618
8173	2619
7803	2620
7880	2621
7890	2622
8043	2623
8497	2624
2722	2625
7304	2626
7110	2627
5122	2628
6363	2629
8585	2630
189	2631
1792	2632
7807	2633
5594	2634
8699	2635
4482	2636
2301	2637
9198	2638
5224	2639
9673	2640
6864	2641
2668	2642
6851	2643
6693	2644
4180	2645
4158	2646
8663	2647
5801	2648
5769	2649
6853	2650
8272	2651
102	2652
9176	2653
4573	2654
9636	2655
2697	2656
5751	2657
3688	2658
773	2659
926	2660
927	2661
254	2662
2381	2663
6909	2664
1730	2665
63	2666
9353	2667
5330	2668
6279	2669
7565	2670
7253	2671
1210	2672
2193	2673
4954	2674
6578	2675
3279	2676
1600	2677
7952	2678
1670	2679
5604	2680
7914	2681
4935	2682
2680	2683
1858	2684
2726	2685
4381	2686
2825	2687
3907	2688
7245	2689
5083	2690
5118	2691
7948	2692
4338	2693
9084	2694
9606	2695
1694	2696
5360	2697
8409	2698
5913	2699
5710	2700
2186	2701
1148	2702
8029	2703
8719	2704
8887	2705
4529	2706
1665	2707
6727	2708
6247	2709
2139	2710
1777	2711
279	2712
1555	2713
4649	2714
7433	2715
9169	2716
6806	2717
7462	2718
5423	2719
2689	2720
482	2721
6719	2722
5888	2723
3272	2724
3964	2725
1019	2726
2852	2727
2457	2728
2999	2729
5244	2730
949	2731
682	2732
9096	2733
2307	2734
8571	2735
4188	2736
3880	2737
2054	2738
6687	2739
6464	2740
1784	2741
1089	2742
1464	2743
3348	2744
443	2745
2922	2746
2616	2747
6131	2748
4976	2749
5531	2750
7604	2751
7292	2752
5994	2753
9261	2754
214	2755
6057	2756
7802	2757
6620	2758
6663	2759
28	2760
4205	2761
3371	2762
5744	2763
3701	2764
4510	2765
5829	2766
2970	2767
3652	2768
1368	2769
8345	2770
3354	2771
9414	2772
808	2773
8896	2774
9193	2775
879	2776
3253	2777
1236	2778
6273	2779
4942	2780
8439	2781
5471	2782
4536	2783
3213	2784
2820	2785
9095	2786
1394	2787
7109	2788
653	2789
5859	2790
2273	2791
7472	2792
2822	2793
1918	2794
9370	2795
5753	2796
7706	2797
8468	2798
9525	2799
4139	2800
4478	2801
2292	2802
6105	2803
777	2804
7283	2805
7269	2806
3481	2807
9238	2808
5518	2809
7348	2810
5479	2811
9480	2812
3083	2813
1733	2814
3881	2815
6169	2816
2889	2817
7711	2818
6362	2819
1013	2820
5053	2821
7341	2822
5084	2823
3229	2824
3245	2825
3256	2826
8005	2827
1920	2828
9449	2829
9001	2830
5284	2831
6756	2832
1945	2833
1288	2834
266	2835
2474	2836
4417	2837
5923	2838
6843	2839
2573	2840
6118	2841
4194	2842
2465	2843
5385	2844
6474	2845
2149	2846
8219	2847
5695	2848
7083	2849
9318	2850
3777	2851
8262	2852
3043	2853
3927	2854
6866	2855
9563	2856
173	2857
479	2858
4350	2859
1835	2860
8349	2861
6165	2862
6472	2863
9211	2864
989	2865
2975	2866
4389	2867
1016	2868
1152	2869
394	2870
372	2871
1300	2872
1477	2873
1003	2874
1342	2875
1310	2876
4088	2877
8561	2878
2937	2879
4299	2880
5767	2881
6750	2882
1811	2883
8963	2884
7357	2885
7827	2886
93	2887
2887	2888
5285	2889
513	2890
5462	2891
8155	2892
8703	2893
18	2894
1572	2895
8611	2896
8833	2897
5796	2898
601	2899
5659	2900
2040	2901
9567	2902
6213	2903
6934	2904
8046	2905
155	2906
5308	2907
6670	2908
5366	2909
2678	2910
3737	2911
3040	2912
4200	2913
7280	2914
236	2915
3925	2916
64	2917
8064	2918
1943	2919
8369	2920
7074	2921
6498	2922
4783	2923
1246	2924
6405	2925
2501	2926
6383	2927
9402	2928
2983	2929
6570	2930
2487	2931
2625	2932
1963	2933
2179	2934
5272	2935
4632	2936
977	2937
3977	2938
9742	2939
836	2940
6421	2941
8511	2942
9322	2943
8160	2944
3386	2945
5946	2946
7687	2947
65	2948
251	2949
1547	2950
1845	2951
2049	2952
586	2953
5666	2954
8033	2955
2062	2956
119	2957
5516	2958
4710	2959
8605	2960
9003	2961
4134	2962
8799	2963
4876	2964
7815	2965
9366	2966
5335	2967
8533	2968
9382	2969
8297	2970
1178	2971
6340	2972
4660	2973
2207	2974
8196	2975
9118	2976
6569	2977
6752	2978
8420	2979
5896	2980
5059	2981
137	2982
6071	2983
3459	2984
7284	2985
8424	2986
7589	2987
8514	2988
4269	2989
5527	2990
5288	2991
228	2992
1795	2993
312	2994
4359	2995
485	2996
7032	2997
8228	2998
1812	2999
8088	3000
82	3001
48	3002
7982	3003
1497	3004
5924	3005
6690	3006
9055	3007
4866	3008
9113	3009
9137	3010
2862	3011
5447	3012
9139	3013
14	3014
4033	3015
8212	3016
1768	3017
9299	3018
5192	3019
319	3020
7535	3021
3411	3022
721	3023
4085	3024
2387	3025
3979	3026
3666	3027
3373	3028
2945	3029
191	3030
3079	3031
172	3032
762	3033
7913	3034
5158	3035
78	3036
5151	3037
6463	3038
8428	3039
5745	3040
9465	3041
7888	3042
6341	3043
6230	3044
4646	3045
7351	3046
4854	3047
1099	3048
8395	3049
8950	3050
9050	3051
1605	3052
4700	3053
7824	3054
6358	3055
70	3056
671	3057
66	3058
5762	3059
5373	3060
5934	3061
7514	3062
9533	3063
7564	3064
6041	3065
3545	3066
8394	3067
7766	3068
3879	3069
1982	3070
6711	3071
1930	3072
4851	3073
4633	3074
3027	3075
3046	3076
190	3077
191	3078
4401	3079
9015	3080
7334	3081
4210	3082
7134	3083
5782	3084
81	3085
9532	3086
8039	3087
2596	3088
8065	3089
4815	3090
7266	3091
3133	3092
7585	3093
597	3094
1675	3095
5678	3096
9202	3097
125	3098
2415	3099
8873	3100
3431	3101
7380	3102
85	3103
5799	3104
6553	3105
7931	3106
1856	3107
361	3108
4036	3109
415	3110
5005	3111
2076	3112
8400	3113
959	3114
1081	3115
3632	3116
8932	3117
6584	3118
5016	3119
1644	3120
4563	3121
9509	3122
529	3123
2361	3124
5504	3125
8610	3126
6152	3127
5137	3128
2459	3129
1654	3130
3665	3131
8847	3132
2233	3133
7999	3134
694	3135
8846	3136
5108	3137
613	3138
4805	3139
107	3140
3275	3141
3476	3142
3931	3143
2377	3144
3249	3145
9377	3146
8885	3147
8070	3148
4219	3149
7379	3150
1442	3151
2872	3152
8675	3153
8285	3154
396	3155
2734	3156
839	3157
9356	3158
9124	3159
2122	3160
6108	3161
8926	3162
8776	3163
992	3164
4314	3165
1816	3166
6706	3167
2831	3168
1111	3169
3081	3170
2530	3171
2529	3172
2013	3173
2433	3174
2659	3175
5764	3176
1088	3177
9512	3178
7501	3179
3116	3180
6197	3181
9625	3182
5688	3183
9537	3184
8109	3185
9524	3186
4565	3187
3268	3188
1539	3189
3986	3190
6595	3191
562	3192
7354	3193
5012	3194
6260	3195
2236	3196
666	3197
2338	3198
6376	3199
6518	3200
3416	3201
9240	3202
6398	3203
6232	3204
6857	3205
5409	3206
2909	3207
5920	3208
2951	3209
2449	3210
7223	3211
9570	3212
3137	3213
7881	3214
1412	3215
4044	3216
552	3217
7574	3218
4982	3219
8258	3220
82	3221
3980	3222
6943	3223
2977	3224
8330	3225
2173	3226
9528	3227
6019	3228
8787	3229
6505	3230
4226	3231
583	3232
6775	3233
5034	3234
1902	3235
2877	3236
3748	3237
159	3238
1074	3239
5579	3240
2844	3241
7879	3242
2798	3243
7390	3244
9461	3245
6667	3246
1061	3247
6861	3248
5901	3249
5098	3250
6959	3251
7871	3252
3353	3253
5234	3254
5656	3255
4343	3256
2618	3257
3673	3258
8274	3259
9029	3260
7221	3261
4279	3262
9047	3263
8382	3264
6355	3265
7183	3266
2388	3267
6465	3268
7010	3269
3787	3270
162	3271
2413	3272
358	3273
4262	3274
9608	3275
1271	3276
36	3277
188	3278
793	3279
6817	3280
4894	3281
4794	3282
6349	3283
9431	3284
123	3285
3891	3286
1770	3287
5838	3288
5912	3289
5136	3290
4839	3291
7453	3292
5792	3293
4905	3294
3103	3295
5057	3296
3074	3297
503	3298
3843	3299
1200	3300
1022	3301
4185	3302
35	3303
2621	3304
8148	3305
7940	3306
9076	3307
8474	3308
177	3309
7180	3310
8939	3311
6298	3312
1338	3313
7319	3314
7640	3315
4804	3316
7352	3317
2448	3318
6221	3319
4326	3320
5882	3321
1460	3322
5195	3323
108	3324
4032	3325
5030	3326
3310	3327
311	3328
9290	3329
7412	3330
5685	3331
7959	3332
2100	3333
9647	3334
8348	3335
6559	3336
2183	3337
5965	3338
4844	3339
4445	3340
7247	3341
4483	3342
2649	3343
3813	3344
6807	3345
4204	3346
6333	3347
7018	3348
842	3349
1626	3350
5441	3351
5091	3352
2868	3353
9361	3354
6175	3355
1666	3356
221	3357
6649	3358
469	3359
9467	3360
2575	3361
9091	3362
7215	3363
2724	3364
6956	3365
3637	3366
79	3367
3301	3368
7650	3369
861	3370
6634	3371
4440	3372
6845	3373
6127	3374
6114	3375
4797	3376
6408	3377
7323	3378
5427	3379
5511	3380
4429	3381
4825	3382
5382	3383
8722	3384
7374	3385
2639	3386
2692	3387
8129	3388
4950	3389
5881	3390
3728	3391
1568	3392
193	3393
7713	3394
752	3395
6710	3396
7811	3397
7989	3398
4340	3399
4087	3400
6287	3401
5354	3402
4901	3403
5871	3404
4539	3405
3468	3406
3150	3407
3760	3408
1529	3409
8419	3410
6834	3411
7006	3412
2572	3413
6444	3414
165	3415
3048	3416
4709	3417
3434	3418
122	3419
3815	3420
6255	3421
7244	3422
7	3423
3775	3424
7173	3425
224	3426
7760	3427
5533	3428
9291	3429
1995	3430
8582	3431
2406	3432
3590	3433
8421	3434
3565	3435
5451	3436
7120	3437
9287	3438
7992	3439
7277	3440
848	3441
170	3442
5024	3443
3585	3444
828	3445
1272	3446
7741	3447
1839	3448
8709	3449
7459	3450
2571	3451
5397	3452
6831	3453
2744	3454
4512	3455
45	3456
3677	3457
2389	3458
46	3459
9180	3460
9542	3461
508	3462
6579	3463
1641	3464
4736	3465
2033	3466
83	3467
5943	3468
2120	3469
2833	3470
1618	3471
6429	3472
9374	3473
3932	3474
8299	3475
6243	3476
9620	3477
6502	3478
3346	3479
5650	3480
3726	3481
6202	3482
3758	3483
6536	3484
7659	3485
6558	3486
3628	3487
5226	3488
9074	3489
2898	3490
8683	3491
7432	3492
3369	3493
9674	3494
3690	3495
6172	3496
657	3497
929	3498
4021	3499
5616	3500
2554	3501
1027	3502
2547	3503
2843	3504
9148	3505
1773	3506
1833	3507
8737	3508
1281	3509
5088	3510
2553	3511
2884	3512
3483	3513
5802	3514
57	3515
7174	3516
3606	3517
3047	3518
5791	3519
9334	3520
8606	3521
3960	3522
5376	3523
8544	3524
2290	3525
3095	3526
815	3527
9031	3528
470	3529
2662	3530
778	3531
2856	3532
7248	3533
4940	3534
3123	3535
7495	3536
2072	3537
3743	3538
1688	3539
2794	3540
4138	3541
7165	3542
8928	3543
9577	3544
106	3545
295	3546
4831	3547
5439	3548
1379	3549
7213	3550
7286	3551
6617	3552
16	3553
7984	3554
7098	3555
1947	3556
4585	3557
3543	3558
7538	3559
3011	3560
7669	3561
8440	3562
1959	3563
4159	3564
2929	3565
9310	3566
8613	3567
9128	3568
5867	3569
8072	3570
4906	3571
3940	3572
9292	3573
8346	3574
8174	3575
9186	3576
9545	3577
8641	3578
3721	3579
7752	3580
7398	3581
8999	3582
4355	3583
7405	3584
1414	3585
2263	3586
6441	3587
8261	3588
1787	3589
3493	3590
7684	3591
5515	3592
7107	3593
9046	3594
6142	3595
1359	3596
3822	3597
4953	3598
8944	3599
7271	3600
8370	3601
2141	3602
8662	3603
8713	3604
2858	3605
8769	3606
8209	3607
3026	3608
635	3609
2661	3610
3277	3611
9730	3612
2853	3613
3691	3614
3438	3615
9019	3616
4504	3617
2702	3618
6599	3619
6770	3620
7340	3621
9252	3622
42	3623
8008	3624
1686	3625
1826	3626
5717	3627
5071	3628
1351	3629
7480	3630
8164	3631
8801	3632
8620	3633
8192	3634
724	3635
2791	3636
5315	3637
4435	3638
114	3639
2545	3640
2698	3641
2404	3642
6005	3643
7979	3644
3582	3645
4168	3646
4748	3647
4868	3648
4746	3649
1462	3650
7470	3651
1012	3652
541	3653
8379	3654
5305	3655
9381	3656
5259	3657
1622	3658
1938	3659
5884	3660
1685	3661
5456	3662
8892	3663
6369	3664
6662	3665
9251	3666
7920	3667
7353	3668
3712	3669
7704	3670
1388	3671
290	3672
834	3673
1772	3674
956	3675
7168	3676
1049	3677
2250	3678
7060	3679
6516	3680
2658	3681
6640	3682
3267	3683
9495	3684
2084	3685
744	3686
2109	3687
1543	3688
4618	3689
5691	3690
4082	3691
4934	3692
9111	3693
9385	3694
3609	3695
189	3696
3474	3697
9579	3698
2918	3699
7178	3700
4817	3701
5007	3702
10	3703
7990	3704
3936	3705
5318	3706
9000	3707
8563	3708
2176	3709
4239	3710
3729	3711
2600	3712
5274	3713
2226	3714
2617	3715
9158	3716
6563	3717
9530	3718
7727	3719
6798	3720
681	3721
6054	3722
2847	3723
8901	3724
7793	3725
4281	3726
3323	3727
3110	3728
1354	3729
5390	3730
3699	3731
8702	3732
3689	3733
84	3734
9682	3735
641	3736
2283	3737
458	3738
3151	3739
9562	3740
3292	3741
3152	3742
514	3743
41	3744
3100	3745
7789	3746
6122	3747
5700	3748
6951	3749
5950	3750
1667	3751
5235	3752
689	3753
6446	3754
5006	3755
5537	3756
3477	3757
1754	3758
662	3759
15	3760
8359	3761
2769	3762
7601	3763
8249	3764
3453	3765
8639	3766
2493	3767
6887	3768
9411	3769
1809	3770
6467	3771
2766	3772
1084	3773
1871	3774
1017	3775
123	3776
2520	3777
7654	3778
6084	3779
5914	3780
5443	3781
6475	3782
5338	3783
8764	3784
6367	3785
3806	3786
4776	3787
6411	3788
2335	3789
6284	3790
4735	3791
9725	3792
2882	3793
5761	3794
2921	3795
916	3796
1908	3797
504	3798
76	3799
2000	3800
7163	3801
2271	3802
2920	3803
502	3804
616	3805
2908	3806
2876	3807
5092	3808
5290	3809
8446	3810
3295	3811
4552	3812
1532	3813
337	3814
149	3815
196	3816
5342	3817
5980	3818
3892	3819
2417	3820
9696	3821
1367	3822
7299	3823
1439	3824
8644	3825
582	3826
4111	3827
7733	3828
5206	3829
5408	3830
6027	3831
7046	3832
1455	3833
3200	3834
7289	3835
8852	3836
4378	3837
1244	3838
7435	3839
5004	3840
9305	3841
7399	3842
7965	3843
941	3844
7013	3845
5231	3846
6650	3847
9438	3848
1047	3849
8664	3850
1953	3851
8800	3852
4189	3853
3270	3854
8953	3855
3961	3856
3623	3857
1220	3858
5190	3859
5396	3860
2170	3861
5869	3862
8270	3863
5622	3864
5714	3865
9268	3866
975	3867
6958	3868
9040	3869
3370	3870
4341	3871
5595	3872
9143	3873
1298	3874
509	3875
1087	3876
5167	3877
7892	3878
9129	3879
1282	3880
7637	3881
7568	3882
3066	3883
412	3884
263	3885
9428	3886
2893	3887
4668	3888
8897	3889
2707	3890
8853	3891
6453	3892
6522	3893
6883	3894
2398	3895
854	3896
6878	3897
4148	3898
3071	3899
6700	3900
8878	3901
6299	3902
1969	3903
6632	3904
7875	3905
7786	3906
9006	3907
8134	3908
25	3909
6375	3910
1251	3911
2187	3912
7068	3913
5857	3914
936	3915
2478	3916
7588	3917
7080	3918
3187	3919
8551	3920
6607	3921
805	3922
4264	3923
4882	3924
7922	3925
7559	3926
2402	3927
1256	3928
5391	3929
6323	3930
7406	3931
1734	3932
3076	3933
4171	3934
98	3935
2103	3936
1253	3937
5220	3938
8437	3939
1077	3940
5488	3941
9215	3942
3661	3943
309	3944
6776	3945
1941	3946
7543	3947
9216	3948
7242	3949
5699	3950
2244	3951
5541	3952
7769	3953
6512	3954
5171	3955
4270	3956
9713	3957
6079	3958
9448	3959
5601	3960
1316	3961
89	3962
7300	3963
1321	3964
146	3965
2948	3966
5941	3967
8247	3968
4964	3969
2731	3970
9551	3971
6596	3972
3950	3973
7649	3974
1382	3975
5816	3976
7322	3977
2339	3978
892	3979
7503	3980
3141	3981
1915	3982
8830	3983
4229	3984
5868	3985
7227	3986
1302	3987
286	3988
5553	3989
743	3990
6748	3991
7126	3992
6686	3993
7953	3994
8052	3995
4775	3996
2091	3997
3615	3998
3233	3999
1693	4000
640	4001
9732	4002
4167	4003
7063	4004
7471	4005
8884	4006
377	4007
4477	4008
9387	4009
4441	4010
4687	4011
7748	4012
4399	4013
3644	4014
1276	4015
2976	4016
3627	4017
338	4018
1386	4019
786	4020
3243	4021
7742	4022
8339	4023
3260	4024
8908	4025
9417	4026
774	4027
8614	4028
6294	4029
5967	4030
7883	4031
4670	4032
9087	4033
8014	4034
3111	4035
6345	4036
8031	4037
535	4038
536	4039
4474	4040
2913	4041
2919	4042
1907	4043
2348	4044
4411	4045
414	4046
580	4047
6220	4048
6904	4049
8599	4050
6225	4051
594	4052
1222	4053
908	4054
772	4055
3328	4056
987	4057
4889	4058
1655	4059
293	4060
317	4061
321	4062
1297	4063
4027	4064
327	4065
334	4066
461	4067
6317	4068
675	4069
2933	4070
8223	4071
4640	4072
2957	4073
8004	4074
6379	4075
818	4076
1333	4077
2311	4078
5990	4079
2652	4080
3871	4081
431	4082
3898	4083
924	4084
416	4085
2993	4086
4514	4087
2117	4088
2194	4089
5780	4090
445	4091
7191	4092
2007	4093
4860	4094
3126	4095
5311	4096
1468	4097
7482	4098
792	4099
5828	4100
4581	4101
9136	4102
7620	4103
4068	4104
6572	4105
6993	4106
6919	4107
8121	4108
825	4109
4614	4110
584	4111
7804	4112
6811	4113
8358	4114
5580	4115
175	4116
104	4117
5399	4118
4484	4119
40	4120
198	4121
9641	4122
6877	4123
4300	4124
5741	4125
8862	4126
9609	4127
3000	4128
5577	4129
2357	4130
8894	4131
3817	4132
1863	4133
1870	4134
156	4135
7161	4136
2965	4137
5143	4138
171	4139
7401	4140
4652	4141
3631	4142
12	4143
5984	4144
5383	4145
8493	4146
5574	4147
3611	4148
6994	4149
7787	4150
8909	4151
8094	4152
6594	4153
4257	4154
9724	4155
1440	4156
4572	4157
7218	4158
3542	4159
9321	4160
7778	4161
9624	4162
130	4163
2073	4164
8793	4165
3945	4166
3413	4167
7693	4168
9213	4169
3537	4170
3761	4171
1620	4172
615	4173
4763	4174
7397	4175
5347	4176
3211	4177
5022	4178
1964	4179
2721	4180
7146	4181
7569	4182
938	4183
2576	4184
9731	4185
4716	4186
8629	4187
1577	4188
5806	4189
9314	4190
4773	4191
7885	4192
5942	4193
9697	4194
2074	4195
3608	4196
7691	4197
7034	4198
8674	4199
1987	4200
5583	4201
223	4202
2656	4203
4077	4204
8472	4205
7612	4206
230	4207
1280	4208
6948	4209
8229	4210
1183	4211
9694	4212
6336	4213
2489	4214
518	4215
9426	4216
8814	4217
5608	4218
7053	4219
7176	4220
5149	4221
3154	4222
2905	4223
55	4224
5070	4225
6692	4226
6646	4227
7964	4228
5686	4229
233	4230
2468	4231
9575	4232
633	4233
7627	4234
4024	4235
7876	4236
3389	4237
8480	4238
1836	4239
5680	4240
6899	4241
215	4242
1832	4243
2780	4244
7208	4245
2942	4246
3629	4247
7015	4248
7229	4249
4208	4250
8003	4251
5049	4252
7198	4253
3840	4254
2783	4255
7196	4256
7282	4257
1318	4258
4252	4259
8388	4260
213	4261
2343	4262
4887	4263
6462	4264
2932	4265
599	4266
715	4267
2903	4268
8015	4269
3786	4270
8780	4271
2222	4272
3616	4273
1173	4274
3858	4275
4028	4276
6256	4277
632	4278
4242	4279
5054	4280
8552	4281
7618	4282
7701	4283
4342	4284
3546	4285
2880	4286
5371	4287
7777	4288
7877	4289
6696	4290
5951	4291
4491	4292
4427	4293
8303	4294
2431	4295
6868	4296
3844	4297
8685	4298
544	4299
3613	4300
5357	4301
7730	4302
6060	4303
5041	4304
1536	4305
432	4306
5535	4307
3622	4308
3896	4309
153	4310
6488	4311
9450	4312
5917	4313
5172	4314
4354	4315
6914	4316
8900	4317
7100	4318
7130	4319
7251	4320
7007	4321
1289	4322
8646	4323
2883	4324
6015	4325
4453	4326
6975	4327
6353	4328
8877	4329
581	4330
1227	4331
1939	4332
484	4333
5674	4334
5996	4335
8517	4336
5787	4337
3156	4338
3675	4339
9446	4340
5732	4341
2159	4342
222	4343
1739	4344
1190	4345
207	4346
1720	4347
6804	4348
9121	4349
7792	4350
3008	4351
1725	4352
4809	4353
1966	4354
85	4355
8	4356
7545	4357
1352	4358
8024	4359
2436	4360
237	4361
3109	4362
5044	4363
400	4364
3238	4365
3560	4366
6531	4367
4579	4368
237	4369
7373	4370
8463	4371
9145	4372
4014	4373
7908	4374
4683	4375
2747	4376
3867	4377
6392	4378
5820	4379
7986	4380
9116	4381
6334	4382
6890	4383
401	4384
6045	4385
6226	4386
1041	4387
2260	4388
1528	4389
192	4390
8941	4391
1139	4392
5916	4393
2280	4394
1491	4395
3578	4396
3446	4397
59	4398
6430	4399
2980	4400
737	4401
3131	4402
1056	4403
9226	4404
4452	4405
5563	4406
2324	4407
2425	4408
9523	4409
185	4410
1607	4411
6365	4412
5682	4413
6995	4414
24	4415
9153	4416
2779	4417
7763	4418
8257	4419
2386	4420
7835	4421
6250	4422
8537	4423
5262	4424
2232	4425
1934	4426
1745	4427
7575	4428
8572	4429
1212	4430
6699	4431
522	4432
1904	4433
944	4434
8116	4435
8538	4436
4802	4437
50	4438
2763	4439
1161	4440
6669	4441
5198	4442
7483	4443
8968	4444
8355	4445
9277	4446
5216	4447
1861	4448
5388	4449
1763	4450
7719	4451
1961	4452
3885	4453
2713	4454
7717	4455
3017	4456
2512	4457
8332	4458
4311	4459
115	4460
32	4461
1315	4462
2881	4463
1500	4464
6111	4465
6823	4466
9059	4467
9375	4468
4890	4469
2673	4470
5603	4471
7339	4472
4628	4473
3304	4474
3119	4475
6583	4476
969	4477
8754	4478
8708	4479
4422	4480
4221	4481
7915	4482
4577	4483
4801	4484
5200	4485
2892	4486
9368	4487
6575	4488
9698	4489
86	4490
8622	4491
3158	4492
8487	4493
192	4494
6484	4495
4151	4496
209	4497
8429	4498
3886	4499
4095	4500
4731	4501
7082	4502
7492	4503
6338	4504
7075	4505
6372	4506
5160	4507
9012	4508
5010	4509
1717	4510
3067	4511
3108	4512
58	4513
6746	4514
3159	4515
29	4516
5489	4517
4323	4518
3668	4519
4260	4520
6517	4521
8151	4522
152	4523
7160	4524
9112	4525
17	4526
1405	4527
895	4528
3667	4529
9548	4530
357	4531
1195	4532
8244	4533
7371	4534
1857	4535
1147	4536
5405	4537
7365	4538
2297	4539
8756	4540
8321	4541
5850	4542
5522	4543
9616	4544
21	4545
6723	4546
6193	4547
5302	4548
6469	4549
2934	4550
1432	4551
8828	4552
1337	4553
6564	4554
6210	4555
1797	4556
7832	4557
9328	4558
3972	4559
5702	4560
6241	4561
232	4562
3179	4563
8938	4564
217	4565
7677	4566
1176	4567
6487	4568
7051	4569
7935	4570
1855	4571
3948	4572
3486	4573
8096	4574
4569	4575
9004	4576
6146	4577
3685	4578
4325	4579
1103	4580
8478	4581
560	4582
5021	4583
2158	4584
4488	4585
9704	4586
5573	4587
5587	4588
8721	4589
2257	4590
9622	4591
8922	4592
2368	4593
7957	4594
3246	4595
2816	4596
6949	4597
8188	4598
4655	4599
5726	4600
2089	4601
4145	4602
184	4603
9392	4604
7158	4605
8543	4606
9130	4607
3298	4608
2790	4609
6088	4610
6886	4611
9319	4612
7124	4613
8120	4614
185	4615
1892	4616
6310	4617
5972	4618
1801	4619
2030	4620
965	4621
4666	4622
6233	4623
3717	4624
4542	4625
7975	4626
8000	4627
3069	4628
2350	4629
7298	4630
7546	4631
8205	4632
7232	4633
2971	4634
4020	4635
1623	4636
8727	4637
866	4638
2132	4639
8956	4640
7038	4641
2265	4642
1422	4643
9483	4644
1082	4645
3016	4646
1259	4647
5843	4648
5356	4649
5786	4650
6801	4651
7938	4652
9241	4653
2204	4654
73	4655
1010	4656
4398	4657
8012	4658
741	4659
105	4660
3070	4661
6445	4662
755	4663
2718	4664
4023	4665
647	4666
4302	4667
7998	4668
2829	4669
6031	4670
473	4671
8216	4672
4425	4673
7808	4674
5064	4675
2180	4676
3316	4677
3698	4678
6418	4679
1425	4680
69	4681
8460	4682
7519	4683
9307	4684
7481	4685
593	4686
6796	4687
5546	4688
2805	4689
4745	4690
6740	4691
7261	4692
2792	4693
7181	4694
4749	4695
1261	4696
9357	4697
5047	4698
2092	4699
4363	4700
1262	4701
2318	4702
1469	4703
9691	4704
2135	4705
1314	4706
2264	4707
7331	4708
2373	4709
8456	4710
3367	4711
9242	4712
4556	4713
691	4714
7274	4715
9737	4716
7662	4717
1851	4718
4891	4719
4807	4720
2279	4721
995	4722
6231	4723
7370	4724
7904	4725
1706	4726
1132	4727
4996	4728
7055	4729
1295	4730
6870	4731
4258	4732
8525	4733
7460	4734
7255	4735
2630	4736
112	4737
6092	4738
655	4739
3765	4740
5945	4741
6125	4742
6004	4743
5722	4744
9498	4745
308	4746
134	4747
6609	4748
3595	4749
6774	4750
1143	4751
521	4752
7214	4753
9367	4754
6989	4755
489	4756
9613	4757
3842	4758
822	4759
5420	4760
7556	4761
742	4762
2495	4763
1718	4764
5849	4765
2720	4766
9082	4767
2648	4768
5421	4769
3989	4770
9311	4771
6042	4772
6735	4773
9419	4774
2761	4775
1426	4776
100	4777
3902	4778
6604	4779
728	4780
7667	4781
3161	4782
7631	4783
2701	4784
1519	4785
6869	4786
8482	4787
8256	4788
6722	4789
2205	4790
7518	4791
1064	4792
7265	4793
5564	4794
1635	4795
5039	4796
3873	4797
3224	4798
4739	4799
779	4800
2429	4801
9351	4802
9266	4803
3970	4804
3073	4805
8567	4806
7524	4807
3764	4808
4571	4809
6977	4810
8316	4811
8600	4812
5327	4813
98	4814
6238	4815
7806	4816
1474	4817
2666	4818
2663	4819
2169	4820
795	4821
7417	4822
6819	4823
553	4824
4432	4825
5117	4826
3969	4827
7408	4828
4938	4829
6659	4830
2912	4831
4213	4832
8455	4833
596	4834
5243	4835
135	4836
4116	4837
6657	4838
3184	4839
1535	4840
8596	4841
7393	4842
7167	4843
8990	4844
8057	4845
889	4846
4130	4847
5400	4848
1521	4849
2582	4850
1946	4851
5841	4852
9088	4853
600	4854
2163	4855
101	4856
739	4857
1741	4858
5822	4859
101	4860
579	4861
6254	4862
3406	4863
565	4864
87	4865
4554	4866
3132	4867
7864	4868
2566	4869
9684	4870
658	4871
5779	4872
1883	4873
5176	4874
3281	4875
5334	4876
1695	4877
5493	4878
3164	4879
4238	4880
140	4881
8682	4882
3794	4883
6436	4884
4706	4885
441	4886
2454	4887
117	4888
2289	4889
1433	4890
7919	4891
7798	4892
2567	4893
9337	4894
7113	4895
6515	4896
7337	4897
7507	4898
2113	4899
1233	4900
9362	4901
8501	4902
1719	4903
982	4904
8499	4905
1728	4906
661	4907
7537	4908
3669	4909
5349	4910
9435	4911
8694	4912
9623	4913
8827	4914
3060	4915
4164	4916
10	4917
4983	4918
8377	4919
859	4920
6073	4921
5135	4922
3227	4923
6440	4924
9615	4925
4803	4926
7157	4927
7576	4928
5788	4929
8083	4930
5261	4931
3929	4932
8308	4933
1453	4934
5736	4935
673	4936
7710	4937
5228	4938
4089	4939
6000	4940
2651	4941
8687	4942
519	4943
2181	4944
2053	4945
486	4946
781	4947
4524	4948
2786	4949
261	4950
3999	4951
6263	4952
4391	4953
422	4954
6872	4955
1651	4956
1	4957
7154	4958
893	4959
2383	4960
5436	4961
683	4962
8128	4963
7773	4964
3795	4965
9086	4966
3	4967
24	4968
1257	4969
6906	4970
3839	4971
8906	4972
9065	4973
6729	4974
3670	4975
3165	4976
6189	4977
1326	4978
2601	4979
4743	4980
5612	4981
8578	4982
2082	4983
8084	4984
1810	4985
4602	4986
7718	4987
9178	4988
2544	4989
4631	4990
3809	4991
4671	4992
7458	4993
4957	4994
4701	4995
5544	4996
5343	4997
369	4998
962	4999
528	5000
4506	5001
9600	5002
9141	5003
8621	5004
6998	5005
4766	5006
8217	5007
5716	5008
2906	5009
4431	5010
4113	5011
7795	5012
9662	5013
2320	5014
2453	5015
9032	5016
7542	5017
215	5018
1837	5019
146	5020
7525	5021
5663	5022
5562	5023
3226	5024
5540	5025
6739	5026
9521	5027
7602	5028
6236	5029
9077	5030
1498	5031
6854	5032
3897	5033
1217	5034
2812	5035
7966	5036
5904	5037
2123	5038
8280	5039
6835	5040
4	5041
4900	5042
7512	5043
7584	5044
4697	5045
496	5046
9297	5047
4829	5048
5989	5049
467	5050
4183	5051
5431	5052
4465	5053
1228	5054
6922	5055
4842	5056
5419	5057
7910	5058
2209	5059
6026	5060
471	5061
6402	5062
2326	5063
4641	5064
5292	5065
9491	5066
7591	5067
1340	5068
5858	5069
807	5070
6704	5071
2737	5072
9063	5073
6420	5074
4186	5075
1779	5076
2203	5077
1283	5078
8740	5079
6665	5080
3769	5081
1437	5082
8753	5083
6808	5084
7395	5085
4090	5086
1339	5087
4956	5088
8415	5089
6986	5090
5107	5091
8583	5092
5322	5093
3828	5094
7133	5095
3235	5096
3829	5097
3895	5098
8923	5099
6668	5100
3315	5101
8325	5102
49	5103
3521	5104
2227	5105
5472	5106
642	5107
6954	5108
4414	5109
512	5110
955	5111
8056	5112
7394	5113
1203	5114
9550	5115
1674	5116
2302	5117
1229	5118
2346	5119
6037	5120
3504	5121
5156	5122
6566	5123
5993	5124
264	5125
2787	5126
1172	5127
6552	5128
9716	5129
2044	5130
1650	5131
8679	5132
9303	5133
3289	5134
8063	5135
3535	5136
3428	5137
8288	5138
1885	5139
5642	5140
297	5141
359	5142
8037	5143
8835	5144
5115	5145
8470	5146
4622	5147
6849	5148
9655	5149
5615	5150
2614	5151
1187	5152
7311	5153
365	5154
368	5155
413	5156
7065	5157
158	5158
7554	5159
6228	5160
5918	5161
3319	5162
1114	5163
95	5164
4318	5165
9255	5166
2201	5167
1660	5168
8966	5169
402	5170
9632	5171
1374	5172
1456	5173
2305	5174
8815	5175
448	5176
5410	5177
9225	5178
6049	5179
5655	5180
9471	5181
7826	5182
9660	5183
923	5184
961	5185
1712	5186
1617	5187
3774	5188
5565	5189
1888	5190
835	5191
1443	5192
6143	5193
2477	5194
7028	5195
2328	5196
4133	5197
9456	5198
3464	5199
4310	5200
4287	5201
8502	5202
9571	5203
2589	5204
2939	5205
4247	5206
8967	5207
6982	5208
880	5209
4738	5210
5336	5211
7597	5212
4243	5213
7685	5214
5152	5215
7994	5216
6881	5217
3412	5218
4619	5219
3407	5220
2231	5221
8661	5222
8445	5223
1446	5224
2599	5225
4129	5226
2537	5227
2288	5228
2272	5229
618	5230
7615	5231
256	5232
2557	5233
8535	5234
46	5235
9472	5236
6303	5237
8021	5238
4509	5239
1025	5240
8895	5241
6156	5242
9033	5243
3569	5244
5620	5245
979	5246
6332	5247
2182	5248
2615	5249
9068	5250
3581	5251
2411	5252
9418	5253
4149	5254
3874	5255
711	5256
232	5257
5254	5258
5442	5259
4993	5260
8541	5261
8397	5262
6942	5263
8919	5264
4824	5265
140	5266
8252	5267
3157	5268
4312	5269
4061	5270
4444	5271
3094	5272
8542	5273
8427	5274
7683	5275
201	5276
7850	5277
809	5278
3802	5279
7822	5280
225	5281
649	5282
1105	5283
884	5284
1149	5285
1158	5286
330	5287
1445	5288
1023	5289
2657	5290
404	5291
660	5292
3551	5293
5087	5294
466	5295
1306	5296
2563	5297
2332	5298
8176	5299
8282	5300
7779	5301
8402	5302
1896	5303
1905	5304
1913	5305
3205	5306
1906	5307
1911	5308
1910	5309
603	5310
4126	5311
2610	5312
2075	5313
342	5314
3351	5315
362	5316
1372	5317
1225	5318
5684	5319
5492	5320
2291	5321
712	5322
1360	5323
8837	5324
318	5325
2475	5326
1854	5327
1164	5328
590	5329
775	5330
1951	5331
1156	5332
1875	5333
360	5334
909	5335
304	5336
670	5337
314	5338
499	5339
3915	5340
946	5341
2022	5342
1031	5343
7810	5344
322	5345
329	5346
1160	5347
2282	5348
323	5349
826	5350
2208	5351
6490	5352
1150	5353
1578	5354
1582	5355
1587	5356
1586	5357
1594	5358
692	5359
2916	5360
6534	5361
1909	5362
1762	5363
6384	5364
5763	5365
1028	5366
6810	5367
1481	5368
4304	5369
7478	5370
2585	5371
3342	5372
4937	5373
177	5374
2267	5375
4782	5376
3583	5377
2483	5378
8498	5379
217	5380
9460	5381
3772	5382
3733	5383
4752	5384
2524	5385
9621	5386
13	5387
116	5388
3854	5389
6920	5390
4847	5391
7699	5392
2167	5393
6757	5394
550	5395
7359	5396
6527	5397
4606	5398
344	5399
391	5400
9505	5401
8559	5402
4193	5403
9154	5404
2736	5405
5502	5406
8845	5407
3185	5408
2345	5409
8648	5410
4316	5411
1589	5412
3784	5413
915	5414
4379	5415
1435	5416
1417	5417
9678	5418
4988	5419
4063	5420
2157	5421
9363	5422
887	5423
5214	5424
2849	5425
8007	5426
2002	5427
5208	5428
7197	5429
8812	5430
2249	5431
6276	5432
4728	5433
6605	5434
9223	5435
7838	5436
4657	5437
345	5438
7951	5439
2009	5440
4070	5441
4405	5442
8484	5443
2874	5444
3884	5445
2239	5446
8893	5447
104	5448
9726	5449
1201	5450
8765	5451
9217	5452
981	5453
4249	5454
195	5455
2587	5456
5908	5457
8770	5458
3458	5459
9702	5460
8187	5461
5937	5462
8193	5463
2690	5464
8331	5465
5906	5466
2174	5467
3490	5468
93	5469
8822	5470
8059	5471
986	5472
7350	5473
5687	5474
118	5475
1604	5476
4320	5477
4480	5478
1284	5479
6772	5480
8527	5481
7427	5482
6673	5483
5781	5484
1781	5485
1611	5486
160	5487
90	5488
1196	5489
4558	5490
1531	5491
9397	5492
3294	5493
4599	5494
5593	5495
97	5496
5657	5497
906	5498
4832	5499
9192	5500
3415	5501
2304	5502
2570	5503
5309	5504
1673	5505
6393	5506
182	5507
1060	5508
6734	5509
4369	5510
2711	5511
1332	5512
4997	5513
2955	5514
5281	5515
7402	5516
379	5517
2437	5518
7679	5519
8937	5520
6378	5521
6590	5522
5416	5523
328	5524
1466	5525
7608	5526
370	5527
4286	5528
61	5529
9391	5530
8821	5531
4791	5532
4228	5533
6715	5534
8485	5535
8036	5536
3166	5537
703	5538
6876	5539
6047	5540
8157	5541
872	5542
2385	5543
4321	5544
5485	5545
2266	5546
1974	5547
9167	5548
6182	5549
9253	5550
6087	5551
9270	5552
180	5553
6483	5554
1612	5555
9405	5556
9209	5557
1729	5558
9207	5559
6187	5560
1697	5561
9306	5562
5446	5563
7464	5564
54	5565
5936	5566
704	5567
7416	5568
3620	5569
6264	5570
3944	5571
307	5572
2065	5573
4263	5574
7551	5575
4008	5576
1136	5577
4267	5578
7561	5579
4248	5580
8819	5581
7963	5582
9729	5583
8518	5584
2017	5585
1109	5586
7726	5587
7771	5588
3115	5589
3059	5590
2085	5591
1884	5592
2356	5593
1653	5594
3451	5595
1814	5596
8183	5597
1553	5598
8711	5599
4994	5600
3574	5601
7087	5602
3355	5603
6969	5604
6554	5605
7557	5606
9437	5607
4970	5608
5251	5609
3707	5610
2048	5611
8935	5612
6698	5613
4564	5614
5236	5615
109	5616
8715	5617
8125	5618
1800	5619
7212	5620
700	5621
6304	5622
5826	5623
4154	5624
4332	5625
6542	5626
5975	5627
9547	5628
3924	5629
52	5630
1296	5631
130	5632
5910	5633
3782	5634
8022	5635
5085	5636
8477	5637
7560	5638
3762	5639
2462	5640
5821	5641
5077	5642
5555	5643
6437	5644
2861	5645
6194	5646
3730	5647
3861	5648
7772	5649
3080	5650
3561	5651
5961	5652
3193	5653
1799	5654
7765	5655
8087	5656
7324	5657
3517	5658
9254	5659
9499	5660
1614	5661
3757	5662
3010	5663
8275	5664
6509	5665
1732	5666
2161	5667
7318	5668
1700	5669
6678	5670
8386	5671
2699	5672
3941	5673
8276	5674
2749	5675
5112	5676
7436	5677
5271	5678
9685	5679
5768	5680
5907	5681
301	5682
7315	5683
4793	5684
4416	5685
187	5686
7668	5687
8122	5688
6161	5689
2931	5690
8066	5691
6416	5692
2342	5693
3395	5694
6830	5695
2764	5696
9514	5697
8315	5698
5729	5699
7275	5700
6587	5701
214	5702
3849	5703
5165	5704
71	5705
4261	5706
78	5707
5314	5708
4696	5709
6451	5710
7225	5711
1305	5712
727	5713
6456	5714
5877	5715
1516	5716
8027	5717
2019	5718
1151	5719
4989	5720
5508	5721
656	5722
3124	5723
2540	5724
1994	5725
1749	5726
843	5727
5949	5728
4071	5729
8994	5730
8710	5731
6593	5732
4848	5733
3334	5734
1133	5735
6924	5736
8106	5737
9034	5738
4744	5739
207	5740
6322	5741
3237	5742
241	5743
2598	5744
5164	5745
5505	5746
9134	5747
8912	5748
2667	5749
9039	5750
8465	5751
4275	5752
250	5753
6361	5754
695	5755
7425	5756
2771	5757
6419	5758
1891	5759
1115	5760
1638	5761
6720	5762
1063	5763
2855	5764
2247	5765
1371	5766
5995	5767
8237	5768
6571	5769
5750	5770
6829	5771
676	5772
3679	5773
8073	5774
4707	5775
4271	5776
8568	5777
1291	5778
3571	5779
8808	5780
617	5781
4856	5782
9430	5783
7465	5784
9208	5785
1807	5786
7533	5787
983	5788
7043	5789
152	5790
5197	5791
9340	5792
455	5793
4054	5794
2866	5795
9133	5796
2609	5797
4570	5798
6120	5799
7036	5800
3063	5801
4699	5802
9592	5803
3003	5804
9206	5805
7962	5806
2568	5807
5304	5808
3981	5809
9199	5810
7594	5811
1452	5812
3860	5813
8313	5814
2438	5815
7439	5816
1746	5817
7630	5818
30	5819
7210	5820
8826	5821
60	5822
9422	5823
9658	5824
2416	5825
4268	5826
2131	5827
1361	5828
7095	5829
3848	5830
2128	5831
9744	5832
8850	5833
6628	5834
1075	5835
9327	5836
2410	5837
1252	5838
1260	5839
3335	5840
2394	5841
1889	5842
1181	5843
17	5844
4078	5845
8143	5846
6836	5847
4380	5848
2177	5849
8376	5850
2245	5851
3783	5852
7639	5853
4635	5854
7205	5855
2885	5856
3920	5857
103	5858
7755	5859
9507	5860
6259	5861
6359	5862
8350	5863
5368	5864
1434	5865
2636	5866
8805	5867
4109	5868
3694	5869
5282	5870
3244	5871
4684	5872
2510	5873
5095	5874
5568	5875
3408	5876
325	5877
8924	5878
6443	5879
19	5880
1241	5881
223	5882
1985	5883
7127	5884
2949	5885
8577	5886
1375	5887
4546	5888
566	5889
9345	5890
9635	5891
3023	5892
3736	5893
3336	5894
6116	5895
3974	5896
9699	5897
7490	5898
7862	5899
2025	5900
5668	5901
8642	5902
9583	5903
5081	5904
9155	5905
2198	5906
9728	5907
4198	5908
1632	5909
2987	5910
6816	5911
5229	5912
2351	5913
9175	5914
7825	5915
2867	5916
114	5917
5731	5918
9544	5919
8588	5920
4203	5921
4532	5922
8976	5923
6894	5924
6098	5925
2196	5926
8102	5927
4106	5928
1104	5929
7451	5930
7241	5931
5521	5932
8311	5933
2061	5934
5474	5935
1391	5936
8773	5937
4503	5938
200	5939
7389	5940
3826	5941
1095	5942
7329	5943
7009	5944
1899	5945
5783	5946
6039	5947
4317	5948
1413	5949
2286	5950
7828	5951
8782	5952
8825	5953
5414	5954
6132	5955
9649	5956
60	5957
782	5958
6258	5959
6824	5960
1840	5961
8383	5962
7861	5963
3038	5964
882	5965
7831	5966
5798	5967
9445	5968
8327	5969
4732	5970
2491	5971
2070	5972
5865	5973
2565	5974
1086	5975
3112	5976
5398	5977
1356	5978
4473	5979
2758	5980
68	5981
3589	5982
1637	5983
1171	5984
717	5985
8294	5986
5863	5987
8929	5988
7739	5989
4376	5990
8564	5991
4984	5992
2068	5993
974	5994
520	5995
5404	5996
8829	5997
4601	5998
4777	5999
5571	6000
8034	6001
2517	6002
5240	6003
2765	6004
8630	6005
4436	6006
8615	6007
9331	6008
5175	6009
7177	6010
2838	6011
8603	6012
1463	6013
1897	6014
6171	6015
9188	6016
7738	6017
3793	6018
4531	6019
7846	6020
8523	6021
3598	6022
609	6023
9165	6024
5897	6025
3987	6026
1169	6027
4486	6028
3332	6029
8368	6030
3512	6031
2041	6032
3029	6033
1647	6034
7721	6035
91	6036
4885	6037
3702	6038
6738	6039
6562	6040
3232	6041
7698	6042
168	6043
8838	6044
4439	6045
7001	6046
4522	6047
7607	6048
6089	6049
9335	6050
1224	6051
6736	6052
5613	6053
3181	6054
9179	6055
6457	6056
2042	6057
1663	6058
4490	6059
5598	6060
896	6061
1527	6062
6476	6063
1325	6064
7301	6065
5848	6066
5364	6067
3811	6068
1518	6069
4297	6070
6812	6071
5844	6072
8781	6073
865	6074
7437	6075
1024	6076
1509	6077
9629	6078
6282	6079
7187	6080
8448	6081
8680	6082
3781	6083
5789	6084
3831	6085
3349	6086
857	6087
4467	6088
2548	6089
5895	6090
1343	6091
547	6092
8676	6093
8406	6094
1471	6095
7079	6096
4725	6097
497	6098
6300	6099
6423	6100
4086	6101
5045	6102
5909	6103
9283	6104
796	6105
2467	6106
8579	6107
9645	6108
4723	6109
9735	6110
2796	6111
1765	6112
8361	6113
4348	6114
8062	6115
2710	6116
1668	6117
4661	6118
1042	6119
61	6120
31	6121
570	6122
9444	6123
4356	6124
6879	6125
1301	6126
2505	6127
604	6128
37	6129
6040	6130
3626	6131
3780	6132
9349	6133
6038	6134
9061	6135
96	6136
643	6137
2083	6138
3859	6139
2996	6140
2818	6141
1232	6142
4443	6143
4408	6144
7343	6145
4256	6146
219	6147
588	6148
7610	6149
4199	6150
3942	6151
6123	6152
1154	6153
6227	6154
6880	6155
8871	6156
8338	6157
3189	6158
5367	6159
9572	6160
9119	6161
3085	6162
9174	6163
9146	6164
6946	6165
5417	6166
452	6167
8902	6168
1757	6169
4206	6170
6660	6171
4762	6172
1972	6173
5173	6174
1235	6175
7203	6176
8907	6177
15	6178
3910	6179
2370	6180
4039	6181
5114	6182
5132	6183
8268	6184
5635	6185
3495	6186
3672	6187
2776	6188
8985	6189
6967	6190
8917	6191
4823	6192
7404	6193
4313	6194
7125	6195
6497	6196
4645	6197
5123	6198
8206	6199
1335	6200
7104	6201
3375	6202
6185	6203
490	6204
3559	6205
209	6206
1710	6207
3093	6208
8150	6209
2488	6210
6424	6211
6874	6212
1274	6213
5267	6214
4607	6215
2879	6216
5803	6217
73	6218
8092	6219
5127	6220
2941	6221
8312	6222
8473	6223
1563	6224
5031	6225
2071	6226
2230	6227
5323	6228
5344	6229
9496	6230
4306	6231
3682	6232
6033	6233
510	6234
2206	6235
355	6236
128	6237
8085	6238
8305	6239
3363	6240
6631	6241
5247	6242
8881	6243
5266	6244
71	6245
6630	6246
1721	6247
7493	6248
4392	6249
4290	6250
8792	6251
1898	6252
2754	6253
6503	6254
2155	6255
6072	6256
3312	6257
1117	6258
7473	6259
1636	6260
9257	6261
4104	6262
2215	6263
4227	6264
268	6265
5138	6266
1472	6267
7294	6268
8317	6269
5852	6270
1933	6271
5209	6272
2626	6273
1189	6274
7268	6275
3362	6276
7606	6277
8813	6278
9503	6279
801	6280
5124	6281
645	6282
4065	6283
4456	6284
1819	6285
2789	6286
3194	6287
8899	6288
4534	6289
7689	6290
736	6291
65	6292
3400	6293
3906	6294
3478	6295
6803	6296
11	6297
5449	6298
9231	6299
4613	6300
1238	6301
6642	6302
2418	6303
2259	6304
6	6305
1381	6306
638	6307
4978	6308
5558	6309
247	6310
227	6311
6347	6312
1627	6313
4799	6314
1829	6315
5523	6316
6025	6317
4040	6318
6139	6319
2714	6320
2670	6321
7455	6322
6588	6323
8691	6324
2409	6325
847	6326
6980	6327
1355	6328
7894	6329
1778	6330
6449	6331
1369	6332
3	6333
9149	6334
3533	6335
7033	6336
8700	6337
6789	6338
3125	6339
7042	6340
3207	6341
4541	6342
1937	6343
1135	6344
3576	6345
7506	6346
6489	6347
4346	6348
789	6349
353	6350
5958	6351
1731	6352
799	6353
7159	6354
4049	6355
6417	6356
3465	6357
4654	6358
7456	6359
5713	6360
1465	6361
6612	6362
9569	6363
598	6364
5162	6365
6971	6366
4587	6367
9504	6368
5651	6369
125	6370
5466	6371
6525	6372
1702	6373
4718	6374
4595	6375
5361	6376
9267	6377
1601	6378
1973	6379
2218	6380
2396	6381
1952	6382
9459	6383
3663	6384
4362	6385
3266	6386
8701	6387
4322	6388
7105	6389
1393	6390
8060	6391
6048	6392
5157	6393
9038	6394
1893	6395
6283	6396
5125	6397
7749	6398
9122	6399
9201	6400
5078	6401
7839	6402
3917	6403
1834	6404
8677	6405
1878	6406
9659	6407
3390	6408
6459	6409
1427	6410
3766	6411
9654	6412
1502	6413
9574	6414
3955	6415
3482	6416
6368	6417
3837	6418
624	6419
5962	6420
3338	6421
6791	6422
6328	6423
6180	6424
555	6425
5861	6426
9042	6427
9640	6428
6160	6429
6129	6430
4191	6431
7117	6432
5159	6433
6992	6434
4675	6435
4929	6436
573	6437
3967	6438
7573	6439
8458	6440
1106	6441
9688	6442
8318	6443
1475	6444
903	6445
9406	6446
169	6447
5771	6448
2240	6449
6301	6450
5094	6451
7996	6452
7540	6453
4469	6454
6928	6455
206	6456
4160	6457
5448	6458
1458	6459
2528	6460
2063	6461
4309	6462
557	6463
2532	6464
7874	6465
9714	6466
3947	6467
5561	6468
1986	6469
94	6470
3968	6471
5569	6472
1285	6473
8013	6474
8175	6475
5317	6476
1287	6477
523	6478
4112	6479
7366	6480
9638	6481
5971	6482
8574	6483
1035	6484
7363	6485
8977	6486
8030	6487
1180	6488
5223	6489
3558	6490
235	6491
9665	6492
7123	6493
6344	6494
1512	6495
2375	6496
1107	6497
7246	6498
5524	6499
1327	6500
2102	6501
7634	6502
5212	6503
2303	6504
5387	6505
3168	6506
9424	6507
2543	6508
7872	6509
3750	6510
2597	6511
994	6512
7164	6513
6370	6514
4073	6515
2738	6516
90	6517
9172	6518
6335	6519
3139	6520
26	6521
7026	6522
8171	6523
2558	6524
9693	6525
3113	6526
3487	6527
9132	6528
464	6529
8786	6530
2255	6531
8167	6532
7632	6533
766	6534
6697	6535
1102	6536
3878	6537
62	6538
1756	6539
950	6540
585	6541
4079	6542
7151	6543
9643	6544
2414	6545
2050	6546
947	6547
4383	6548
3006	6549
6356	6550
411	6551
8018	6552
5992	6553
67	6554
1362	6555
574	6556
7314	6557
5276	6558
3804	6559
5549	6560
7073	6561
3657	6562
7058	6563
8823	6564
6848	6565
2700	6566
8673	6567
4551	6568
5003	6569
3274	6570
87	6571
3870	6572
9364	6573
5581	6574
696	6575
9289	6576
6730	6577
1120	6578
3021	6579
2665	6580
7375	6581
4992	6582
7893	6583
8357	6584
9105	6585
3376	6586
7844	6587
8099	6588
1004	6589
6532	6590
2653	6591
29	6592
7496	6593
3261	6594
5463	6595
288	6596
4944	6597
9612	6598
1397	6599
7141	6600
6397	6601
5623	6602
3250	6603
275	6604
4232	6605
75	6606
6544	6607
7847	6608
9315	6609
3862	6610
3939	6611
367	6612
6840	6613
898	6614
2539	6615
5217	6616
4925	6617
403	6618
4492	6619
8131	6620
3643	6621
7424	6622
7044	6623
6177	6624
9239	6625
7921	6626
81	6627
7665	6628
5830	6629
2032	6630
592	6631
8576	6632
6110	6633
8074	6634
4152	6635
8768	6636
6155	6637
3498	6638
9485	6639
262	6640
2819	6641
1188	6642
1780	6643
5611	6644
8653	6645
9052	6646
3810	6647
2490	6648
7150	6649
8617	6650
2850	6651
1639	6652
8098	6653
3617	6654
1124	6655
5321	6656
1112	6657
9090	6658
4101	6659
1211	6660
5634	6661
9466	6662
220	6663
91	6664
1843	6665
6708	6666
163	6667
1574	6668
1579	6669
1592	6670
8132	6671
1573	6672
5329	6673
339	6674
2836	6675
6778	6676
7273	6677
8417	6678
7856	6679
4333	6680
3494	6681
5455	6682
8095	6683
7887	6684
7477	6685
687	6686
8529	6687
326	6688
5073	6689
4869	6690
5860	6691
7382	6692
6153	6693
427	6694
3414	6695
524	6696
4899	6697
2846	6698
608	6699
1163	6700
6892	6701
6288	6702
9389	6703
1113	6704
3893	6705
2354	6706
12	6707
8880	6708
4224	6709
2959	6710
6174	6711
347	6712
7651	6713
5029	6714
6195	6715
3448	6716
6403	6717
4048	6718
3708	6719
6681	6720
9010	6721
1862	6722
6352	6723
719	6724
4841	6725
2940	6726
5249	6727
5746	6728
1240	6729
6144	6730
4030	6731
753	6732
4597	6733
9237	6734
124	6735
7511	6736
182	6737
418	6738
1119	6739
511	6740
2455	6741
6278	6742
6134	6743
4806	6744
3923	6745
5295	6746
8665	6747
5296	6748
9352	6749
3259	6750
9501	6751
4434	6752
1378	6753
3624	6754
4255	6755
4009	6756
4335	6757
4715	6758
1267	6759
4358	6760
6972	6761
18	6762
1416	6763
6795	6764
7287	6765
2066	6766
5035	6767
8184	6768
3556	6769
6506	6770
4933	6771
72	6772
8154	6773
3646	6774
8163	6775
2967	6776
4372	6777
406	6778
4047	6779
7035	6780
9053	6781
3055	6782
958	6783
1420	6784
1890	6785
1380	6786
64	6787
1051	6788
6496	6789
5970	6790
1672	6791
2363	6792
5576	6793
4903	6794
3473	6795
2137	6796
2637	6797
2623	6798
2225	6799
858	6800
3149	6801
9355	6802
6077	6803
8982	6804
2795	6805
2785	6806
8180	6807
4589	6808
5969	6809
1520	6810
1398	6811
9568	6812
5134	6813
3836	6814
6028	6815
1658	6816
1073	6817
7440	6818
5805	6819
3496	6820
9269	6821
7064	6822
3019	6823
1525	6824
7686	6825
2655	6826
2254	6827
9468	6828
6164	6829
7774	6830
9427	6831
9719	6832
731	6833
9727	6834
7193	6835
5900	6836
5348	6837
2148	6838
4169	6839
4865	6840
5363	6841
3471	6842
6020	6843
2256	6844
6979	6845
9576	6846
3240	6847
1940	6848
5662	6849
7023	6850
5177	6851
5046	6852
912	6853
1575	6854
1798	6855
2223	6856
1696	6857
6190	6858
5572	6859
2954	6860
2315	6861
4688	6862
7690	6863
6348	6864
1153	6865
1159	6866
320	6867
2024	6868
2026	6869
1385	6870
6493	6871
8581	6872
6296	6873
5948	6874
3845	6875
1879	6876
8505	6877
3658	6878
1591	6879
271	6880
2441	6881
5894	6882
8965	6883
6267	6884
4123	6885
7541	6886
7652	6887
7820	6888
770	6889
371	6890
672	6891
8277	6892
8913	6893
6119	6894
5100	6895
7391	6896
3077	6897
8718	6898
4250	6899
3143	6900
3713	6901
2168	6902
5183	6903
3618	6904
8925	6905
2499	6906
602	6907
8795	6908
4857	6909
8565	6910
3121	6911
3601	6912
8859	6913
1389	6914
9409	6915
302	6916
5988	6917
2777	6918
3527	6919
816	6920
8177	6921
7400	6922
9715	6923
841	6924
9022	6925
1218	6926
2142	6927
7474	6928
9700	6929
7086	6930
1344	6931
8434	6932
9274	6933
4780	6934
6428	6935
43	6936
475	6937
9104	6938
6163	6939
4923	6940
4883	6941
6133	6942
3710	6943
44	6944
2864	6945
6547	6946
5932	6947
2434	6948
8170	6949
5606	6950
2723	6951
4396	6952
4045	6953
393	6954
4591	6955
8831	6956
3377	6957
4653	6958
6622	6959
5222	6960
9601	6961
8598	6962
6912	6963
5	6964
9221	6965
3037	6966
6198	6967
269	6968
928	6969
1030	6970
480	6971
2550	6972
7235	6973
187	6974
3410	6975
7360	6976
9413	6977
5460	6978
8372	6979
7611	6980
9309	6981
7743	6982
6782	6983
1097	6984
6097	6985
569	6986
5880	6987
5193	6988
820	6989
2848	6990
5550	6991
7955	6992
1681	6993
216	6994
8195	6995
2473	6996
1944	6997
8866	6998
4278	6999
1483	7000
5902	7001
8049	7002
8232	7003
2693	7004
6792	7005
4218	7006
4789	7007
6327	7008
6809	7009
9596	7010
74	7011
7848	7012
3982	7013
549	7014
5812	7015
685	7016
837	7017
7852	7018
145	7019
8672	7020
1118	7021
238	7022
8918	7023
4975	7024
2446	7025
7547	7026
6014	7027
8225	7028
1877	7029
7194	7030
3715	7031
8265	7032
221	7033
5038	7034
5062	7035
1571	7036
6915	7037
2748	7038
6815	7039
6957	7040
1738	7041
433	7042
2712	7043
534	7044
1185	7045
951	7046
8649	7047
4217	7048
4651	7049
8235	7050
3797	7051
4005	7052
1021	7053
74	7054
5892	7055
9723	7056
2556	7057
4779	7058
1924	7059
2500	7060
7461	7061
3284	7062
5981	7063
3630	7064
7118	7065
4616	7066
3308	7067
2334	7068
48	7069
8842	7070
1309	7071
1396	7072
5818	7073
1996	7074
7678	7075
4034	7076
9014	7077
150	7078
8595	7079
8558	7080
2147	7081
5773	7082
8352	7083
5846	7084
6093	7085
4011	7086
1803	7087
7048	7088
5293	7089
7837	7090
6543	7091
4067	7092
9281	7093
911	7094
150	7095
1914	7096
7812	7097
5048	7098
6910	7099
8469	7100
5331	7101
554	7102
7866	7103
494	7104
8785	7105
438	7106
6342	7107
9182	7108
3928	7109
4015	7110
3639	7111
324	7112
3605	7113
5712	7114
7090	7115
6422	7116
6709	7117
4450	7118
1830	7119
1602	7120
8251	7121
6270	7122
8744	7123
7209	7124
5140	7125
1069	7126
2412	7127
2759	7128
963	7129
5494	7130
7101	7131
4099	7132
4682	7133
680	7134
4734	7135
3788	7136
6056	7137
3122	7138
1901	7139
3745	7140
5759	7141
5141	7142
2217	7143
9106	7144
6814	7145
6981	7146
3594	7147
7939	7148
7985	7149
9317	7150
8915	7151
2	7152
3230	7153
8111	7154
7858	7155
3625	7156
8659	7157
8197	7158
7144	7159
2216	7160
9580	7161
1923	7162
6760	7163
4457	7164
3223	7165
5372	7166
1066	7167
587	7168
5512	7169
8762	7170
5517	7171
7539	7172
3360	7173
5738	7174
7237	7175
4280	7176
8802	7177
2156	7178
5340	7179
1561	7180
4446	7181
2228	7182
6538	7183
9271	7184
6262	7185
1569	7186
9083	7187
6076	7188
4017	7189
1747	7190
3099	7191
7097	7192
6290	7193
7646	7194
3954	7195
5250	7196
5560	7197
3239	7198
186	7199
4117	7200
129	7201
6966	7202
4898	7203
4966	7204
542	7205
3307	7206
6897	7207
7239	7208
8601	7209
868	7210
6865	7211
1265	7212
8293	7213
8851	7214
9648	7215
9085	7216
7466	7217
6217	7218
1467	7219
3792	7220
6102	7221
8865	7222
2277	7223
5641	7224
7479	7225
2946	7226
6128	7227
175	7228
9302	7229
7443	7230
12	7231
6927	7232
713	7233
53	7234
3500	7235
5184	7236
3983	7237
8086	7238
7548	7239
4448	7240
1880	7241
1392	7242
4939	7243
4600	7244
9536	7245
2800	7246
3222	7247
9421	7248
8647	7249
7190	7250
7047	7251
3276	7252
4046	7253
8152	7254
8179	7255
9099	7256
281	7257
203	7258
6239	7259
1358	7260
8905	7261
5582	7262
5430	7263
2298	7264
8586	7265
3823	7266
4941	7267
341	7268
8546	7269
181	7270
208	7271
4639	7272
2910	7273
7070	7274
7136	7275
5698	7276
6312	7277
2052	7278
3749	7279
2899	7280
9559	7281
7092	7282
3293	7283
9018	7284
4980	7285
5752	7286
2160	7287
9651	7288
4535	7289
3364	7290
9429	7291
8706	7292
8452	7293
4520	7294
9717	7295
172	7296
8186	7297
8142	7298
3716	7299
8227	7300
4527	7301
8569	7302
9	7303
2891	7304
5464	7305
4437	7306
4157	7307
9681	7308
2408	7309
1044	7310
3024	7311
6253	7312
6140	7313
6385	7314
6743	7315
6471	7316
1971	7317
6689	7318
7629	7319
6235	7320
7387	7321
8626	7322
6561	7323
1682	7324
6074	7325
4102	7326
6269	7327
9360	7328
8240	7329
8562	7330
136	7331
8883	7332
7758	7333
4220	7334
6209	7335
1428	7336
3058	7337
139	7338
567	7339
7818	7340
6560	7341
4897	7342
3401	7343
5482	7344
9126	7345
7869	7346
8693	7347
9695	7348
4538	7349
5793	7350
6211	7351
5269	7352
9593	7353
219	7354
4750	7355
144	7356
68	7357
8048	7358
9247	7359
7313	7360
7934	7361
3922	7362
4118	7363
663	7364
4669	7365
3752	7366
4922	7367
8844	7368
8042	7369
6117	7370
7745	7371
5772	7372
7633	7373
94	7374
3889	7375
7960	7376
3754	7377
1676	7378
3847	7379
6107	7380
9602	7381
6035	7382
9383	7383
1094	7384
3853	7385
3909	7386
996	7387
7138	7388
5889	7389
1255	7390
6826	7391
3039	7392
6291	7393
3287	7394
4052	7395
3366	7396
2914	7397
7912	7398
5001	7399
6135	7400
812	7401
7899	7402
2981	7403
4757	7404
4395	7405
7422	7406
1043	7407
4663	7408
4368	7409
1981	7410
7487	7411
813	7412
8625	7413
1815	7414
2164	7415
1101	7416
117	7417
7081	7418
3242	7419
3340	7420
4590	7421
127	7422
127	7423
5139	7424
1983	7425
9534	7426
7722	7427
5987	7428
51	7429
8698	7430
3808	7431
3218	7432
4912	7433
8011	7434
5957	7435
4233	7436
1785	7437
1691	7438
399	7439
4144	7440
7386	7441
9398	7442
8962	7443
6767	7444
9220	7445
6246	7446
7172	7447
7642	7448
8556	7449
4714	7450
9036	7451
1100	7452
1157	7453
2242	7454
6873	7455
8295	7456
2188	7457
4859	7458
3703	7459
7956	7460
8757	7461
3753	7462
3503	7463
3735	7464
8089	7465
967	7466
5201	7467
5337	7468
5205	7469
1758	7470
4644	7471
6813	7472
6413	7473
6514	7474
8430	7475
1759	7476
5721	7477
3198	7478
575	7479
2138	7480
6695	7481
7735	7482
6052	7483
8949	7484
2753	7485
9204	7486
665	7487
5326	7488
6346	7489
2067	7490
2958	7491
1560	7492
4740	7493
7553	7494
2445	7495
5487	7496
3206	7497
9607	7498
4404	7499
3380	7500
625	7501
5450	7502
2143	7503
4423	7504
4285	7505
9371	7506
1988	7507
3994	7508
5766	7509
7567	7510
1206	7511
3082	7512
2632	7513
8438	7514
7169	7515
1008	7516
472	7517
3004	7518
3305	7519
5187	7520
9628	7521
7770	7522
346	7523
245	7524
6674	7525
1791	7526
8432	7527
2444	7528
234	7529
8058	7530
5964	7531
6581	7532
4611	7533
1827	7534
6295	7535
4274	7536
1184	7537
2559	7538
714	7539
2604	7540
3645	7541
7799	7542
5777	7543
226	7544
5813	7545
3422	7546
6755	7547
1687	7548
1557	7549
5794	7550
1494	7551
1788	7552
2982	7553
7270	7554
6245	7555
1083	7556
7022	7557
2823	7558
8512	7559
8972	7560
2395	7561
2708	7562
8130	7563
5960	7564
9369	7565
4533	7566
2560	7567
9067	7568
2376	7569
66	7570
5129	7571
178	7572
4998	7573
7204	7574
677	7575
8723	7576
4447	7577
6832	7578
5551	7579
8461	7580
7377	7581
6918	7582
9663	7583
5866	7584
4131	7585
6511	7586
4694	7587
8286	7588
2956	7589
4852	7590
8426	7591
3449	7592
9228	7593
157	7594
4216	7595
4741	7596
2442	7597
1376	7598
4770	7599
5817	7600
5952	7601
69	7602
1984	7603
300	7604
8110	7605
5036	7606
5724	7607
2090	7608
6034	7609
9668	7610
5997	7611
9657	7612
7747	7613
1122	7614
4458	7615
7476	7616
7407	7617
8857	7618
7513	7619
8910	7620
7819	7621
8333	7622
350	7623
9538	7624
9404	7625
1921	7626
1199	7627
6726	7628
4727	7629
6978	7630
3557	7631
6963	7632
1444	7633
5978	7634
1950	7635
8218	7636
4282	7637
8904	7638
397	7639
2121	7640
1182	7641
1093	7642
6096	7643
2424	7644
6781	7645
6610	7646
3705	7647
7132	7648
5146	7649
8678	7650
4636	7651
2238	7652
3965	7653
7029	7654
2709	7655
2536	7656
4043	7657
3991	7658
3163	7659
5018	7660
298	7661
2580	7662
8201	7663
5864	7664
6099	7665
699	7666
9066	7667
8509	7668
1684	7669
5887	7670
1628	7671
1334	7672
4120	7673
4603	7674
5809	7675
6013	7676
1350	7677
4507	7678
420	7679
3169	7680
133	7681
2344	7682
6936	7683
7447	7684
9093	7685
4231	7686
4878	7687
3002	7688
7555	7689
3711	7690
8804	7691
2809	7692
6183	7693
4209	7694
2036	7695
2835	7696
1715	7697
7949	7698
3378	7699
5310	7700
5294	7701
2978	7702
9069	7703
6113	7704
2336	7705
821	7706
6452	7707
2799	7708
153	7709
9595	7710
8841	7711
2591	7712
21	7713
4895	7714
4357	7715
2775	7716
151	7717
8734	7718
5619	7719
1760	7720
1590	7721
619	7722
6656	7723
9393	7724
2479	7725
4695	7726
8553	7727
6652	7728
1384	7729
6765	7730
126	7731
745	7732
9722	7733
9513	7734
8631	7735
7355	7736
6176	7737
428	7738
7761	7739
5842	7740
5469	7741
6024	7742
3286	7743
3516	7744
6386	7745
4754	7746
5706	7747
6930	7748
8435	7749
8504	7750
8202	7751
6932	7752
3572	7753
1886	7754
4521	7755
4029	7756
7995	7757
9452	7758
5289	7759
4713	7760
2523	7761
527	7762
8876	7763
6713	7764
5667	7765
8366	7766
7782	7767
9454	7768
4173	7769
8006	7770
4523	7771
546	7772
3648	7773
2925	7774
6032	7775
876	7776
875	7777
878	7778
931	7779
930	7780
932	7781
274	7782
2011	7783
913	7784
914	7785
917	7786
2003	7787
964	7788
970	7789
8436	7790
7791	7791
6952	7792
9709	7793
4638	7794
1922	7795
4958	7796
780	7797
5630	7798
6460	7799
2420	7800
72	7801
132	7802
3265	7803
8729	7804
6214	7805
313	7806
4498	7807
1290	7808
1419	7809
8898	7810
4549	7811
5590	7812
1514	7813
8666	7814
1794	7815
631	7816
595	7817
165	7818
3467	7819
7946	7820
6208	7821
8958	7822
6827	7823
289	7824
9667	7825
3933	7826
6203	7827
4820	7828
4871	7829
6495	7830
9618	7831
3212	7832
2687	7833
147	7834
5807	7835
11	7836
1328	7837
1955	7838
5643	7839
5268	7840
2124	7841
988	7842
3394	7843
7527	7844
3387	7845
4108	7846
6147	7847
4170	7848
8239	7849
9517	7850
3846	7851
6655	7852
7463	7853
4630	7854
3532	7855
5475	7856
1207	7857
1366	7858
4519	7859
8745	7860
22	7861
5210	7862
8334	7863
6046	7864
4768	7865
7517	7866
3457	7867
2043	7868
2001	7869
6205	7870
3435	7871
1489	7872
1970	7873
1828	7874
1610	7875
4513	7876
7708	7877
548	7878
6769	7879
3290	7880
6685	7881
8398	7882
135	7883
1142	7884
8608	7885
1850	7886
6601	7887
8009	7888
1243	7889
6064	7890
5743	7891
7909	7892
9243	7893
5369	7894
6721	7895
3697	7896
8743	7897
7744	7898
8778	7899
105	7900
7673	7901
3995	7902
7077	7903
225	7904
5931	7905
3196	7906
1349	7907
5473	7908
7544	7909
2443	7910
1	7911
3136	7912
6859	7913
3153	7914
2730	7915
3167	7916
8078	7917
8207	7918
1652	7919
2057	7920
6329	7921
481	7922
9250	7923
4830	7924
9205	7925
7724	7926
9614	7927
6492	7928
5144	7929
6653	7930
6277	7931
7676	7932
4800	7933
9035	7934
202	7935
8211	7936
4698	7937
853	7938
8079	7939
3102	7940
8540	7941
3461	7942
3020	7943
9151	7944
5319	7945
3497	7946
1677	7947
4497	7948
4487	7949
628	7950
2989	7951
5689	7952
5927	7953
1852	7954
707	7955
5407	7956
9338	7957
7041	7958
356	7959
8789	7960
2219	7961
991	7962
2185	7963
501	7964
7170	7965
8105	7966
1661	7967
5757	7968
832	7969
6331	7970
7753	7971
6694	7972
2640	7973
1818	7974
6990	7975
652	7976
6794	7977
4720	7978
4500	7979
6988	7980
4849	7981
2081	7982
4821	7983
6637	7984
4438	7985
856	7986
6676	7987
3604	7988
5591	7989
1317	7990
3105	7991
2080	7992
7488	7993
4245	7994
4822	7995
3599	7996
864	7997
9025	7998
2968	7999
2584	8000
1848	8001
9060	8002
6768	8003
4230	8004
1457	8005
1977	8006
6479	8007
2824	8008
2484	8009
7801	8010
6790	8011
5056	8012
4406	8013
1737	8014
3065	8015
4918	8016
9196	8017
2760	8018
7139	8019
7094	8020
7049	8021
823	8022
9531	8023
6702	8024
2664	8025
7106	8026
7628	8027
204	8028
8946	8029
3480	8030
5827	8031
2146	8032
4540	8033
5191	8034
9390	8035
9341	8036
3034	8037
5499	8038
526	8039
4888	8040
8076	8041
5264	8042
1900	8043
6050	8044
6908	8045
6324	8046
8081	8047
3172	8048
9286	8049
133	8050
2851	8051
7723	8052
1504	8053
5883	8054
9634	8055
8760	8056
1935	8057
7410	8058
4059	8059
1032	8060
5213	8061
6896	8062
7714	8063
407	8064
1387	8065
487	8066
3404	8067
5854	8068
4462	8069
1646	8070
3041	8071
3812	8072
7364	8073
810	8074
7	8075
1538	8076
5525	8077
3352	8078
4179	8079
6115	8080
2973	8081
45	8082
8714	8083
7549	8084
2333	8085
1926	8086
7383	8087
9703	8088
2592	8089
2419	8090
163	8091
1186	8092
8491	8093
6009	8094
6999	8095
6229	8096
1192	8097
1656	8098
7057	8099
8742	8100
8475	8101
5438	8102
8870	8103
4064	8104
5944	8105
610	8106
7613	8107
4415	8108
2834	8109
3738	8110
6524	8111
2998	8112
7297	8113
5758	8114
9708	8115
8124	8116
7623	8117
3302	8118
1312	8119
5105	8120
4002	8121
851	8122
7942	8123
2865	8124
8657	8125
375	8126
1823	8127
2365	8128
8133	8129
1219	8130
6799	8131
1608	8132
8863	8133
3078	8134
5526	8135
6902	8136
4621	8137
3075	8138
4479	8139
9458	8140
1059	8141
9518	8142
195	8143
8961	8144
2031	8145
1860	8146
5739	8147
3188	8148
733	8149
764	8150
7122	8151
7140	8152
6200	8153
3247	8154
8097	8155
9308	8156
6714	8157
2456	8158
5836	8159
2691	8160
2293	8161
888	8162
9455	8163
4253	8164
7230	8165
8447	8166
8580	8167
1205	8168
2439	8169
5121	8170
7980	8171
1838	8172
1215	8173
5260	8174
2741	8175
8969	8176
7148	8177
4276	8178
2606	8179
222	8180
1931	8181
8643	8182
2716	8183
784	8184
6675	8185
4617	8186
8549	8187
4370	8188
8593	8189
3061	8190
20	8191
4025	8192
3597	8193
5418	8194
9051	8195
1048	8196
2497	8197
8637	8198
199	8199
718	8200
203	8201
9168	8202
9278	8203
6468	8204
7898	8205
1727	8206
3463	8207
7598	8208
3852	8209
5287	8210
867	8211
9462	8212
143	8213
7059	8214
4737	8215
3120	8216
4902	8217
3821	8218
285	8219
709	8220
1537	8221
4580	8222
1377	8223
440	8224
1436	8225
336	8226
3269	8227
1505	8228
122	8229
6539	8230
1825	8231
3426	8232
1865	8233
1631	8234
138	8235
7983	8236
4986	8237
2118	8238
5299	8239
4567	8240
3199	8241
8001	8242
9191	8243
4442	8244
2243	8245
6485	8246
3321	8247
4142	8248
7783	8249
7143	8250
4862	8251
3007	8252
2644	8253
3930	8254
4181	8255
3175	8256
4485	8257
6647	8258
7362	8259
7153	8260
3732	8261
922	8262
3600	8263
9057	8264
2202	8265
8655	8266
6313	8267
2715	8268
4283	8269
3128	8270
3520	8271
8145	8272
5126	8273
23	8274
5027	8275
8038	8276
2620	8277
5513	8278
6625	8279
9152	8280
4914	8281
9633	8282
1992	8283
4105	8284
8181	8285
1234	8286
8728	8287
5528	8288
7491	8289
1526	8290
4001	8291
2890	8292
9	8293
1796	8294
3579	8295
7403	8296
1817	8297
5589	8298
761	8299
6199	8300
242	8301
1401	8302
2869	8303
6530	8304
6707	8305
8584	8306
5976	8307
2602	8308
1408	8309
8016	8310
8178	8311
6718	8312
260	8313
4588	8314
4466	8315
9197	8316
7115	8317
1214	8318
4578	8319
7821	8320
3201	8321
5017	8322
7445	8323
1813	8324
6728	8325
1764	8326
4596	8327
4769	8328
4886	8329
138	8330
6893	8331
142	8332
3096	8333
9741	8334
3195	8335
5947	8336
2979	8337
8320	8338
5415	8339
1263	8340
5734	8341
5392	8342
9539	8343
5644	8344
6173	8345
3485	8346
228	8347
8418	8348
9295	8349
116	8350
1975	8351
634	8352
8783	8353
1495	8354
9070	8355
9386	8356
7616	8357
6526	8358
2234	8359
6773	8360
4388	8361
6188	8362
533	8363
6985	8364
2886	8365
5185	8366
1130	8367
280	8368
2638	8369
4543	8370
8891	8371
6825	8372
4977	8373
7954	8374
7757	8375
1713	8376
1197	8377
4574	8378
491	8379
500	8380
5733	8381
9023	8382
3684	8383
79	8384
8763	8385
9222	8386
9043	8387
8302	8388
6036	8389
7750	8390
2642	8391
1179	8392
3514	8393
7586	8394
7376	8395
4125	8396
2275	8397
2857	8398
3638	8399
3856	8400
6154	8401
8002	8402
3662	8403
199	8404
9164	8405
2594	8406
5375	8407
5486	8408
1423	8409
9610	8410
6371	8411
7599	8412
4626	8413
5042	8414
8993	8415
4936	8416
7308	8417
7845	8418
3770	8419
7578	8420
30	8421
296	8422
1191	8423
1404	8424
6124	8425
4908	8426
257	8427
6679	8428
3171	8429
4000	8430
3215	8431
4166	8432
4407	8433
8069	8434
4107	8435
1562	8436
629	8437
463	8438
7272	8439
3254	8440
3405	8441
7925	8442
2127	8443
515	8444
7317	8445
7428	8446
6856	8447
2211	8448
4843	8449
9378	8450
5237	8451
9294	8452
2037	8453
4022	8454
5707	8455
9710	8456
973	8457
8589	8458
6550	8459
2111	8460
8194	8461
5232	8462
180	8463
2832	8464
5413	8465
8291	8466
1542	8467
8522	8468
4562	8469
8704	8470
806	8471
2519	8472
7264	8473
6251	8474
4353	8475
6432	8476
4026	8477
3973	8478
9584	8479
3900	8480
9229	8481
1204	8482
2679	8483
3384	8484
1864	8485
1744	8486
2732	8487
7310	8488
4759	8489
7917	8490
5221	8491
9103	8492
9114	8493
2986	8494
4016	8495
8707	8496
6535	8497
6461	8498
8431	8499
9313	8500
5671	8501
1534	8502
720	8503
8189	8504
783	8505
4212	8506
3052	8507
6589	8508
776	8509
5648	8510
7195	8511
3418	8512
2214	8513
8943	8514
9676	8515
1980	8516
6540	8517
3361	8518
2162	8519
4634	8520
6641	8521
686	8522
5831	8523
8287	8524
92	8525
1411	8526
556	8527
8933	8528
7967	8529
5009	8530
6964	8531
6396	8532
9028	8533
3097	8534
7326	8535
3541	8536
2461	8537
3692	8538
56	8539
6292	8540
4476	8541
4811	8542
7516	8543
4292	8544
8807	8545
747	8546
34	8547
2608	8548
1040	8549
6066	8550
9339	8551
1454	8552
4062	8553
373	8554
349	8555
395	8556
382	8557
392	8558
1058	8559
383	8560
571	8561
759	8562
9637	8563
343	8564
7638	8565
8149	8566
5723	8567
3383	8568
7950	8569
1958	8570
2953	8571
8521	8572
1127	8573
1357	8574
9554	8575
39	8576
4598	8577
2018	8578
1079	8579
8378	8580
239	8581
3820	8582
3086	8583
644	8584
1551	8585
52	8586
7891	8587
6618	8588
5076	8589
99	8590
1671	8591
6764	8592
7312	8593
1407	8594
409	8595
2088	8596
5575	8597
3092	8598
6248	8599
1501	8600
37	8601
5128	8602
4625	8603
2151	8604
2296	8605
3696	8606
2694	8607
9679	8608
9342	8609
3522	8610
398	8611
2435	8612
2108	8613
2096	8614
3676	8615
3746	8616
8114	8617
8856	8618
9639	8619
1018	8620
76	8621
8044	8622
4592	8623
4691	8624
5627	8625
7788	8626
1822	8627
6059	8628
7061	8629
5093	8630
3220	8631
6252	8632
5099	8633
1782	8634
234	8635
6895	8636
4195	8637
8422	8638
3656	8639
3607	8640
5711	8641
8640	8642
3547	8643
5874	8644
1347	8645
5106	8646
883	8647
3744	8648
5559	8649
8404	8650
3044	8651
1750	8652
5386	8653
6448	8654
9603	8655
8214	8656
4386	8657
8118	8658
7863	8659
3647	8660
3190	8661
7325	8662
229	8663
8772	8664
2619	8665
8423	8666
2817	8667
5303	8668
9135	8669
8957	8670
8301	8671
3824	8672
2590	8673
6257	8674
9457	8675
4295	8676
6501	8677
4685	8678
6207	8679
5478	8680
5547	8681
8524	8682
9380	8683
6833	8684
1989	8685
5617	8686
4481	8687
9619	8688
8992	8689
3051	8690
9007	8691
1194	8692
148	8693
3442	8694
6121	8695
3234	8696
6003	8697
80	8698
7936	8699
1806	8700
4288	8701
8396	8702
4377	8703
160	8704
6414	8705
7707	8706
4719	8707
7303	8708
8550	8709
1789	8710
3333	8711
870	8712
9058	8713
3138	8714
4058	8715
6103	8716
417	8717
5019	8718
5654	8719
2492	8720
919	8721
6240	8722
8199	8723
7932	8724
7854	8725
7817	8726
8466	8727
6148	8728
2029	8729
2507	8730
493	8731
2369	8732
7785	8733
9407	8734
8344	8735
6582	8736
2452	8737
6664	8738
2119	8739
2896	8740
4586	8741
103	8742
5879	8743
5061	8744
2352	8745
211	8746
6955	8747
7734	8748
8490	8749
1544	8750
9301	8751
3278	8752
754	8753
6780	8754
2047	8755
1473	8756
4917	8757
8337	8758
110	8759
4594	8760
1570	8761
1000	8762
1567	8763
1036	8764
4352	8765
8360	8766
6548	8767
8868	8768
2997	8769
9376	8770
1545	8771
1689	8772
1499	8773
4583	8774
5351	8775
6997	8776
2016	8777
7171	8778
5653	8779
8479	8780
9738	8781
3704	8782
390	8783
3204	8784
5445	8785
8669	8786
4308	8787
3419	8788
5025	8789
8959	8790
348	8791
5885	8792
8399	8793
920	8794
1091	8795
8632	8796
4761	8797
8208	8798
646	8799
6179	8800
1552	8801
3653	8802
4190	8803
3398	8804
1962	8805
1714	8806
4537	8807
8689	8808
3032	8809
6557	8810
5621	8811
1767	8812
6683	8813
7084	8814
183	8815
3586	8816
8996	8817
5130	8818
7484	8819
8204	8820
1755	8821
7581	8822
2337	8823
3834	8824
3337	8825
1277	8826
6157	8827
498	8828
6466	8829
984	8830
2750	8831
5008	8832
8771	8833
4463	8834
2627	8835
1138	8836
572	8837
5983	8838
3285	8839
901	8840
6648	8841
8241	8842
9156	8843
1997	8844
5058	8845
444	8846
5332	8847
2797	8848
157	8849
9347	8850
3562	8851
423	8852
9519	8853
7467	8854
201	8855
7658	8856
3356	8857
8624	8858
6852	8859
5353	8860
684	8861
8638	8862
5638	8863
3440	8864
6222	8865
144	8866
449	8867
41	8868
7855	8869
4393	8870
2672	8871
3331	8872
184	8873
1254	8874
5747	8875
6320	8876
1116	8877
990	8878
7441	8879
7729	8880
2635	8881
2923	8882
4301	8883
1390	8884
9711	8885
5935	8886
6158	8887
8354	8888
5252	8889
2511	8890
6141	8891
5873	8892
7657	8893
6785	8894
4136	8895
9013	8896
4853	8897
2331	8898
5664	8899
3089	8900
3686	8901
1533	8902
5300	8903
5692	8904
4526	8905
1783	8906
2341	8907
2688	8908
5673	8909
6889	8910
5339	8911
9350	8912
1965	8913
5536	8914
9508	8915
2055	8916
218	8917
5067	8918
3084	8919
9529	8920
3202	8921
1599	8922
1895	8923
277	8924
748	8925
8234	8926
3432	8927
1606	8928
8820	8929
5395	8930
8668	8931
2613	8932
5919	8933
8108	8934
1508	8935
4774	8936
40	8937
9296	8938
758	8939
5477	8940
3805	8941
6680	8942
5510	8943
9279	8944
8627	8945
4814	8946
2397	8947
3403	8948
957	8949
220	8950
6551	8951
1216	8952
50	8953
824	8954
5148	8955
7582	8956
9336	8957
8231	8958
9403	8959
9120	8960
698	8961
7969	8962
8980	8963
3091	8964
291	8965
7593	8966
9705	8967
702	8968
7928	8969
3869	8970
6983	8971
162	8972
5238	8973
2943	8974
6234	8975
9522	8976
8927	8977
3573	8978
6783	8979
1131	8980
7233	8981
6802	8982
4192	8983
6929	8984
1859	8985
4808	8986
4420	8987
2586	8988
3678	8989
8364	8990
6297	8991
8310	8992
9474	8993
6900	8994
4515	8995
7754	8996
7596	8997
4502	8998
1209	8999
7320	9000
2321	9001
8296	9002
4965	9003
2634	9004
4334	9005
6307	9006
4751	9007
1198	9008
7937	9009
2340	9010
3531	9011
9440	9012
56	9013
2191	9014
5823	9015
6138	9016
5637	9017
3053	9018
2056	9019
7505	9020
6763	9021
7900	9022
8260	9023
3174	9024
7523	9025
5749	9026
5325	9027
210	9028
5280	9029
5676	9030
3314	9031
3568	9032
3564	9033
9218	9034
1052	9035
7577	9036
1126	9037
4525	9038
3779	9039
5959	9040
1932	9041
8100	9042
968	9043
9573	9044
732	9045
1067	9046
2480	9047
4364	9048
2735	9049
492	9050
9439	9051
559	9052
1264	9053
2684	9054
376	9055
316	9056
9478	9057
5819	9058
6623	9059
3771	9060
9002	9061
4673	9062
1330	9063
5999	9064
7019	9065
4893	9066
483	9067
1485	9068
8401	9069
1487	9070
1824	9071
1903	9072
7438	9073
4345	9074
4648	9075
1461	9076
2278	9077
6976	9078
156	9079
166	9080
3510	9081
505	9082
6112	9083
945	9084
2962	9085
13	9086
3320	9087
1805	9088
5068	9089
9486	9090
1513	9091
6075	9092
2427	9093
7342	9094
9344	9095
8716	9096
5845	9097
9552	9098
429	9099
7889	9100
7851	9101
190	9102
4838	9103
2677	9104
5998	9105
9492	9106
5461	9107
2509	9108
9399	9109
9054	9110
5567	9111
3830	9112
3683	9113
5705	9114
4505	9115
8942	9116
1585	9117
7976	9118
1630	9119
7338	9120
4730	9121
2134	9122
4778	9123
7066	9124
5181	9125
5255	9126
6357	9127
267	9128
1912	9129
9080	9130
907	9131
4419	9132
3144	9133
1045	9134
3225	9135
8449	9136
8797	9137
4122	9138
3022	9139
3176	9140
426	9141
8141	9142
6271	9143
5270	9144
3540	9145
4211	9146
1629	9147
5286	9148
3916	9149
2252	9150
978	9151
183	9152
92	9153
7011	9154
2878	9155
2826	9156
2046	9157
4223	9158
3876	9159
4511	9160
5043	9161
7636	9162
3894	9163
86	9164
7692	9165
6499	9166
4999	9167
9564	9168
6901	9169
7903	9170
7833	9171
1002	9172
100	9173
4132	9174
2991	9175
8161	9176
2060	9177
626	9178
7762	9179
8255	9180
729	9181
5015	9182
9244	9183
6935	9184
2281	9185
829	9186
3379	9187
3957	9188
668	9189
3280	9190
9008	9191
8557	9192
869	9193
8500	9194
9578	9195
2212	9196
9394	9197
7072	9198
6521	9199
4576	9200
2757	9201
7137	9202
8343	9203
8340	9204
2423	9205
1134	9206
7418	9207
6507	9208
4347	9209
8054	9210
6797	9211
38	9212
1292	9213
1308	9214
5241	9215
6703	9216
4094	9217
1887	9218
1403	9219
9718	9220
5147	9221
7149	9222
3135	9223
3148	9224
3160	9225
3142	9226
8146	9227
2802	9228
3145	9229
3146	9230
439	9231
2628	9232
2840	9233
229	9234
5051	9235
4327	9236
8365	9237
8238	9238
966	9239
2323	9240
7361	9241
873	9242
6712	9243
881	9244
2703	9245
9598	9246
852	9247
9102	9248
6007	9249
7977	9250
6916	9251
5358	9252
4121	9253
3090	9254
6847	9255
6192	9256
5719	9257
8761	9258
7968	9259
6063	9260
5435	9261
1014	9262
6968	9263
8405	9264
3513	9265
4786	9266
6805	9267
1092	9268
1128	9269
4330	9270
2038	9271
6106	9272
7442	9273
1649	9274
3216	9275
5032	9276
7316	9277
1917	9278
5498	9279
8309	9280
1424	9281
4813	9282
5578	9283
181	9284
6863	9285
3990	9286
8536	9287
4161	9288
5921	9289
5939	9290
7947	9291
3417	9292
8495	9293
7112	9294
5026	9295
149	9296
7486	9297
8336	9298
7528	9299
6891	9300
6109	9301
2995	9302
6545	9303
4496	9304
5050	9305
2944	9306
621	9307
3863	9308
5878	9309
5570	9310
2555	9311
6400	9312
5953	9313
8453	9314
3640	9315
722	9316
9041	9317
7335	9318
3374	9319
9005	9320
434	9321
8618	9322
1249	9323
7737	9324
7384	9325
1624	9326
8496	9327
3420	9328
2917	9329
5194	9330
6012	9331
7882	9332
435	9333
612	9334
385	9335
9646	9336
4069	9337
155	9338
1643	9339
980	9340
7206	9341
4012	9342
7813	9343
9395	9344
1478	9345
4818	9346
2907	9347
5925	9348
8951	9349
2647	9350
6671	9351
8636	9352
4072	9353
7368	9354
6086	9355
1804	9356
9024	9357
5507	9358
5432	9359
6541	9360
6094	9361
9423	9362
8351	9363
5693	9364
9236	9365
4582	9366
2349	9367
8670	9368
3273	9369
2470	9370
212	9371
1068	9372
3177	9373
8200	9374
756	9375
43	9376
765	9377
9194	9378
9388	9379
5926	9380
4659	9381
6846	9382
9652	9383
4291	9384
5631	9385
3443	9386
9433	9387
1011	9388
110	9389
6302	9390
8817	9391
2023	9392
5500	9393
4678	9394
4421	9395
2330	9396
7655	9397
8788	9398
921	9399
6629	9400
5566	9401
299	9402
230	9403
8221	9404
243	9405
421	9406
246	9407
2106	9408
9195	9409
3722	9410
6565	9411
543	9412
8681	9413
2938	9414
5079	9415
6473	9416
9597	9417
9617	9418
2751	9419
4460	9420
18	9421
4864	9422
5986	9423
3087	9424
3937	9425
4875	9426
2984	9427
8335	9428
6820	9429
478	9430
3725	9431
4545	9432
1055	9433
8414	9434
5233	9435
6450	9436
4387	9437
2372	9438
2650	9439
5730	9440
9441	9441
2936	9442
3633	9443
1642	9444
7886	9445
9590	9446
5333	9447
1701	9448
2	9449
9166	9450
3959	9451
3501	9452
1540	9453
8103	9454
6065	9455
6242	9456
4787	9457
335	9458
622	9459
2815	9460
1341	9461
8467	9462
408	9463
8010	9464
4175	9465
2268	9466
2246	9467
9171	9468
5459	9469
9288	9470
7302	9471
8628	9472
305	9473
3850	9474
3951	9475
2605	9476
5938	9477
576	9478
5480	9479
7071	9480
7895	9481
2078	9482
6319	9483
4177	9484
525	9485
9594	9486
6907	9487
3012	9488
5554	9489
4781	9490
7681	9491
3872	9492
8071	9493
8462	9494
5778	9495
9173	9496
6933	9497
3901	9498
4873	9499
9497	9500
2276	9501
5754	9502
2325	9503
5940	9504
4557	9505
6018	9506
9739	9507
6360	9508
5899	9509
3271	9510
1123	9511
9656	9512
8531	9513
7207	9514
3553	9515
1522	9516
7515	9517
2767	9518
2192	9519
4924	9520
2428	9521
6753	9522
2358	9523
5811	9524
6373	9525
4928	9526
8023	9527
1492	9528
9543	9529
9463	9530
5856	9531
8494	9532
9500	9533
4790	9534
2845	9535
1303	9536
2379	9537
6737	9538
5104	9539
7624	9540
4110	9541
9107	9542
8979	9543
1237	9544
6126	9545
233	9546
2378	9547
1554	9548
4987	9549
708	9550
4041	9551
8464	9552
8323	9553
3778	9554
1820	9555
5072	9556
3182	9557
4400	9558
2837	9559
9566	9560
804	9561
3162	9562
7978	9563
7796	9564
5519	9565
5503	9566
7764	9567
9081	9568
7884	9569
1009	9570
8374	9571
1438	9572
5982	9573
193	9574
9464	9575
8848	9576
8444	9577
1076	9578
88	9579
2915	9580
4969	9581
1846	9582
7941	9583
8920	9584
9346	9585
8166	9586
5273	9587
1208	9588
7469	9589
2746	9590
7231	9591
5103	9592
1304	9593
840	9594
8889	9595
1786	9596
7240	9597
3015	9598
14	9599
885	9600
3966	9601
3773	9602
8712	9603
5179	9604
2521	9605
2859	9606
8144	9607
6387	9608
6931	9609
3178	9610
6965	9611
1645	9612
3506	9613
9212	9614
3709	9615
8443	9616
7784	9617
1968	9618
8384	9619
679	9620
5557	9621
333	9622
9159	9623
1530	9624
9285	9625
1736	9626
3255	9627
159	9628
3409	9629
7076	9630
8159	9631
7306	9632
9115	9633
8739	9634
9073	9635
9588	9636
2299	9637
6069	9638
7522	9639
6389	9640
3437	9641
3054	9642
693	9643
4742	9644
8489	9645
2994	9646
4722	9647
6401	9648
2144	9649
9436	9650
3263	9651
760	9652
8816	9653
47	9654
8425	9655
5119	9656
1716	9657
5545	9658
905	9659
5624	9660
200	9661
1175	9662
9502	9663
19	9664
2450	9665
3566	9666
5188	9667
3904	9668
5556	9669
5163	9670
351	9671
5911	9672
167	9673
166	9674
3507	9675
4259	9676
7108	9677
4163	9678
112	9679
83	9680
9177	9681
3313	9682
8590	9683
667	9684
4489	9685
8798	9686
2485	9687
537	9688
3838	9689
7	9690
9661	9691
5278	9692
3714	9693
9586	9694
9123	9695
4962	9696
2992	9697
1373	9698
6749	9699
9479	9700
9401	9701
6494	9702
205	9703
3391	9704
4834	9705
6275	9706
8854	9707
8090	9708
7902	9709
5872	9710
6010	9711
8864	9712
5097	9713
4174	9714
7285	9715
3502	9716
8215	9717
7328	9718
1348	9719
7431	9720
57	9721
9664	9722
6867	9723
8555	9724
4827	9725
7414	9726
4451	9727
7694	9728
4528	9729
5080	9730
637	9731
9117	9732
6286	9733
697	9734
4664	9735
8203	9736
4896	9737
9690	9738
6619	9739
6374	9740
6350	9741
7868	9742
9400	9743
3399	9744
6645	9745
5618	9746
5424	9747
2380	9748
6533	9749
9642	9750
7500	9751
3484	9752
4642	9753
4137	9754
6070	9755
4050	9756
3291	9757
6458	9758
2430	9759
648	9760
3949	9761
161	9762
8385	9763
9312	9764
9627	9765
3538	9766
5089	9767
6447	9768
9475	9769
3621	9770
4681	9771
1345	9772
3635	9773
9044	9774
9072	9775
5219	9776
2069	9777
4951	9778
148	9779
4114	9780
1429	9781
8020	9782
1876	9783
1558	9784
5497	9785
8471	9786
9626	9787
9470	9788
1942	9789
6754	9790
31	9791
9160	9792
5954	9793
2870	9794
6944	9795
6731	9796
6567	9797
6201	9798
9736	9799
3252	9800
7590	9801
1711	9802
3282	9803
9701	9804
9144	9805
6771	9806
2221	9807
7305	9808
2508	9809
5069	9810
5013	9811
8981	9812
6435	9813
1488	9814
129	9815
2974	9816
5735	9817
6940	9818
5584	9819
8570	9820
141	9821
121	9822
8300	9823
54	9824
6793	9825
8528	9826
88	9827
6580	9828
3357	9829
6029	9830
7971	9831
7656	9832
3456	9833
9009	9834
7288	9835
2476	9836
8156	9837
132	9838
2538	9839
6926	9840
36	9841
7485	9842
77	9843
9256	9844
5506	9845
8140	9846
3791	9847
282	9848
6159	9849
2681	9850
8911	9851
5370	9852
3359	9853
3343	9854
1866	9855
3214	9856
3326	9857
6274	9858
7256	9859
4604	9860
751	9861
2960	9862
3963	9863
7031	9864
7430	9865
176	9866
4610	9867
2961	9868
8735	9869
811	9870
1406	9871
1742	9872
8931	9873
2494	9874
8230	9875
5585	9876
196	9877
8834	9878
3191	9879
2190	9880
8246	9881
3	9882
6206	9883
3236	9884
4013	9885
9630	9886
3759	9887
4461	9888
1616	9889
4373	9890
8053	9891
6923	9892
7695	9893
13	9894
3903	9895
5313	9896
460	9897
6062	9898
8080	9899
5033	9900
5501	9901
107	9902
7396	9903
6586	9904
9488	9905
3796	9906
6844	9907
1129	9908
1703	9909
8306	9910
6218	9911
9689	9912
8410	9913
3381	9914
7600	9915
1621	9916
8987	9917
7014	9918
9650	9919
115	9920
2595	9921
2422	9922
4319	9923
1071	9924
6051	9925
5242	9926
3425	9927
4141	9928
4091	9929
531	9930
678	9931
516	9932
3219	9933
4146	9934
2894	9935
6454	9936
3001	9937
8858	9938
532	9939
5412	9940
6316	9941
4755	9942
3101	9943
3819	9944
6366	9945
3664	9946
5891	9947
139	9948
639	9949
4412	9950
265	9951
4788	9952
8112	9953
7078	9954
1033	9955
2195	9956
381	9957
6442	9958
591	9959
710	9960
9477	9961
6658	9962
3890	9963
8594	9964
3734	9965
272	9966
8592	9967
8916	9968
6871	9969
5632	9970
3563	9971
8784	9972
9234	9973
6917	9974
9189	9975
2781	9976
7647	9977
3816	9978
1137	9979
7660	9980
8616	9981
113	9982
5636	9983
1053	9984
2129	9985
9546	9986
15	9987
1936	9988
8082	9989
3488	9990
249	9991
6399	9992
3180	9993
7129	9994
6339	9995
2486	9996
2274	9997
8806	9998
9432	9999
5633	10000
