3486	1
8920	2
956	3
6466	4
7306	5
316	6
94	7
9198	8
2816	9
9034	10
3357	11
2817	12
4988	13
7452	14
4473	15
9340	16
3391	17
2047	18
5135	19
8600	20
7137	21
4800	22
6036	23
7853	24
7657	25
1518	26
7964	27
207	28
2059	29
698	30
6370	31
3771	32
5635	33
6728	34
8779	35
8877	36
3485	37
6652	38
2476	39
2699	40
8776	41
8150	42
2389	43
4199	44
1094	45
1786	46
284	47
3716	48
1222	49
8362	50
4300	51
4283	52
3366	53
9059	54
6771	55
3712	56
7185	57
5028	58
1856	59
9312	60
8497	61
374	62
1727	63
7085	64
7390	65
7108	66
1361	67
7754	68
1883	69
30	70
8827	71
328	72
1542	73
5278	74
6511	75
2228	76
2548	77
2012	78
9418	79
252	80
7275	81
9055	82
7008	83
7742	84
3089	85
4049	86
8740	87
2462	88
2296	89
5624	90
7802	91
4409	92
9096	93
7294	94
1596	95
6942	96
4005	97
7888	98
4938	99
3914	100
5336	101
9491	102
7866	103
2682	104
1877	105
164	106
2503	107
7872	108
5562	109
5197	110
6599	111
4278	112
7000	113
1658	114
2346	115
7346	116
2869	117
1079	118
4314	119
2359	120
1689	121
4586	122
4954	123
9268	124
393	125
8628	126
7533	127
1916	128
2419	129
7939	130
2003	131
4834	132
2703	133
2281	134
6446	135
7793	136
3072	137
4344	138
5573	139
6953	140
6348	141
8521	142
6573	143
8049	144
901	145
4039	146
9170	147
891	148
5291	149
5172	150
8574	151
6773	152
3840	153
8943	154
6226	155
5781	156
7021	157
4220	158
1728	159
2516	160
7459	161
1959	162
3994	163
6787	164
6542	165
22	166
1797	167
7844	168
2216	169
763	170
9533	171
1758	172
284	173
8847	174
3894	175
8886	176
8160	177
7569	178
6314	179
1433	180
2815	181
4861	182
6885	183
6335	184
5836	185
1805	186
469	187
1757	188
7678	189
463	190
6825	191
2766	192
1359	193
5255	194
1972	195
7066	196
8746	197
4393	198
3935	199
6339	200
8457	201
7951	202
6145	203
474	204
7014	205
3871	206
8104	207
2458	208
2786	209
2837	210
6453	211
3882	212
7952	213
4324	214
8183	215
7537	216
6121	217
6575	218
5926	219
5985	220
799	221
5289	222
18	223
1426	224
3942	225
2495	226
2146	227
3888	228
2081	229
4295	230
1208	231
5410	232
6336	233
1514	234
1965	235
6691	236
7829	237
4208	238
5877	239
6983	240
9344	241
8245	242
7004	243
267	244
6995	245
1577	246
9167	247
5137	248
629	249
1140	250
2078	251
5626	252
2972	253
4829	254
4537	255
2800	256
6371	257
1886	258
9169	259
174	260
5734	261
3142	262
3962	263
9209	264
4997	265
9359	266
2220	267
3335	268
7912	269
9466	270
2399	271
8481	272
2347	273
6922	274
4889	275
7208	276
9452	277
2133	278
5629	279
8948	280
8586	281
2930	282
7995	283
8398	284
1334	285
4482	286
6039	287
3645	288
6872	289
3427	290
8658	291
1929	292
3041	293
6889	294
4041	295
3007	296
57	297
2553	298
4820	299
328	300
81	301
9391	302
2432	303
7937	304
1999	305
9155	306
8598	307
164	308
1695	309
93	310
5480	311
1181	312
5318	313
177	314
2978	315
4942	316
7388	317
764	318
1128	319
5904	320
6080	321
1748	322
181	323
7477	324
8784	325
6190	326
7077	327
3872	328
2593	329
4296	330
7733	331
8519	332
9424	333
2111	334
7096	335
3950	336
7954	337
7856	338
78	339
1442	340
754	341
4083	342
3228	343
560	344
3945	345
4101	346
3294	347
8128	348
7970	349
5797	350
4821	351
7286	352
9305	353
2855	354
1767	355
3884	356
8656	357
584	358
50	359
2803	360
2758	361
9361	362
8684	363
7944	364
7434	365
9203	366
6322	367
1544	368
2875	369
4177	370
274	371
2045	372
8188	373
7302	374
53	375
1535	376
7409	377
1	378
3963	379
3411	380
6327	381
2684	382
2264	383
6422	384
1469	385
9145	386
5842	387
3253	388
1437	389
7156	390
7397	391
201	392
430	393
6509	394
8355	395
132	396
2902	397
2236	398
7231	399
3344	400
8545	401
7606	402
3103	403
6832	404
4745	405
140	406
1444	407
3476	408
3217	409
2935	410
5759	411
4456	412
1714	413
2186	414
4119	415
7130	416
317	417
2979	418
4683	419
222	420
6766	421
5543	422
4002	423
8002	424
4469	425
7221	426
6055	427
1909	428
8737	429
165	430
278	431
3246	432
2542	433
52	434
9315	435
2625	436
8	437
8546	438
4485	439
9468	440
2400	441
3443	442
815	443
1253	444
205	445
3470	446
7144	447
2457	448
3975	449
8992	450
5243	451
5246	452
253	453
5456	454
4363	455
9001	456
251	457
7801	458
1332	459
3403	460
2651	461
488	462
1397	463
3651	464
2619	465
235	466
2091	467
3290	468
1006	469
2415	470
1703	471
4532	472
3678	473
6403	474
4496	475
7603	476
5123	477
485	478
9323	479
7893	480
9342	481
8291	482
195	483
3042	484
2428	485
1234	486
5441	487
8380	488
5725	489
7013	490
2121	491
4197	492
3898	493
3	494
7282	495
351	496
6215	497
5425	498
755	499
4781	500
6677	501
5827	502
7469	503
31	504
8166	505
3017	506
9004	507
5171	508
160	509
8958	510
1049	511
9018	512
3562	513
9522	514
8985	515
3260	516
26	517
1545	518
3077	519
3113	520
5907	521
6063	522
1238	523
8717	524
410	525
8652	526
6236	527
7962	528
6878	529
5254	530
4262	531
3789	532
1874	533
1339	534
7217	535
8392	536
1793	537
5013	538
3030	539
3393	540
5837	541
8508	542
4018	543
1561	544
5312	545
1371	546
5618	547
2114	548
8412	549
2526	550
9375	551
4162	552
171	553
6746	554
8242	555
2032	556
7810	557
4203	558
6817	559
5253	560
211	561
8017	562
5114	563
9128	564
8247	565
4256	566
7973	567
5944	568
7166	569
797	570
5934	571
2093	572
1655	573
1451	574
316	575
195	576
2367	577
6898	578
108	579
2893	580
365	581
7064	582
4892	583
6467	584
8826	585
2859	586
186	587
8910	588
9502	589
106	590
8956	591
3966	592
1270	593
1154	594
6731	595
2272	596
224	597
7585	598
1016	599
1557	600
4741	601
6982	602
8029	603
235	604
3509	605
1070	606
2646	607
231	608
9536	609
8083	610
2982	611
5672	612
6260	613
7258	614
9351	615
7373	616
5113	617
5914	618
2325	619
7600	620
3241	621
777	622
1510	623
7357	624
8837	625
8331	626
8916	627
5538	628
1129	629
5913	630
8324	631
6717	632
439	633
254	634
6829	635
7641	636
5036	637
9074	638
3590	639
8846	640
1705	641
6713	642
6306	643
6550	644
297	645
3052	646
6973	647
1941	648
6638	649
9321	650
1784	651
7899	652
3148	653
6208	654
6284	655
5817	656
6784	657
1897	658
4961	659
9517	660
8370	661
6123	662
3412	663
2467	664
7312	665
7417	666
2122	667
6847	668
308	669
651	670
5134	671
8251	672
2928	673
981	674
300	675
7316	676
1684	677
49	678
7777	679
3960	680
6801	681
6102	682
5098	683
3768	684
3575	685
2924	686
6608	687
8761	688
2780	689
1624	690
2260	691
7838	692
6235	693
2776	694
860	695
6349	696
7671	697
369	698
4045	699
1868	700
4737	701
6110	702
2393	703
4776	704
3746	705
8343	706
1809	707
5699	708
4602	709
2447	710
7505	711
5532	712
6718	713
2481	714
7070	715
8676	716
9078	717
7492	718
6735	719
5053	720
1301	721
2618	722
6529	723
1590	724
4031	725
8596	726
2410	727
4221	728
4410	729
4842	730
8099	731
4784	732
1184	733
7151	734
9060	735
33	736
2152	737
3432	738
7728	739
9366	740
9489	741
4438	742
8913	743
5360	744
2169	745
8238	746
8559	747
773	748
9186	749
1091	750
1086	751
9044	752
150	753
1711	754
394	755
6040	756
4069	757
1077	758
632	759
4395	760
8482	761
8949	762
30	763
6585	764
7843	765
906	766
6186	767
3594	768
3277	769
2942	770
8258	771
3227	772
717	773
1675	774
4507	775
5587	776
3797	777
6112	778
6398	779
5513	780
2990	781
2507	782
1335	783
8548	784
2719	785
8413	786
5546	787
5398	788
9241	789
8327	790
225	791
6845	792
8550	793
443	794
2656	795
9457	796
9363	797
5426	798
9261	799
2500	800
5334	801
5841	802
2818	803
3144	804
6016	805
7709	806
7934	807
1210	808
5728	809
7773	810
7867	811
7232	812
1878	813
8575	814
820	815
2952	816
1597	817
954	818
4435	819
3554	820
8342	821
4538	822
5260	823
1858	824
352	825
3517	826
3877	827
7453	828
746	829
8732	830
6444	831
5445	832
7463	833
8277	834
4098	835
3934	836
9343	837
4326	838
3642	839
3652	840
13	841
5506	842
2998	843
8738	844
606	845
4855	846
272	847
5178	848
945	849
7005	850
7535	851
7288	852
4404	853
8271	854
2136	855
9259	856
267	857
1287	858
6634	859
8630	860
911	861
20	862
4830	863
5038	864
6959	865
3588	866
209	867
2036	868
5124	869
1795	870
8161	871
7498	872
2645	873
7536	874
567	875
8461	876
1464	877
6510	878
2117	879
8585	880
7305	881
210	882
1640	883
2610	884
2489	885
1013	886
1075	887
6979	888
4571	889
8021	890
3899	891
1835	892
2098	893
8866	894
6909	895
3738	896
197	897
8241	898
2676	899
6340	900
3796	901
7504	902
2564	903
7917	904
1696	905
2252	906
1990	907
5857	908
5297	909
3109	910
2360	911
4419	912
6678	913
3634	914
7375	915
9232	916
3369	917
6604	918
5582	919
1252	920
5500	921
7541	922
5316	923
176	924
1654	925
7803	926
3155	927
8193	928
3802	929
7818	930
1810	931
8431	932
4353	933
180	934
7383	935
3364	936
6524	937
5684	938
9172	939
896	940
4711	941
2778	942
641	943
5384	944
2341	945
7313	946
1802	947
5846	948
7968	949
3896	950
2609	951
7437	952
9149	953
1407	954
6610	955
5933	956
3166	957
9337	958
4621	959
7379	960
3121	961
5481	962
3271	963
3400	964
483	965
7687	966
8097	967
6332	968
1354	969
1842	970
286	971
837	972
8156	973
2681	974
5750	975
2120	976
3467	977
6311	978
446	979
6823	980
9471	981
6451	982
4499	983
3374	984
4685	985
647	986
3223	987
3834	988
9175	989
2082	990
6569	991
5979	992
6262	993
3905	994
681	995
4701	996
8290	997
7408	998
3813	999
1529	1000
234	1001
8882	1002
1292	1003
2565	1004
7861	1005
9265	1006
8505	1007
1821	1008
2258	1009
34	1010
1585	1011
9035	1012
4111	1013
5737	1014
1664	1015
1504	1016
4279	1017
990	1018
1363	1019
4788	1020
1209	1021
7238	1022
113	1023
8349	1024
4380	1025
48	1026
4340	1027
7347	1028
7398	1029
1103	1030
5855	1031
2582	1032
428	1033
9070	1034
1787	1035
6654	1036
1481	1037
1138	1038
3852	1039
2835	1040
3653	1041
3823	1042
5789	1043
8780	1044
2623	1045
3606	1046
70	1047
1090	1048
3921	1049
66	1050
3203	1051
5868	1052
3799	1053
161	1054
760	1055
545	1056
4904	1057
7547	1058
391	1059
5536	1060
6470	1061
6177	1062
3151	1063
776	1064
347	1065
8889	1066
6727	1067
4001	1068
4017	1069
6468	1070
7321	1071
3741	1072
1055	1073
8137	1074
5245	1075
5879	1076
3047	1077
4125	1078
2596	1079
4150	1080
539	1081
2980	1082
5574	1083
6417	1084
8269	1085
1417	1086
4930	1087
7507	1088
47	1089
5636	1090
5578	1091
3319	1092
7697	1093
1608	1094
7493	1095
3781	1096
7024	1097
2331	1098
756	1099
7655	1100
5010	1101
4377	1102
79	1103
1546	1104
9277	1105
2704	1106
1996	1107
7126	1108
1061	1109
3428	1110
1421	1111
6630	1112
8507	1113
8018	1114
3453	1115
2513	1116
6998	1117
3083	1118
8994	1119
437	1120
5798	1121
4356	1122
8346	1123
8870	1124
8983	1125
5390	1126
2752	1127
1723	1128
8373	1129
2422	1130
6458	1131
5721	1132
6181	1133
8562	1134
5058	1135
631	1136
4691	1137
5429	1138
1391	1139
68	1140
293	1141
3858	1142
6210	1143
8028	1144
8287	1145
1735	1146
7775	1147
971	1148
7210	1149
3579	1150
684	1151
7405	1152
6971	1153
5755	1154
1834	1155
752	1156
6837	1157
1342	1158
6513	1159
314	1160
5666	1161
6598	1162
8642	1163
9460	1164
6241	1165
4	1166
6134	1167
6424	1168
4484	1169
1398	1170
5033	1171
147	1172
8741	1173
8770	1174
4291	1175
8957	1176
4466	1177
9103	1178
9528	1179
502	1180
6968	1181
2518	1182
3774	1183
4720	1184
3952	1185
4489	1186
2880	1187
6957	1188
343	1189
8136	1190
3715	1191
9325	1192
8375	1193
9488	1194
219	1195
3778	1196
19	1197
7576	1198
8350	1199
2693	1200
753	1201
9211	1202
3368	1203
3219	1204
1393	1205
3046	1206
6299	1207
7380	1208
7512	1209
7468	1210
1337	1211
357	1212
5875	1213
258	1214
4699	1215
387	1216
6333	1217
3162	1218
3322	1219
5854	1220
312	1221
4962	1222
6702	1223
8807	1224
7594	1225
9329	1226
6980	1227
3423	1228
3668	1229
4922	1230
4407	1231
4858	1232
2791	1233
711	1234
134	1235
3035	1236
6018	1237
6615	1238
3519	1239
8356	1240
3633	1241
7018	1242
6035	1243
4405	1244
7177	1245
9508	1246
4519	1247
2783	1248
3070	1249
314	1250
7649	1251
9395	1252
7817	1253
4013	1254
4206	1255
5982	1256
6281	1257
2937	1258
4287	1259
4108	1260
1012	1261
7291	1262
1800	1263
1366	1264
8984	1265
2198	1266
3441	1267
8227	1268
167	1269
7486	1270
8734	1271
7356	1272
8823	1273
6970	1274
775	1275
4092	1276
4831	1277
4413	1278
4946	1279
2767	1280
6263	1281
2409	1282
4869	1283
5391	1284
2759	1285
8552	1286
2084	1287
4418	1288
2575	1289
8053	1290
1406	1291
6097	1292
9448	1293
3929	1294
7667	1295
5647	1296
973	1297
2394	1298
9006	1299
836	1300
4660	1301
7339	1302
7265	1303
4620	1304
7174	1305
7570	1306
5347	1307
9484	1308
2749	1309
8411	1310
3295	1311
2660	1312
5686	1313
3968	1314
7399	1315
3224	1316
2149	1317
2017	1318
7439	1319
7138	1320
355	1321
4625	1322
2215	1323
6443	1324
7095	1325
2151	1326
5029	1327
1204	1328
724	1329
6345	1330
4100	1331
5544	1332
2547	1333
1668	1334
4059	1335
7790	1336
8935	1337
8766	1338
2944	1339
3417	1340
7859	1341
1558	1342
4427	1343
8617	1344
9116	1345
5661	1346
218	1347
1182	1348
3895	1349
957	1350
9303	1351
8626	1352
1619	1353
8210	1354
324	1355
5320	1356
4026	1357
2163	1358
2234	1359
5887	1360
4133	1361
1262	1362
2160	1363
6445	1364
8533	1365
771	1366
4561	1367
9122	1368
6790	1369
105	1370
9124	1371
4638	1372
8768	1373
1639	1374
2986	1375
2921	1376
6156	1377
7107	1378
9346	1379
5523	1380
7022	1381
95	1382
177	1383
355	1384
5001	1385
6506	1386
6822	1387
5975	1388
7852	1389
5120	1390
7833	1391
305	1392
3810	1393
7772	1394
5156	1395
3985	1396
6734	1397
168	1398
3339	1399
1383	1400
7670	1401
2718	1402
5125	1403
5377	1404
1953	1405
5622	1406
8808	1407
6309	1408
3053	1409
5719	1410
41	1411
185	1412
4242	1413
8288	1414
8619	1415
8158	1416
5491	1417
4553	1418
6287	1419
1944	1420
7668	1421
3131	1422
7806	1423
5107	1424
9098	1425
1097	1426
4156	1427
4131	1428
2624	1429
5524	1430
1752	1431
8851	1432
4445	1433
2298	1434
3830	1435
7205	1436
9284	1437
2056	1438
9194	1439
6377	1440
1	1441
2340	1442
132	1443
2960	1444
2319	1445
5910	1446
6269	1447
2561	1448
3976	1449
5689	1450
9246	1451
3324	1452
9493	1453
8991	1454
291	1455
8576	1456
233	1457
4290	1458
2730	1459
251	1460
6824	1461
793	1462
4126	1463
6247	1464
3880	1465
8272	1466
308	1467
412	1468
2914	1469
7589	1470
8179	1471
5608	1472
21	1473
3632	1474
3157	1475
290	1476
2822	1477
2555	1478
261	1479
7543	1480
2819	1481
7178	1482
1722	1483
7892	1484
4241	1485
7160	1486
2775	1487
1460	1488
5159	1489
7870	1490
3699	1491
9390	1492
613	1493
7253	1494
4506	1495
3783	1496
9419	1497
3133	1498
230	1499
952	1500
583	1501
1228	1502
3475	1503
8117	1504
3602	1505
5901	1506
7752	1507
1980	1508
2607	1509
5821	1510
5872	1511
7157	1512
9048	1513
2277	1514
2560	1515
8075	1516
1610	1517
6331	1518
5227	1519
3567	1520
70	1521
5026	1522
9102	1523
9051	1524
7971	1525
7466	1526
8568	1527
8967	1528
1025	1529
179	1530
4396	1531
6310	1532
2199	1533
3435	1534
1068	1535
2635	1536
2099	1537
2196	1538
2626	1539
3105	1540
436	1541
8467	1542
2877	1543
201	1544
4888	1545
6768	1546
805	1547
1687	1548
8615	1549
5039	1550
3213	1551
9475	1552
5251	1553
8708	1554
4062	1555
3465	1556
8918	1557
5730	1558
2247	1559
8781	1560
2888	1561
3737	1562
7087	1563
3977	1564
6382	1565
5773	1566
5861	1567
145	1568
363	1569
359	1570
3828	1571
3008	1572
3819	1573
1146	1574
8625	1575
6147	1576
8123	1577
194	1578
1073	1579
2585	1580
7128	1581
9202	1582
1400	1583
9189	1584
8232	1585
3362	1586
1678	1587
3	1588
3735	1589
4877	1590
7721	1591
4748	1592
2958	1593
2627	1594
8824	1595
1850	1596
9236	1597
7227	1598
1435	1599
4794	1600
8294	1601
2821	1602
72	1603
385	1604
994	1605
4153	1606
2833	1607
9247	1608
4334	1609
4	1610
261	1611
6514	1612
1376	1613
8720	1614
8341	1615
1480	1616
1740	1617
5600	1618
7190	1619
9014	1620
7218	1621
4824	1622
5216	1623
6976	1624
5957	1625
2440	1626
1820	1627
8905	1628
6949	1629
8065	1630
6312	1631
2558	1632
1844	1633
1638	1634
5791	1635
2425	1636
7887	1637
491	1638
5276	1639
3835	1640
6066	1641
4247	1642
7188	1643
766	1644
6200	1645
6675	1646
3381	1647
9449	1648
399	1649
1	1650
143	1651
5067	1652
9249	1653
2851	1654
7121	1655
2053	1656
7631	1657
3857	1658
6041	1659
1927	1660
4692	1661
1155	1662
4294	1663
9496	1664
1455	1665
2313	1666
79	1667
1349	1668
2879	1669
8409	1670
6797	1671
5188	1672
6488	1673
932	1674
1248	1675
3624	1676
2527	1677
244	1678
227	1679
2443	1680
6930	1681
640	1682
6974	1683
4319	1684
4491	1685
5238	1686
8876	1687
9463	1688
476	1689
6927	1690
3461	1691
373	1692
9262	1693
5	1694
666	1695
7164	1696
4693	1697
2376	1698
5174	1699
6383	1700
6921	1701
4043	1702
5008	1703
5865	1704
5571	1705
3923	1706
884	1707
750	1708
534	1709
1120	1710
3120	1711
6070	1712
1007	1713
2156	1714
4766	1715
9293	1716
9252	1717
1244	1718
8477	1719
2445	1720
1	1721
9071	1722
4664	1723
8040	1724
8683	1725
5814	1726
6737	1727
19	1728
566	1729
8883	1730
1694	1731
5718	1732
3560	1733
5406	1734
4236	1735
49	1736
5993	1737
7538	1738
418	1739
2508	1740
644	1741
2324	1742
1819	1743
890	1744
8941	1745
1022	1746
6519	1747
6636	1748
229	1749
5960	1750
5505	1751
6565	1752
6386	1753
6350	1754
4490	1755
7595	1756
9028	1757
922	1758
4648	1759
2219	1760
4756	1761
4095	1762
5106	1763
9473	1764
306	1765
6740	1766
635	1767
3102	1768
7111	1769
5427	1770
5772	1771
2257	1772
3811	1773
8616	1774
6834	1775
1852	1776
4184	1777
2288	1778
8447	1779
6988	1780
2322	1781
7682	1782
1761	1783
4330	1784
5974	1785
6249	1786
3875	1787
8208	1788
3767	1789
27	1790
8125	1791
2191	1792
6198	1793
3878	1794
8566	1795
5638	1796
1164	1797
2896	1798
5557	1799
9392	1800
9033	1801
9369	1802
5806	1803
3764	1804
3372	1805
2209	1806
1434	1807
4048	1808
3191	1809
3965	1810
6507	1811
1200	1812
8318	1813
619	1814
6404	1815
3273	1816
8592	1817
8691	1818
3865	1819
4185	1820
6635	1821
6140	1822
6176	1823
8393	1824
5844	1825
6932	1826
2608	1827
151	1828
6389	1829
3483	1830
338	1831
4589	1832
8979	1833
6525	1834
6038	1835
4960	1836
3341	1837
9176	1838
3612	1839
558	1840
7796	1841
3706	1842
601	1843
2539	1844
4254	1845
3250	1846
7323	1847
5258	1848
1771	1849
8928	1850
4297	1851
4102	1852
5140	1853
5906	1854
9094	1855
6917	1856
1247	1857
4030	1858
2652	1859
6141	1860
311	1861
8812	1862
7804	1863
4136	1864
236	1865
7425	1866
85	1867
1854	1868
4836	1869
336	1870
8033	1871
3603	1872
3279	1873
1859	1874
526	1875
5874	1876
5717	1877
9269	1878
2680	1879
3048	1880
553	1881
8976	1882
580	1883
7932	1884
8489	1885
1763	1886
6248	1887
4270	1888
924	1889
800	1890
7407	1891
8454	1892
8032	1893
8422	1894
6129	1895
6502	1896
384	1897
8087	1898
6931	1899
8842	1900
6273	1901
2170	1902
7627	1903
9316	1904
6969	1905
8407	1906
8441	1907
3599	1908
2469	1909
427	1910
5266	1911
6029	1912
422	1913
101	1914
2021	1915
5223	1916
908	1917
2567	1918
8999	1919
7368	1920
129	1921
7581	1922
5412	1923
733	1924
8723	1925
3818	1926
6068	1927
4841	1928
4476	1929
8671	1930
7716	1931
4079	1932
6775	1933
7902	1934
6305	1935
2550	1936
12	1937
151	1938
4568	1939
4774	1940
2058	1941
3932	1942
1418	1943
8894	1944
3408	1945
7980	1946
1991	1947
5335	1948
7514	1949
4523	1950
3827	1951
7203	1952
6587	1953
5610	1954
9467	1955
497	1956
2616	1957
123	1958
9327	1959
3501	1960
8961	1961
4128	1962
71	1963
6017	1964
5552	1965
5769	1966
2589	1967
2203	1968
2395	1969
9370	1970
9093	1971
8352	1972
8185	1973
9181	1974
3809	1975
3310	1976
6153	1977
3333	1978
1618	1979
380	1980
5987	1981
4233	1982
6896	1983
174	1984
2131	1985
7159	1986
2597	1987
433	1988
8444	1989
4149	1990
8434	1991
2844	1992
2364	1993
7244	1994
817	1995
8522	1996
6989	1997
4070	1998
451	1999
4130	2000
2989	2001
3874	2002
712	2003
8638	2004
8043	2005
5069	2006
718	2007
5691	2008
6326	2009
6619	2010
4813	2011
1918	2012
1226	2013
9453	2014
4596	2015
8644	2016
3006	2017
19	2018
318	2019
2882	2020
3321	2021
8581	2022
8862	2023
2478	2024
4394	2025
6206	2026
1231	2027
4513	2028
3005	2029
2497	2030
7044	2031
3108	2032
4874	2033
9365	2034
1065	2035
5148	2036
6613	2037
2366	2038
8950	2039
4583	2040
6406	2041
7361	2042
269	2043
2605	2044
8841	2045
2130	2046
859	2047
3351	2048
2702	2049
9498	2050
7720	2051
7548	2052
3116	2053
4129	2054
7961	2055
3452	2056
327	2057
3646	2058
5408	2059
7524	2060
2282	2061
1092	2062
7959	2063
9464	2064
394	2065
8588	2066
7430	2067
6667	2068
7456	2069
2984	2070
7325	2071
2334	2072
3410	2073
2950	2074
6606	2075
4982	2076
1732	2077
3885	2078
9308	2079
2853	2080
5277	2081
3996	2082
4815	2083
2067	2084
561	2085
4024	2086
3282	2087
1265	2088
444	2089
4541	2090
4080	2091
1257	2092
1105	2093
86	2094
931	2095
3953	2096
9304	2097
8639	2098
2966	2099
3806	2100
2342	2101
9173	2102
3034	2103
3127	2104
8105	2105
1111	2106
3447	2107
4806	2108
2444	2109
1497	2110
6342	2111
6136	2112
7440	2113
1280	2114
3392	2115
4631	2116
4023	2117
6540	2118
6551	2119
2669	2120
4896	2121
8351	2122
1078	2123
507	2124
16	2125
5556	2126
6961	2127
1124	2128
7836	2129
8609	2130
179	2131
8295	2132
626	2133
2471	2134
7956	2135
8629	2136
6719	2137
9541	2138
9322	2139
813	2140
4188	2141
546	2142
5687	2143
4577	2144
4255	2145
2022	2146
532	2147
377	2148
2988	2149
1616	2150
6781	2151
4790	2152
7920	2153
634	2154
700	2155
5695	2156
5079	2157
1815	2158
6820	2159
9085	2160
2314	2161
1746	2162
139	2163
1509	2164
865	2165
4285	2166
9472	2167
6846	2168
1962	2169
8339	2170
4144	2171
5746	2172
1871	2173
125	2174
7891	2175
6298	2176
5568	2177
5446	2178
3215	2179
68	2180
1560	2181
1620	2182
3188	2183
1357	2184
1626	2185
857	2186
1884	2187
262	2188
280	2189
7105	2190
1115	2191
1028	2192
1177	2193
6694	2194
100	2195
6799	2196
7269	2197
4224	2198
2554	2199
2086	2200
5457	2201
5285	2202
315	2203
3999	2204
2933	2205
5606	2206
3721	2207
5296	2208
550	2209
1285	2210
8186	2211
6019	2212
6122	2213
7706	2214
7355	2215
3451	2216
8139	2217
1491	2218
7552	2219
7340	2220
5632	2221
2871	2222
6852	2223
850	2224
8745	2225
2470	2226
9163	2227
6844	2228
2390	2229
5322	2230
812	2231
7611	2232
8772	2233
1313	2234
3099	2235
2685	2236
9429	2237
1712	2238
4308	2239
7579	2240
4919	2241
6164	2242
7673	2243
9324	2244
7882	2245
3317	2246
9121	2247
1036	2248
3292	2249
599	2250
5598	2251
7879	2252
8525	2253
7555	2254
2505	2255
5476	2256
6496	2257
2274	2258
8742	2259
1249	2260
7069	2261
6915	2262
7605	2263
8067	2264
9212	2265
6343	2266
4968	2267
9083	2268
372	2269
1493	2270
7448	2271
4914	2272
2910	2273
1193	2274
8558	2275
1574	2276
6760	2277
929	2278
8890	2279
9090	2280
4226	2281
8213	2282
1892	2283
3550	2284
6320	2285
7509	2286
4336	2287
8261	2288
8113	2289
7753	2290
3338	2291
2874	2292
3961	2293
2310	2294
7699	2295
3242	2296
2675	2297
1788	2298
6423	2299
1305	2300
3263	2301
2031	2302
3289	2303
8369	2304
1983	2305
8809	2306
1686	2307
2369	2308
5955	2309
4835	2310
4681	2311
107	2312
8129	2313
3777	2314
4816	2315
720	2316
1188	2317
7559	2318
6107	2319
9126	2320
291	2321
4103	2322
353	2323
4342	2324
4854	2325
8243	2326
210	2327
2528	2328
9108	2329
1452	2330
8003	2331
5664	2332
4732	2333
1018	2334
2996	2335
9362	2336
2804	2337
4022	2338
1096	2339
7965	2340
7681	2341
4335	2342
9409	2343
587	2344
2024	2345
2275	2346
3769	2347
3257	2348
7155	2349
8819	2350
2490	2351
7139	2352
8998	2353
3076	2354
4941	2355
7911	2356
8811	2357
104	2358
1159	2359
8573	2360
7123	2361
3545	2362
2673	2363
3196	2364
9459	2365
7345	2366
3776	2367
7050	2368
8365	2369
670	2370
1492	2371
7779	2372
7868	2373
5027	2374
5147	2375
7278	2376
6171	2377
4935	2378
1950	2379
6520	2380
9043	2381
8627	2382
9434	2383
9334	2384
6381	2385
6538	2386
2798	2387
3300	2388
7582	2389
7298	2390
2977	2391
7794	2392
7198	2393
4687	2394
4783	2395
1617	2396
423	2397
7243	2398
5823	2399
3948	2400
4920	2401
8551	2402
73	2403
6813	2404
7266	2405
1946	2406
934	2407
1606	2408
5060	2409
6875	2410
3136	2411
135	2412
32	2413
4907	2414
2502	2415
1602	2416
3794	2417
6439	2418
4186	2419
1645	2420
7688	2421
3284	2422
8748	2423
6185	2424
2127	2425
5567	2426
1505	2427
6543	2428
1716	2429
1611	2430
554	2431
2424	2432
287	2433
6152	2434
1960	2435
6833	2436
6972	2437
4717	2438
4955	2439
4569	2440
7875	2441
1986	2442
6268	2443
7371	2444
8488	2445
6022	2446
1693	2447
8054	2448
6162	2449
7226	2450
3788	2451
7317	2452
217	2453
8643	2454
5762	2455
4910	2456
7349	2457
7974	2458
2570	2459
4127	2460
6900	2461
4798	2462
4623	2463
7904	2464
4726	2465
5589	2466
1875	2467
739	2468
2381	2469
4348	2470
9075	2471
4759	2472
8821	2473
5997	2474
1052	2475
9112	2476
8613	2477
2653	2478
275	2479
6302	2480
1365	2481
65	2482
1513	2483
2069	2484
420	2485
274	2486
1992	2487
7010	2488
4996	2489
7487	2490
8316	2491
67	2492
5477	2493
8970	2494
736	2495
6158	2496
11	2497
783	2498
3013	2499
1358	2500
5349	2501
7953	2502
7616	2503
6251	2504
8899	2505
63	2506
8328	2507
4588	2508
5810	2509
4060	2510
5739	2511
9285	2512
7652	2513
9485	2514
6729	2515
4945	2516
1615	2517
6700	2518
1093	2519
964	2520
5031	2521
8421	2522
1914	2523
5510	2524
4917	2525
7235	2526
9237	2527
241	2528
1846	2529
9002	2530
8112	2531
5343	2532
93	2533
8010	2534
4268	2535
288	2536
586	2537
1702	2538
4360	2539
4591	2540
1670	2541
7033	2542
111	2543
6079	2544
6223	2545
6547	2546
7343	2547
1867	2548
2026	2549
744	2550
1958	2551
7519	2552
9114	2553
4397	2554
3990	2555
3141	2556
9379	2557
1084	2558
5229	2559
85	2560
1906	2561
4908	2562
2802	2563
8607	2564
349	2565
1037	2566
8221	2567
1256	2568
7135	2569
1134	2570
6456	2571
2926	2572
694	2573
3370	2574
442	2575
3493	2576
8624	2577
5796	2578
7609	2579
7926	2580
3598	2581
5359	2582
258	2583
350	2584
5153	2585
5486	2586
1001	2587
1772	2588
2738	2589
4768	2590
1889	2591
2968	2592
8611	2593
7894	2594
8640	2595
3901	2596
4675	2597
5327	2598
1937	2599
3489	2600
3025	2601
64	2602
122	2603
3037	2604
120	2605
11	2606
9019	2607
193	2608
220	2609
381	2610
536	2611
323	2612
55	2613
2971	2614
135	2615
4809	2616
3891	2617
51	2618
7978	2619
9134	2620
7264	2621
2213	2622
4500	2623
1364	2624
3287	2625
5241	2626
8329	2627
8647	2628
6806	2629
928	2630
1413	2631
6276	2632
7781	2633
1527	2634
8313	2635
1320	2636
1543	2637
8340	2638
8297	2639
4911	2640
2094	2641
4249	2642
3262	2643
4375	2644
256	2645
7628	2646
9295	2647
6380	2648
824	2649
8077	2650
1495	2651
4168	2652
335	2653
3941	2654
8357	2655
1102	2656
6934	2657
2611	2658
1550	2659
1477	2660
2028	2661
5931	2662
7901	2663
8219	2664
5175	2665
4921	2666
289	2667
4873	2668
9413	2669
2963	2670
893	2671
8214	2672
5301	2673
4738	2674
4703	2675
1347	2676
5688	2677
4442	2678
9401	2679
3547	2680
3825	2681
4966	2682
6484	2683
4216	2684
3750	2685
3786	2686
7906	2687
8014	2688
7048	2689
5912	2690
7246	2691
3264	2692
7257	2693
445	2694
8192	2695
642	2696
5257	2697
2770	2698
8194	2699
4051	2700
3032	2701
7262	2702
7745	2703
4650	2704
176	2705
9100	2706
7556	2707
1144	2708
7191	2709
7147	2710
219	2711
7199	2712
5878	2713
9187	2714
3672	2715
8828	2716
2562	2717
4797	2718
5581	2719
4492	2720
978	2721
162	2722
5921	2723
7318	2724
6328	2725
2967	2726
6027	2727
1206	2728
266	2729
8736	2730
1533	2731
4443	2732
1534	2733
6464	2734
7152	2735
5380	2736
4269	2737
5771	2738
1848	2739
622	2740
5288	2741
1352	2742
5311	2743
1369	2744
5218	2745
7196	2746
9104	2747
8972	2748
1652	2749
1474	2750
7261	2751
7182	2752
139	2753
8218	2754
1260	2755
7462	2756
8191	2757
4372	2758
6071	2759
3395	2760
342	2761
7998	2762
3510	2763
4452	2764
4991	2765
780	2766
4056	2767
5009	2768
6288	2769
4378	2770
2159	2771
82	2772
2256	2773
4124	2774
3821	2775
816	2776
6280	2777
6752	2778
2955	2779
5765	2780
7297	2781
5849	2782
3660	2783
5630	2784
60	2785
5160	2786
15	2787
6077	2788
2388	2789
7623	2790
5396	2791
4918	2792
874	2793
9272	2794
5271	2795
5447	2796
9049	2797
253	2798
159	2799
2946	2800
8134	2801
1582	2802
14	2803
4951	2804
4552	2805
8591	2806
853	2807
3580	2808
6082	2809
5302	2810
8936	2811
8805	2812
6275	2813
221	2814
9127	2815
6993	2816
5279	2817
1450	2818
399	2819
6315	2820
3027	2821
2040	2822
8062	2823
975	2824
9041	2825
1599	2826
9185	2827
7447	2828
8282	2829
102	2830
6925	2831
7458	2832
6278	2833
2386	2834
26	2835
8667	2836
3160	2837
3939	2838
9398	2839
1453	2840
5436	2841
298	2842
2377	2843
8855	2844
9230	2845
1310	2846
2278	2847
4639	2848
1099	2849
4878	2850
1017	2851
3097	2852
1896	2853
3826	2854
5085	2855
9549	2856
2226	2857
5210	2858
1792	2859
7629	2860
7083	2861
3713	2862
2161	2863
297	2864
3010	2865
1649	2866
646	2867
4373	2868
4286	2869
5485	2870
5774	2871
9005	2872
126	2873
8538	2874
7691	2875
9281	2876
5685	2877
3619	2878
6064	2879
3449	2880
4521	2881
6432	2882
5339	2883
6463	2884
8304	2885
3613	2886
4780	2887
2975	2888
4647	2889
772	2890
3187	2891
4636	2892
7097	2893
321	2894
3175	2895
8544	2896
1198	2897
2233	2898
731	2899
2043	2900
7714	2901
171	2902
100	2903
3743	2904
7665	2905
1242	2906
8831	2907
2668	2908
9335	2909
1490	2910
3918	2911
4209	2912
1395	2913
5043	2914
4223	2915
542	2916
4900	2917
4423	2918
173	2919
5605	2920
392	2921
2583	2922
162	2923
2658	2924
5145	2925
9433	2926
4172	2927
5104	2928
76	2929
5508	2930
3118	2931
7078	2932
396	2933
8103	2934
7251	2935
987	2936
2270	2937
1329	2938
4792	2939
1279	2940
5295	2941
8239	2942
5371	2943
4635	2944
993	2945
6183	2946
8082	2947
182	2948
3860	2949
7839	2950
3582	2951
4543	2952
14	2953
8839	2954
9263	2955
1573	2956
4696	2957
107	2958
7342	2959
5205	2960
8587	2961
5674	2962
6083	2963
5080	2964
2973	2965
8632	2966
6321	2967
5825	2968
5778	2969
4379	2970
112	2971
7711	2972
3308	2973
5330	2974
7660	2975
4613	2976
1547	2977
2728	2978
1583	2979
173	2980
499	2981
1947	2982
3231	2983
1739	2984
4517	2985
5707	2986
6759	2987
365	2988
1641	2989
141	2990
1411	2991
8025	2992
8655	2993
2358	2994
6505	2995
8612	2996
1831	2997
5681	2998
3790	2999
8267	3000
8483	3001
468	3002
1576	3003
7731	3004
2116	3005
9217	3006
1584	3007
1423	3008
3210	3009
6362	3010
6438	3011
1072	3012
2269	3013
3298	3014
7583	3015
150	3016
185	3017
3424	3018
8203	3019
6338	3020
4849	3021
28	3022
2742	3023
6116	3024
3817	3025
5133	3026
1024	3027
3770	3028
8989	3029
7739	3030
6090	3031
2811	3032
7233	3033
7460	3034
5438	3035
4624	3036
4106	3037
5244	3038
6132	3039
9465	3040
3330	3041
3676	3042
8601	3043
9021	3044
7154	3045
7259	3046
2185	3047
6726	3048
9038	3049
8336	3050
3060	3051
3177	3052
6413	3053
2287	3054
2357	3055
2577	3056
6945	3057
2018	3058
3036	3059
5315	3060
1682	3061
5157	3062
473	3063
2584	3064
8620	3065
3937	3066
1789	3067
9188	3068
8144	3069
4040	3070
7334	3071
3422	3072
1121	3073
9511	3074
6168	3075
3787	3076
6646	3077
5367	3078
7766	3079
3616	3080
7045	3081
1911	3082
1462	3083
4644	3084
9266	3085
1935	3086
299	3087
1343	3088
331	3089
998	3090
4859	3091
7580	3092
5922	3093
7165	3094
4424	3095
2534	3096
9130	3097
8853	3098
1725	3099
6924	3100
57	3101
7900	3102
9543	3103
7470	3104
2327	3105
2801	3106
2671	3107
4539	3108
4318	3109
1175	3110
7060	3111
747	3112
232	3113
9193	3114
2796	3115
6561	3116
8835	3117
1782	3118
3460	3119
5584	3120
5177	3121
464	3122
3780	3123
1377	3124
9123	3125
8180	3126
8657	3127
2700	3128
3539	3129
106	3130
593	3131
1101	3132
4497	3133
268	3134
358	3135
4146	3136
6733	3137
212	3138
8953	3139
1344	3140
2212	3141
7500	3142
9106	3143
6526	3144
5109	3145
2315	3146
6986	3147
5761	3148
976	3149
2591	3150
7590	3151
205	3152
7520	3153
8860	3154
8480	3155
9107	3156
8988	3157
3387	3158
7659	3159
190	3160
4493	3161
1142	3162
8442	3163
8955	3164
927	3165
7287	3166
5358	3167
4428	3168
8273	3169
3692	3170
2834	3171
4657	3172
7143	3173
2650	3174
6476	3175
7049	3176
367	3177
1392	3178
2493	3179
206	3180
5753	3181
2	3182
1628	3183
961	3184
175	3185
8594	3186
9542	3187
5677	3188
270	3189
2115	3190
6426	3191
3742	3192
6600	3193
8138	3194
5641	3195
3092	3196
2459	3197
7006	3198
1907	3199
5964	3200
3499	3201
515	3202
6516	3203
6774	3204
9530	3205
1719	3206
435	3207
7614	3208
8301	3209
4957	3210
6749	3211
2461	3212
9478	3213
2128	3214
4179	3215
680	3216
8854	3217
8752	3218
2373	3219
8875	3220
4971	3221
6905	3222
9294	3223
170	3224
794	3225
20	3226
6272	3227
5259	3228
5489	3229
2640	3230
3564	3231
3376	3232
5373	3233
7884	3234
8465	3235
6645	3236
9495	3237
2531	3238
7274	3239
4634	3240
3211	3241
9438	3242
6003	3243
6711	3244
1713	3245
9088	3246
795	3247
7992	3248
2535	3249
4343	3250
6660	3251
504	3252
3061	3253
8119	3254
8142	3255
6138	3256
9440	3257
1586	3258
76	3259
6250	3260
9153	3261
4782	3262
5891	3263
2909	3264
3265	3265
3684	3266
4690	3267
276	3268
2009	3269
6902	3270
7255	3271
5176	3272
3605	3273
6883	3274
2906	3275
8211	3276
96	3277
8455	3278
3243	3279
2590	3280
6530	3281
146	3282
7809	3283
6558	3284
7618	3285
5704	3286
2290	3287
7715	3288
222	3289
6597	3290
4879	3291
8682	3292
1125	3293
5777	3294
6256	3295
4218	3296
9024	3297
7751	3298
9328	3299
5763	3300
4680	3301
7201	3302
2063	3303
5342	3304
6501	3305
5694	3306
8844	3307
8614	3308
3917	3309
3681	3310
5871	3311
6692	3312
9298	3313
2579	3314
3869	3315
4447	3316
2995	3317
6580	3318
325	3319
3615	3320
4383	3321
5967	3322
5424	3323
1921	3324
1030	3325
8280	3326
2427	3327
4607	3328
6182	3329
9403	3330
2713	3331
3484	3332
3759	3333
5518	3334
6918	3335
1556	3336
3740	3337
7172	3338
6904	3339
7871	3340
7125	3341
7418	3342
3283	3343
967	3344
5633	3345
5006	3346
7411	3347
530	3348
1047	3349
709	3350
8706	3351
6351	3352
8348	3353
7621	3354
9503	3355
1122	3356
5089	3357
5550	3358
370	3359
3193	3360
4181	3361
6871	3362
6929	3363
8364	3364
4558	3365
5579	3366
7499	3367
6324	3368
3673	3369
1660	3370
223	3371
6874	3372
1778	3373
5022	3374
3311	3375
9040	3376
6620	3377
9022	3378
4050	3379
4761	3380
9218	3381
8070	3382
9456	3383
9348	3384
2083	3385
7031	3386
1977	3387
1323	3388
667	3389
247	3390
672	3391
4007	3392
2761	3393
8914	3394
7335	3395
4328	3396
5649	3397
103	3398
2697	3399
9515	3400
9427	3401
7878	3402
1494	3403
7764	3404
2075	3405
995	3406
5308	3407
3454	3408
7341	3409
4731	3410
4213	3411
1085	3412
6244	3413
4122	3414
9290	3415
8850	3416
5087	3417
8071	3418
8932	3419
2412	3420
2543	3421
7897	3422
5220	3423
4581	3424
5576	3425
9068	3426
989	3427
5376	3428
9069	3429
2299	3430
8037	3431
6894	3432
8464	3433
2772	3434
2832	3435
2797	3436
256	3437
7762	3438
944	3439
8085	3440
4388	3441
8787	3442
5250	3443
6628	3444
6671	3445
5676	3446
9422	3447
9154	3448
6688	3449
4572	3450
5883	3451
6300	3452
2297	3453
192	3454
8995	3455
3073	3456
2089	3457
2587	3458
6440	3459
224	3460
1648	3461
3158	3462
3304	3463
8254	3464
34	3465
5215	3466
7948	3467
7669	3468
238	3469
562	3470
3761	3471
5463	3472
7245	3473
9231	3474
4628	3475
6133	3476
5683	3477
9338	3478
7886	3479
182	3480
5978	3481
8335	3482
202	3483
671	3484
7202	3485
8403	3486
5680	3487
3331	3488
5911	3489
2929	3490
4755	3491
5954	3492
9200	3493
1130	3494
8663	3495
6184	3496
3531	3497
5419	3498
5269	3499
1399	3500
208	3501
4025	3502
7591	3503
1346	3504
2614	3505
568	3506
4143	3507
8387	3508
2077	3509
7475	3510
4367	3511
735	3512
6498	3513
4772	3514
3011	3515
7348	3516
2232	3517
5035	3518
8045	3519
8223	3520
8184	3521
3161	3522
8285	3523
4027	3524
5788	3525
6853	3526
1384	3527
8662	3528
7693	3529
2836	3530
2746	3531
5470	3532
2289	3533
7967	3534
23	3535
6283	3536
7661	3537
4346	3538
6407	3539
6618	3540
8106	3541
6450	3542
4880	3543
7622	3544
461	3545
6059	3546
3926	3547
2250	3548
3570	3549
1290	3550
9544	3551
37	3552
707	3553
3649	3554
2549	3555
1412	3556
2194	3557
1804	3558
6095	3559
3784	3560
4398	3561
294	3562
7082	3563
7074	3564
2809	3565
5909	3566
3286	3567
3401	3568
8602	3569
281	3570
2008	3571
3785	3572
2659	3573
4700	3574
4719	3575
6175	3576
1680	3577
4595	3578
315	3579
2953	3580
5658	3581
8268	3582
359	3583
8026	3584
3558	3585
8621	3586
5656	3587
6487	3588
7423	3589
9377	3590
6850	3591
6545	3592
6907	3593
1799	3594
283	3595
1922	3596
9197	3597
129	3598
75	3599
6792	3600
3669	3601
4739	3602
7630	3603
6669	3604
17	3605
1389	3606
4176	3607
1039	3608
2	3609
2221	3610
2931	3611
3698	3612
1458	3613
5617	3614
9248	3615
4440	3616
470	3617
3635	3618
340	3619
5956	3620
6570	3621
5054	3622
2701	3623
2014	3624
6047	3625
233	3626
6207	3627
5179	3628
273	3629
5667	3630
969	3631
3927	3632
1997	3633
3455	3634
5715	3635
8354	3636
304	3637
7358	3638
8694	3639
4362	3640
3421	3641
1042	3642
5961	3643
7855	3644
2672	3645
6254	3646
4893	3647
6425	3648
3892	3649
6135	3650
8168	3651
6128	3652
7763	3653
2648	3654
5182	3655
4987	3656
8487	3657
866	3658
5230	3659
2714	3660
664	3661
78	3662
2055	3663
4976	3664
166	3665
1051	3666
8530	3667
518	3668
8093	3669
6913	3670
8605	3671
6126	3672
1957	3673
8222	3674
8699	3675
4194	3676
8198	3677
2757	3678
6101	3679
2208	3680
5242	3681
7393	3682
688	3683
383	3684
6051	3685
9135	3686
137	3687
3530	3688
5392	3689
5537	3690
4714	3691
3795	3692
5189	3693
4479	3694
8055	3695
1572	3696
8792	3697
867	3698
8946	3699
2634	3700
9039	3701
6092	3702
1004	3703
6632	3704
7392	3705
42	3706
3534	3707
240	3708
6363	3709
101	3710
1472	3711
9058	3712
3358	3713
8260	3714
6855	3715
90	3716
9195	3717
3433	3718
8804	3719
3626	3720
4338	3721
6174	3722
3520	3723
8322	3724
3971	3725
3584	3726
325	3727
3930	3728
4134	3729
8319	3730
1951	3731
5899	3732
8424	3733
8767	3734
2925	3735
2862	3736
1869	3737
721	3738
6943	3739
6308	3740
9256	3741
126	3742
7787	3743
6054	3744
1213	3745
6745	3746
6518	3747
31	3748
9326	3749
4477	3750
2637	3751
2639	3752
6113	3753
6065	3754
3853	3755
7480	3756
7638	3757
7521	3758
9339	3759
9210	3760
7896	3761
6695	3762
3346	3763
1731	3764
5082	3765
2235	3766
5549	3767
4970	3768
1847	3769
116	3770
4009	3771
9547	3772
8744	3773
8760	3774
9477	3775
1288	3776
2248	3777
2897	3778
8042	3779
6532	3780
8404	3781
1631	3782
5	3783
4597	3784
8001	3785
285	3786
2504	3787
7672	3788
3947	3789
7770	3790
6238	3791
225	3792
7723	3793
6002	3794
1038	3795
7113	3796
6414	3797
1744	3798
8360	3799
5155	3800
5783	3801
3045	3802
2080	3803
8593	3804
7518	3805
1040	3806
7215	3807
5462	3808
9150	3809
1187	3810
6515	3811
7239	3812
5716	3813
716	3814
8733	3815
9136	3816
2408	3817
4147	3818
7994	3819
7811	3820
4211	3821
4548	3822
7145	3823
4940	3824
4304	3825
7850	3826
3464	3827
3792	3828
7761	3829
9013	3830
2969	3831
8091	3832
914	3833
9428	3834
8172	3835
3380	3836
2267	3837
8101	3838
7677	3839
1428	3840
455	3841
5221	3842
2559	3843
5440	3844
1973	3845
9447	3846
8246	3847
9332	3848
3655	3849
9279	3850
2200	3851
92	3852
9455	3853
8353	3854
2773	3855
3670	3856
6479	3857
8504	3858
44	3859
7972	3860
851	3861
7736	3862
454	3863
4943	3864
2401	3865
155	3866
440	3867
4415	3868
7942	3869
5264	3870
9157	3871
5800	3872
391	3873
5577	3874
1351	3875
1826	3876
3480	3877
1235	3878
61	3879
4967	3880
1485	3881
6375	3882
5733	3883
1227	3884
9118	3885
6007	3886
966	3887
8225	3888
268	3889
6939	3890
3618	3891
768	3892
5977	3893
3529	3894
903	3895
5034	3896
8897	3897
7895	3898
3245	3899
5484	3900
4191	3901
2141	3902
1229	3903
8167	3904
2657	3905
7840	3906
1920	3907
35	3908
855	3909
7067	3910
3337	3911
3732	3912
4762	3913
1760	3914
1855	3915
376	3916
2514	3917
869	3918
9031	3919
5894	3920
544	3921
4890	3922
5818	3923
4114	3924
7229	3925
1149	3926
2416	3927
8490	3928
324	3929
1271	3930
4333	3931
77	3932
7643	3933
5986	3934
6392	3935
7337	3936
1781	3937
7593	3938
9115	3939
5007	3940
7639	3941
1054	3942
7653	3943
330	3944
8452	3945
3067	3946
7035	3947
1824	3948
6835	3949
3125	3950
1345	3951
5233	3952
5020	3953
5619	3954
916	3955
8964	3956
3694	3957
6043	3958
614	3959
1872	3960
6239	3961
9442	3962
1966	3963
387	3964
18	3965
5192	3966
7446	3967
5678	3968
4676	3969
3197	3970
4433	3971
3143	3972
5439	3973
2782	3974
2411	3975
3664	3976
1671	3977
974	3978
2054	3979
5732	3980
88	3981
4417	3982
2392	3983
5209	3984
5736	3985
2181	3986
3043	3987
4566	3988
1011	3989
3297	3990
5383	3991
8982	3992
7292	3993
1837	3994
8665	3995
8449	3996
2240	3997
2361	3998
2321	3999
1459	4000
6303	4001
7367	4002
3849	4003
5050	4004
11	4005
4645	4006
8451	4007
8469	4008
7982	4009
2435	4010
7597	4011
1307	4012
9402	4013
7193	4014
8073	4015
3850	4016
881	4017
8264	4018
36	4019
7824	4020
4298	4021
6144	4022
5516	4023
3666	4024
1173	4025
1176	4026
8279	4027
6430	4028
7496	4029
831	4030
260	4031
4316	4032
4550	4033
6857	4034
4807	4035
2492	4036
3256	4037
7366	4038
900	4039
3907	4040
937	4041
2426	4042
4138	4043
2918	4044
1737	4045
4850	4046
6117	4047
3404	4048
5321	4049
2920	4050
2865	4051
398	4052
1614	4053
3837	4054
2087	4055
3179	4056
5173	4057
1630	4058
3957	4059
7384	4060
9081	4061
5644	4062
8310	4063
9309	4064
852	4065
6231	4066
1612	4067
1058	4068
9168	4069
2305	4070
1132	4071
8207	4072
8145	4073
3640	4074
8681	4075
6031	4076
3016	4077
6397	4078
8884	4079
2517	4080
9017	4081
4579	4082
8110	4083
4299	4084
7566	4085
5896	4086
5428	4087
5228	4088
4787	4089
3343	4090
98	4091
4234	4092
432	4093
5786	4094
7330	4095
5407	4096
9546	4097
5657	4098
7525	4099
9192	4100
7694	4101
8793	4102
796	4103
6626	4104
5482	4105
4195	4106
6810	4107
8374	4108
6572	4109
5405	4110
7698	4111
6827	4112
7471	4113
6828	4114
3482	4115
4881	4116
7601	4117
6291	4118
669	4119
6906	4120
3095	4121
8133	4122
5191	4123
141	4124
2974	4125
828	4126
7702	4127
8081	4128
2578	4129
3001	4130
4573	4131
3281	4132
9095	4133
6329	4134
13	4135
6020	4136
9523	4137
2434	4138
3747	4139
4606	4140
6001	4141
276	4142
5090	4143
8541	4144
3153	4145
8383	4146
5594	4147
5225	4148
230	4149
5418	4150
965	4151
1843	4152
4166	4153
9368	4154
6119	4155
8912	4156
2463	4157
7768	4158
677	4159
2005	4160
3377	4161
5430	4162
8960	4163
6831	4164
8712	4165
8786	4166
8885	4167
653	4168
5888	4169
6372	4170
1829	4171
406	4172
6996	4173
608	4174
2900	4175
3365	4176
5118	4177
8114	4178
2104	4179
8595	4180
8702	4181
8705	4182
8980	4183
4627	4184
6435	4185
7993	4186
5935	4187
5141	4188
7378	4189
9053	4190
6042	4191
4468	4192
2064	4193
7738	4194
6319	4195
5256	4196
187	4197
2421	4198
5669	4199
2846	4200
1348	4201
786	4202
7410	4203
105	4204
7176	4205
8829	4206
1259	4207
3165	4208
312	4209
447	4210
8034	4211
6836	4212
8153	4213
9412	4214
8878	4215
9205	4216
5294	4217
8765	4218
6434	4219
6701	4220
7427	4221
3568	4222
5421	4223
5458	4224
4529	4225
7788	4226
2125	4227
5572	4228
4053	4229
2908	4230
8690	4231
9289	4232
6212	4233
685	4234
4251	4235
496	4236
2027	4237
2948	4238
2687	4239
2537	4240
2210	4241
3230	4242
7454	4243
8415	4244
1681	4245
4238	4246
3540	4247
6611	4248
7946	4249
7851	4250
3407	4251
7624	4252
4257	4253
7273	4254
9336	4255
8256	4256
2148	4257
8514	4258
5002	4259
2841	4260
8237	4261
1295	4262
6357	4263
1089	4264
3733	4265
7864	4266
5414	4267
8052	4268
4640	4269
6384	4270
6191	4271
7686	4272
5204	4273
3398	4274
4937	4275
392	4276
343	4277
7090	4278
8822	4279
1838	4280
4516	4281
466	4282
7465	4283
9086	4284
2109	4285
6517	4286
3800	4287
5212	4288
5741	4289
767	4290
5533	4291
6034	4292
163	4293
8673	4294
9120	4295
579	4296
2302	4297
3883	4298
8531	4299
935	4300
3267	4301
265	4302
3415	4303
6412	4304
7640	4305
108	4306
6887	4307
3268	4308
3360	4309
9431	4310
3893	4311
6901	4312
6286	4313
7051	4314
1708	4315
7834	4316
3323	4317
5983	4318
2839	4319
2192	4320
8743	4321
64	4322
572	4323
7389	4324
8152	4325
4068	4326
5675	4327
4527	4328
5996	4329
347	4330
779	4331
83	4332
217	4333
6037	4334
7776	4335
9026	4336
2300	4337
9061	4338
215	4339
5712	4340
9025	4341
7094	4342
3980	4343
1137	4344
5834	4345
8462	4346
3763	4347
3244	4348
7086	4349
1221	4350
7680	4351
238	4352
9318	4353
7947	4354
5363	4355
5083	4356
3029	4357
7607	4358
6579	4359
6866	4360
9510	4361
7189	4362
6163	4363
3280	4364
6552	4365
3021	4366
6045	4367
6685	4368
650	4369
9288	4370
4801	4371
8532	4372
1145	4373
863	4374
2010	4375
1230	4376
5811	4377
1919	4378
3028	4379
5976	4380
1362	4381
155	4382
9311	4383
1171	4384
6704	4385
9092	4386
196	4387
3100	4388
2632	4389
697	4390
1971	4391
1506	4392
3418	4393
6485	4394
8604	4395
4649	4396
4198	4397
1205	4398
199	4399
9535	4400
8864	4401
2135	4402
986	4403
856	4404
2915	4405
657	4406
1774	4407
5548	4408
8334	4409
5198	4410
2764	4411
245	4412
4275	4413
6480	4414
915	4415
930	4416
7647	4417
8459	4418
2592	4419
2868	4420
5149	4421
5665	4422
8872	4423
3933	4424
1066	4425
1336	4426
1095	4427
9179	4428
3138	4429
8377	4430
1808	4431
408	4432
1926	4433
2437	4434
3610	4435
1989	4436
8762	4437
784	4438
1116	4439
4948	4440
7207	4441
3998	4442
7808	4443
8608	4444
2494	4445
5940	4446
4246	4447
6009	4448
5831	4449
9388	4450
3258	4451
2227	4452
9320	4453
3091	4454
5494	4455
4786	4456
8089	4457
146	4458
9016	4459
5236	4460
342	4461
9250	4462
4871	4463
8523	4464
8197	4465
2533	4466
184	4467
7666	4468
4671	4469
4202	4470
511	4471
9286	4472
322	4473
8379	4474
7042	4475
6473	4476
2913	4477
6061	4478
5795	4479
1736	4480
5046	4481
3479	4482
5361	4483
9494	4484
912	4485
3328	4486
2052	4487
8004	4488
6954	4489
89	4490
7847	4491
5012	4492
531	4493
52	4494
5350	4495
2345	4496
6358	4497
7933	4498
6640	4499
1074	4500
2262	4501
7656	4502
29	4503
295	4504
3172	4505
3185	4506
7534	4507
7180	4508
239	4509
5261	4510
5597	4511
7815	4512
6385	4513
2667	4514
5061	4515
1613	4516
4661	4517
4414	4518
97	4519
7758	4520
7309	4521
676	4522
2641	4523
8381	4524
3524	4525
2654	4526
4697	4527
4457	4528
2847	4529
8143	4530
215	4531
6527	4532
8262	4533
705	4534
5776	4535
5603	4536
6214	4537
785	4538
2509	4539
152	4540
1311	4541
3444	4542
5207	4543
16	4544
4927	4545
2230	4546
6230	4547
4632	4548
6105	4549
2690	4550
1651	4551
1269	4552
578	4553
923	4554
8798	4555
4064	4556
7685	4557
6544	4558
4819	4559
6528	4560
2941	4561
8651	4562
8715	4563
980	4564
7483	4565
5984	4566
1798	4567
8756	4568
9474	4569
792	4570
6	4571
9143	4572
7406	4573
9213	4574
2403	4575
765	4576
1563	4577
6058	4578
1733	4579
2506	4580
7129	4581
4793	4582
8177	4583
6937	4584
5616	4585
1267	4586
3523	4587
381	4588
81	4589
7168	4590
3069	4591
3312	4592
5586	4593
5232	4594
157	4595
2731	4596
690	4597
6723	4598
8479	4599
7664	4600
1201	4601
4105	4602
3518	4603
719	4604
7767	4605
4608	4606
913	4607
6553	4608
2829	4609
7183	4610
4526	4611
2744	4612
8838	4613
1281	4614
3139	4615
4384	4616
7786	4617
4331	4618
8433	4619
7799	4620
7277	4621
2123	4622
3348	4623
6693	4624
5609	4625
3730	4626
7587	4627
5917	4628
90	4629
395	4630
9514	4631
9384	4632
6582	4633
4189	4634
5820	4635
2207	4636
3549	4637
8311	4638
6471	4639
3383	4640
5808	4641
4021	4642
489	4643
5519	4644
8423	4645
6899	4646
6950	4647
13	4648
8557	4649
8516	4650
2754	4651
1315	4652
4370	4653
7722	4654
405	4655
523	4656
2460	4657
7400	4658
6947	4659
5727	4660
7230	4661
8597	4662
9206	4663
2510	4664
3022	4665
4677	4666
5916	4667
4924	4668
7696	4669
198	4670
7131	4671
1701	4672
16	4673
6655	4674
2545	4675
5947	4676
5744	4677
9476	4678
1463	4679
706	4680
522	4681
1777	4682
5146	4683
595	4684
40	4685
3129	4686
2442	4687
9437	4688
7181	4689
5324	4690
5490	4691
7619	4692
5923	4693
1588	4694
6477	4695
8159	4696
9	4697
4494	4698
9516	4699
5713	4700
5847	4701
4312	4702
5110	4703
2349	4704
6355	4705
4432	4706
5357	4707
7985	4708
5504	4709
2760	4710
2546	4711
363	4712
7100	4713
2406	4714
7830	4715
2468	4716
3508	4717
1473	4718
7482	4719
3955	4720
229	4721
2740	4722
2956	4723
6387	4724
3498	4725
6622	4726
4868	4727
7491	4728
28	4729
2145	4730
2243	4731
4509	4732
9166	4733
2174	4734
6364	4735
8692	4736
6449	4737
4609	4738
6521	4739
2785	4740
1373	4741
3126	4742
5365	4743
40	4744
9129	4745
1162	4746
2830	4747
9350	4748
8926	4749
3425	4750
6323	4751
1306	4752
5074	4753
242	4754
9292	4755
9306	4756
46	4757
8109	4758
2755	4759
8047	4760
7572	4761
3080	4762
5645	4763
6290	4764
7101	4765
8840	4766
3266	4767
552	4768
1000	4769
2712	4770
9441	4771
3758	4772
8777	4773
9258	4774
56	4775
7242	4776
4679	4777
1015	4778
114	4779
1976	4780
769	4781
7214	4782
5202	4783
3543	4784
40	4785
7402	4786
112	4787
9020	4788
2768	4789
5387	4790
5416	4791
5829	4792
1192	4793
5448	4794
3845	4795
7488	4796
3309	4797
4253	4798
9030	4799
6607	4800
6218	4801
5596	4802
8669	4803
9183	4804
6802	4805
7134	4806
2574	4807
7301	4808
2259	4809
4078	4810
7080	4811
2006	4812
3915	4813
2150	4814
9301	4815
133	4816
1601	4817
6008	4818
8526	4819
5822	4820
5932	4821
9132	4822
6614	4823
8466	4824
9504	4825
3390	4826
898	4827
6653	4828
7586	4829
3748	4830
4072	4831
7186	4832
378	4833
9352	4834
9367	4835
5345	4836
2254	4837
4592	4838
6057	4839
7303	4840
3064	4841
3609	4842
6143	4843
8887	4844
521	4845
7544	4846
854	4847
4686	4848
612	4849
5815	4850
2398	4851
65	4852
1014	4853
7704	4854
380	4855
9461	4856
169	4857
1917	4858
8095	4859
8895	4860
8560	4861
6124	4862
6756	4863
92	4864
8973	4865
165	4866
2532	4867
467	4868
2957	4869
8813	4870
7457	4871
5247	4872
5654	4873
3168	4874
163	4875
1635	4876
9224	4877
7435	4878
7171	4879
54	4880
3682	4881
6868	4882
4844	4883
361	4884
55	4885
3255	4886
3944	4887
2016	4888
2183	4889
9497	4890
5756	4891
8908	4892
6783	4893
2330	4894
6818	4895
43	4896
2225	4897
3088	4898
403	4899
42	4900
3707	4901
9191	4902
6494	4903
8939	4904
577	4905
4891	4906
9507	4907
5044	4908
7472	4909
1009	4910
3117	4911
2154	4912
574	4913
221	4914
3913	4915
958	4916
4578	4917
5995	4918
415	4919
1516	4920
1408	4921
285	4922
6964	4923
3648	4924
6006	4925
9164	4926
2621	4927
322	4928
907	4929
3209	4930
4455	4931
3134	4932
4964	4933
7350	4934
4271	4935
844	4936
3622	4937
6730	4938
4252	4939
3902	4940
8929	4941
6890	4942
6994	4943
23	4944
5902	4945
1440	4946
1566	4947
2448	4948
295	4949
6798	4950
5951	4951
2991	4952
3951	4953
5292	4954
3515	4955
8427	4956
2023	4957
5346	4958
8867	4959
4196	4960
2	4961
6624	4962
6100	4963
341	4964
4412	4965
6429	4966
8068	4967
2000	4968
8987	4969
9220	4970
9518	4971
9147	4972
2441	4973
7584	4974
5326	4975
1160	4976
1881	4977
5049	4978
7650	4979
6951	4980
2430	4981
529	4982
2894	4983
7676	4984
87	4985
7916	4986
9010	4987
8164	4988
9313	4989
9264	4990
3659	4991
1704	4992
4674	4993
7250	4994
1375	4995
2197	4996
4646	4997
649	4998
117	4999
5970	5000
909	5001
3751	5002
6242	5003
4082	5004
7602	5005
3804	5006
3068	5007
2312	5008
4464	5009
8039	5010
605	5011
7197	5012
1003	5013
148	5014
3727	5015
5747	5016
9357	5017
7757	5018
9199	5019
7225	5020
5309	5021
6757	5022
5602	5023
196	5024
8653	5025
4315	5026
8020	5027
3866	5028
4139	5029
2472	5030
7109	5031
8174	5032
7784	5033
1994	5034
2060	5035
4088	5036
9208	5037
1659	5038
5397	5039
1436	5040
95	5041
1825	5042
5388	5043
8962	5044
4352	5045
823	5046
6903	5047
6661	5048
1237	5049
806	5050
4846	5051
1857	5052
9072	5053
3726	5054
6843	5055
7056	5056
5306	5057
62	5058
7	5059
6274	5060
8395	5061
3152	5062
7575	5063
8814	5064
9223	5065
5099	5066
2162	5067
3325	5068
8281	5069
9486	5070
244	5071
1949	5072
5869	5073
9171	5074
6912	5075
7567	5076
7823	5077
1123	5078
4038	5079
5628	5080
4302	5081
1443	5082
2736	5083
5722	5084
2876	5085
1928	5086
4778	5087
979	5088
6914	5089
7206	5090
2193	5091
2295	5092
375	5093
691	5094
1112	5095
5621	5096
840	5097
4401	5098
6203	5099
8051	5100
44	5101
2857	5102
5936	5103
7304	5104
4534	5105
6261	5106
8371	5107
5478	5108
5281	5109
1932	5110
7557	5111
6676	5112
8094	5113
2949	5114
7254	5115
8583	5116
5282	5117
2293	5118
7930	5119
675	5120
3345	5121
3940	5122
1503	5123
4486	5124
6353	5125
2544	5126
386	5127
3023	5128
6279	5129
6454	5130
7841	5131
4702	5132
4471	5133
5565	5134
4712	5135
3163	5136
1476	5137
6793	5138
7117	5139
9052	5140
264	5141
6625	5142
4870	5143
7759	5144
1988	5145
3876	5146
3731	5147
241	5148
99	5149
5353	5150
5637	5151
7438	5152
6330	5153
3511	5154
236	5155
2717	5156
9137	5157
7821	5158
2665	5159
7826	5160
3859	5161
4736	5162
2143	5163
8553	5164
6099	5165
2074	5166
3456	5167
9317	5168
537	5169
7996	5170
2351	5171
5939	5172
2686	5173
4118	5174
8405	5175
3354	5176
3457	5177
950	5178
7919	5179
5517	5180
7966	5181
3697	5182
2112	5183
6023	5184
4327	5185
9287	5186
4020	5187
32	5188
7133	5189
4076	5190
6205	5191
7791	5192
3104	5193
3225	5194
7002	5195
5333	5196
3171	5197
3814	5198
2155	5199
9146	5200
4371	5201
841	5202
8456	5203
4392	5204
5200	5205
5234	5206
3336	5207
1964	5208
2522	5209
296	5210
5705	5211
2034	5212
8952	5213
9245	5214
7857	5215
6681	5216
6337	5217
2678	5218
2140	5219
6087	5220
8868	5221
5075	5222
3544	5223
72	5224
1830	5225
6589	5226
6838	5227
729	5228
4864	5229
888	5230
6876	5231
4856	5232
8151	5233
3388	5234
2126	5235
361	5236
7684	5237
1642	5238
7658	5239
4151	5240
6354	5241
5779	5242
5752	5243
8661	5244
7289	5245
5017	5246
673	5247
1915	5248
5740	5249
6826	5250
4805	5251
4358	5252
2466	5253
5381	5254
887	5255
239	5256
1690	5257
8127	5258
3378	5259
7976	5260
7360	5261
5801	5262
5144	5263
1355	5264
1386	5265
4659	5266
6093	5267
834	5268
1302	5269
41	5270
5723	5271
329	5272
7065	5273
4084	5274
6926	5275
1663	5276
6981	5277
6475	5278
4121	5279
346	5280
6658	5281
17	5282
5757	5283
326	5284
3472	5285
1341	5286
1048	5287
4190	5288
226	5289
383	5290
130	5291
9519	5292
2568	5293
2484	5294
2418	5295
6197	5296
9374	5297
7798	5298
6715	5299
4389	5300
3753	5301
8385	5302
8092	5303
6062	5304
4528	5305
1297	5306
5650	5307
1998	5308
5052	5309
3507	5310
4547	5311
8296	5312
5835	5313
366	5314
5534	5315
2263	5316
2709	5317
2090	5318
9233	5319
2383	5320
6698	5321
8491	5322
7710	5323
6764	5324
5889	5325
6442	5326
2041	5327
9260	5328
4439	5329
7114	5330
2244	5331
8696	5332
54	5333
6724	5334
591	5335
5323	5336
2629	5337
487	5338
6919	5339
1484	5340
7863	5341
4906	5342
7132	5343
4913	5344
4222	5345
3855	5346
6722	5347
1104	5348
5420	5349
4619	5350
5703	5351
7352	5352
7560	5353
2838	5354
4243	5355
7913	5356
2050	5357
2439	5358
8326	5359
7599	5360
2201	5361
8	5362
2556	5363
933	5364
8561	5365
51	5366
3621	5367
8816	5368
1431	5369
2491	5370
8418	5371
9228	5372
5946	5373
1076	5374
4276	5375
7445	5376
102	5377
3680	5378
5465	5379
3124	5380
6010	5381
4630	5382
9109	5383
6714	5384
5593	5385
814	5386
3110	5387
7219	5388
3024	5389
3607	5390
4054	5391
3846	5392
7436	5393
9105	5394
6720	5395
4533	5396
9255	5397
3964	5398
1672	5399
4810	5400
3448	5401
67	5402
5560	5403
2762	5404
2431	5405
374	5406
4722	5407
6556	5408
6111	5409
143	5410
123	5411
7481	5412
3801	5413
7719	5414
4817	5415
7550	5416
808	5417
4695	5418
9525	5419
3700	5420
6161	5421
4536	5422
7969	5423
3123	5424
5354	5425
2569	5426
2106	5427
620	5428
6489	5429
2343	5430
4865	5431
5492	5432
6220	5433
8892	5434
9089	5435
3686	5436
9178	5437
3924	5438
2068	5439
5293	5440
3450	5441
279	5442
5709	5443
2180	5444
4498	5445
4769	5446
6437	5447
465	5448
3249	5449
333	5450
7805	5451
5032	5452
701	5453
1390	5454
2774	5455
3911	5456
472	5457
479	5458
4775	5459
4204	5460
1517	5461
1215	5462
1729	5463
8803	5464
8518	5465
9216	5466
259	5467
37	5468
5111	5469
7914	5470
8012	5471
6159	5472
2132	5473
7874	5474
576	5475
6642	5476
1627	5477
659	5478
4141	5479
4087	5480
3725	5481
630	5482
413	5483
6574	5484
1465	5485
1754	5486
2964	5487
5828	5488
1062	5489
1241	5490
7783	5491
2904	5492
7991	5493
3997	5494
8011	5495
8368	5496
1548	5497
9405	5498
8429	5499
4171	5500
7003	5501
1043	5502
1322	5503
7281	5504
6495	5505
8201	5506
1350	5507
7421	5508
8	5509
1196	5510
1324	5511
319	5512
2887	5513
2316	5514
1246	5515
8919	5516
10	5517
1715	5518
6594	5519
696	5520
7478	5521
1753	5522
703	5523
1445	5524
5507	5525
2571	5526
257	5527
3989	5528
1005	5529
1501	5530
6712	5531
194	5532
8764	5533
1970	5534
1581	5535
1296	5536
4034	5537
3488	5538
3487	5539
4866	5540
6246	5541
5735	5542
5749	5543
4113	5544
8524	5545
2905	5546
3592	5547
4351	5548
7780	5549
8993	5550
4214	5551
457	5552
3938	5553
9082	5554
3791	5555
6795	5556
1294	5557
8716	5558
8565	5559
5466	5560
4337	5561
9450	5562
4502	5563
4422	5564
4707	5565
3078	5566
158	5567
3638	5568
346	5569
4073	5570
895	5571
2999	5572
7756	5573
287	5574
5142	5575
5585	5576
2936	5577
1636	5578
5136	5579
8463	5580
7612	5581
1779	5582
5003	5583
5338	5584
6938	5585
3137	5586
2825	5587
6703	5588
5563	5589
8849	5590
7831	5591
4205	5592
471	5593
2365	5594
8755	5595
8648	5596
6052	5597
3685	5598
3474	5599
7365	5600
8515	5601
7563	5602
86	5603
1749	5604
3402	5605
1923	5606
8019	5607
6854	5608
4459	5609
1600	5610
625	5611
2885	5612
942	5613
378	5614
84	5615
63	5616
1541	5617
5325	5618
50	5619
9470	5620
5540	5621
1300	5622
8397	5623
6044	5624
6605	5625
4593	5626
2134	5627
3728	5628
8163	5629
7989	5630
172	5631
3340	5632
5161	5633
9225	5634
183	5635
8925	5636
1483	5637
6219	5638
2268	5639
1667	5640
5014	5641
2311	5642
1756	5643
8817	5644
8303	5645
8440	5646
1903	5647
6674	5648
9076	5649
9050	5650
6637	5651
3959	5652
4939	5653
181	5654
7195	5655
8896	5656
9242	5657
8650	5658
6686	5659
8474	5660
119	5661
3394	5662
5949	5663
8402	5664
7058	5665
375	5666
8472	5667
7890	5668
6785	5669
5971	5670
9360	5671
8430	5672
9532	5673
4933	5674
798	5675
1685	5676
5561	5677
2066	5678
9190	5679
7252	5680
5768	5681
5300	5682
8187	5683
3375	5684
7075	5685
2379	5686
1202	5687
3566	5688
3729	5689
5331	5690
56	5691
1747	5692
7748	5693
3991	5694
1633	5695
4666	5696
7842	5697
3167	5698
8056	5699
5235	5700
1150	5701
1873	5702
77	5703
3752	5704
4615	5705
5908	5706
751	5707
9138	5708
4662	5709
2756	5710
8305	5711
3101	5712
35	5713
3667	5714
5093	5715
140	5716
8724	5717
8501	5718
9008	5719
2095	5720
594	5721
397	5722
811	5723
6166	5724
3059	5725
2338	5726
3093	5727
1326	5728
5240	5729
8066	5730
2647	5731
1019	5732
6648	5733
1832	5734
2710	5735
5943	5736
3367	5737
7554	5738
2102	5739
2831	5740
4058	5741
8257	5742
5528	5743
3556	5744
1934	5745
6779	5746
5745	5747
6436	5748
3981	5749
5804	5750
3202	5751
390	5752
1575	5753
8865	5754
9073	5755
5180	5756
4474	5757
6963	5758
4936	5759
3437	5760
6150	5761
5024	5762
9499	5763
7007	5764
1905	5765
7957	5766
1861	5767
27	5768
9501	5769
3296	5770
5101	5771
7489	5772
5539	5773
3382	5774
1370	5775
6560	5776
4515	5777
9393	5778
6271	5779
7093	5780
7490	5781
3597	5782
4923	5783
186	5784
4956	5785
788	5786
6633	5787
7573	5788
4710	5789
1579	5790
4582	5791
4219	5792
2391	5793
5643	5794
1109	5795
4387	5796
6233	5797
9215	5798
1010	5799
7382	5800
9386	5801
6767	5802
5866	5803
5151	5804
5706	5805
3186	5806
2707	5807
8195	5808
45	5809
660	5810
8997	5811
2498	5812
7184	5813
8236	5814
3145	5815
1882	5816
4280	5817
7053	5818
871	5819
1700	5820
6891	5821
5287	5822
8517	5823
7122	5824
3229	5825
4511	5826
7503	5827
7052	5828
5623	5829
458	5830
6541	5831
4081	5832
7204	5833
3247	5834
3824	5835
7862	5836
4355	5837
3352	5838
484	5839
4067	5840
6808	5841
2898	5842
2662	5843
2642	5844
6663	5845
2586	5846
6765	5847
9341	5848
6679	5849
6420	5850
156	5851
4984	5852
936	5853
6048	5854
2171	5855
1721	5856
3315	5857
8567	5858
6209	5859
7854	5860
1738	5861
3708	5862
7333	5863
1632	5864
1163	5865
4764	5866
7256	5867
5812	5868
127	5869
1540	5870
3192	5871
2907	5872
110	5873
7707	5874
1860	5875
6	5876
8641	5877
2866	5878
5937	5879
5166	5880
4173	5881
5267	5882
313	5883
2108	5884
9275	5885
2323	5886
3150	5887
4901	5888
5138	5889
4514	5890
1382	5891
4531	5892
4689	5893
425	5894
8437	5895
3693	5896
2867	5897
597	5898
5037	5899
388	5900
289	5901
6962	5902
3555	5903
4120	5904
1233	5905
501	5906
9253	5907
4368	5908
6046	5909
3111	5910
4478	5911
4311	5912
1312	5913
87	5914
8711	5915
3318	5916
2405	5917
7272	5918
7200	5919
3301	5920
7046	5921
2396	5922
8704	5923
8041	5924
4169	5925
734	5926
810	5927
8547	5928
3445	5929
7880	5930
8951	5931
7391	5932
6033	5933
3436	5934
3812	5935
3195	5936
7620	5937
247	5938
7443	5939
882	5940
1938	5941
2175	5942
3677	5943
7877	5944
1644	5945
4307	5946
214	5947
480	5948
7918	5949
611	5950
8231	5951
4600	5952
5459	5953
7908	5954
8917	5955
1891	5956
4985	5957
5068	5958
208	5959
2110	5960
5201	5961
6151	5962
7338	5963
1910	5964
131	5965
252	5966
5065	5967
5096	5968
448	5969
59	5970
1466	5971
6146	5972
902	5973
7293	5974
968	5975
5843	5976
4723	5977
36	5978
6794	5979
5422	5980
5183	5981
5081	5982
3236	5983
5143	5984
1836	5985
4090	5986
3505	5987
4522	5988
5226	5989
2276	5990
8603	5991
6418	5992
4605	5993
426	5994
5041	5995
7782	5996
1467	5997
8751	5998
6374	5999
8511	6000
1008	6001
2238	6002
3353	6003
2291	6004
9399	6005
337	6006
8249	6007
8730	6008
128	6009
8205	6010
7173	6011
5158	6012
477	6013
2520	6014
1813	6015
2595	6016
8693	6017
2959	6018
4425	6019
7055	6020
1621	6021
4390	6022
7009	6023
1148	6024
839	6025
5203	6026
3578	6027
7386	6028
39	6029
8100	6030
4293	6031
704	6032
6533	6033
8754	6034
250	6035
6559	6036
4309	6037
3723	6038
9160	6039
4734	6040
7553	6041
190	6042
4688	6043
4107	6044
835	6045
8149	6046
4833	6047
6109	6048
5217	6049
8425	6050
7237	6051
2961	6052
2124	6053
2810	6054
3302	6055
6639	6056
2696	6057
2420	6058
4016	6059
2698	6060
2480	6061
170	6062
1536	6063
3170	6064
1405	6065
5702	6066
6940	6067
9526	6068
9064	6069
5305	6070
2599	6071
3114	6072
4713	6073
5792	6074
1622	6075
8735	6076
5809	6077
2051	6078
1646	6079
1422	6080
6088	6081
6761	6082
8802	6083
5077	6084
2883	6085
7041	6086
319	6087
4313	6088
6325	6089
2251	6090
8749	6091
4263	6092
5876	6093
648	6094
8794	6095
2337	6096
5631	6097
7146	6098
8445	6099
7527	6100
3218	6101
4347	6102
4033	6103
565	6104
5569	6105
4863	6106
5435	6107
3057	6108
1178	6109
1317	6110
1050	6111
4746	6112
7385	6113
1489	6114
5780	6115
306	6116
8175	6117
3272	6118
25	6119
7592	6120
240	6121
8080	6122
1448	6123
1185	6124
4752	6125
581	6126
1879	6127
4481	6128
9274	6129
69	6130
2187	6131
3463	6132
4261	6133
8226	6134
1863	6135
4288	6136
5329	6137
8778	6138
3561	6139
1027	6140
5051	6141
372	6142
8520	6143
8535	6144
6234	6145
6204	6146
2118	6147
5270	6148
9009	6149
6706	6150
3904	6151
8537	6152
5848	6153
7315	6154
74	6155
9065	6156
345	6157
8263	6158
6690	6159
8843	6160
3820	6161
3359	6162
6804	6163
1318	6164
3886	6165
7819	6166
2745	6167
4832	6168
4653	6169
7568	6170
2938	6171
2566	6172
4187	6173
2387	6174
2237	6175
5193	6176
6861	6177
6888	6178
4574	6179
5545	6180
2307	6181
317	6182
336	6183
1439	6184
175	6185
2138	6186
5991	6187
1486	6188
4071	6189
571	6190
4094	6191
6865	6192
8783	6193
1898	6194
3473	6195
7369	6196
8330	6197
8169	6198
4035	6199
401	6200
4808	6201
6307	6202
9023	6203
9539	6204
5531	6205
2916	6206
2779	6207
4148	6208
3347	6209
9214	6210
6946	6211
6590	6212
2261	6213
8024	6214
4965	6215
602	6216
2511	6217
1807	6218
9207	6219
8930	6220
8102	6221
6460	6222
2320	6223
2842	6224
8679	6225
73	6226
8376	6227
6131	6228
6170	6229
8079	6230
1360	6231
172	6232
9152	6233
6108	6234
460	6235
2485	6236
3416	6237
5919	6238
2580	6239
3736	6240
4228	6241
4510	6242
4229	6243
7220	6244
2173	6245
533	6246
9353	6247
3371	6248
203	6249
1161	6250
4872	6251
723	6252
674	6253
2105	6254
5653	6255
2450	6256
4642	6257
1195	6258
6366	6259
6811	6260
8494	6261
414	6262
3074	6263
563	6264
9057	6265
4959	6266
8589	6267
1783	6268
2644	6269
2482	6270
8649	6271
6224	6272
4245	6273
1180	6274
1565	6275
4237	6276
9349	6277
1562	6278
1388	6279
6965	6280
6053	6281
714	6282
5185	6283
115	6284
4785	6285
4029	6286
6814	6287
8753	6288
2536	6289
304	6290
157	6291
3288	6292
3773	6293
5729	6294
4178	6295
1151	6296
549	6297
894	6298
4061	6299
5952	6300
2708	6301
4411	6302
9111	6303
6004	6304
6461	6305
4735	6306
7467	6307
5351	6308
371	6309
9492	6310
3873	6311
5794	6312
98	6313
2339	6314
1751	6315
8230	6316
8789	6317
5945	6318
7577	6319
5403	6320
6352	6321
4682	6322
370	6323
7381	6324
2541	6325
2856	6326
6188	6327
3002	6328
8660	6329
8314	6330
2850	6331
618	6332
4989	6333
6056	6334
6897	6335
2015	6336
8126	6337
3071	6338
3614	6339
8739	6340
7414	6341
1378	6342
5867	6343
204	6344
275	6345
4590	6346
3979	6347
2741	6348
1190	6349
8154	6350
732	6351
3135	6352
2557	6353
8390	6354
1020	6355
7692	6356
4799	6357
4004	6358
4777	6359
2501	6360
598	6361
5693	6362
4037	6363
3595	6364
6441	6365
2189	6366
8135	6367
1478	6368
5895	6369
360	6370
8420	6371
3867	6372
8923	6373
2636	6374
1707	6375
5989	6376
5758	6377
326	6378
7057	6379
4716	6380
821	6381
2073	6382
2413	6383
758	6384
4804	6385
9159	6386
192	6387
2781	6388
8146	6389
7081	6390
6270	6391
7845	6392
508	6393
7428	6394
8234	6395
8027	6396
4086	6397
6393	6398
9545	6399
5502	6400
3527	6401
7760	6402
7372	6403
2037	6404
5615	6405
5696	6406
7194	6407
4975	6408
33	6409
7268	6410
364	6411
5918	6412
243	6413
6956	6414
10	6415
637	6416
7322	6417
2530	6418
3413	6419
8416	6420
270	6421
5364	6422
6736	6423
121	6424
3159	6425
9355	6426
2317	6427
8171	6428
5164	6429
6893	6430
9027	6431
1580	6432
393	6433
3931	6434
1699	6435
7734	6436
1277	6437
8758	6438
4617	6439
7608	6440
296	6441
7675	6442
441	6443
8276	6444
4915	6445
197	6446
7034	6447
9226	6448
1981	6449
6341	6450
3419	6451
384	6452
609	6453
6503	6454
628	6455
7646	6456
7068	6457
6448	6458
3430	6459
339	6460
1870	6461
9505	6462
8680	6463
4698	6464
4575	6465
3903	6466
3251	6467
988	6468
8606	6469
2222	6470
8790	6471
5824	6472
5655	6473
4530	6474
7092	6475
8966	6476
3912	6477
5399	6478
8181	6479
8503	6480
7820	6481
3119	6482
8255	6483
327	6484
1895	6485
6282	6486
1191	6487
3586	6488
7088	6489
960	6490
1147	6491
9376	6492
1333	6493
348	6494
9469	6495
4160	6496
35	6497
32	6498
330	6499
2218	6500
8830	6501
1862	6502
9131	6503
3431	6504
4616	6505
2451	6506
7741	6507
8869	6508
8697	6509
1512	6510
9080	6511
137	6512
7224	6513
6347	6514
6732	6515
2808	6516
5851	6517
1273	6518
3184	6519
6780	6520
4366	6521
6629	6522
7054	6523
6103	6524
9140	6525
6225	6526
8443	6527
5262	6528
4811	6529
4845	6530
490	6531
3978	6532
6584	6533
5929	6534
5881	6535
3140	6536
348	6537
1060	6538
6049	6539
6293	6540
2777	6541
4345	6542
6895	6543
1952	6544
7530	6545
38	6546
8155	6547
2279	6548
3009	6549
8204	6550
4259	6551
4505	6552
7986	6553
2452	6554
7158	6555
3018	6556
475	6557
9097	6558
725	6559
3671	6560
6098	6561
4887	6562
260	6563
8986	6564
382	6565
3641	6566
283	6567
6641	6568
1913	6569
248	6570
4753	6571
5469	6572
7464	6573
8107	6574
2103	6575
8969	6576
7663	6577
1035	6578
1353	6579
8637	6580
7444	6581
4760	6582
3075	6583
6266	6584
6367	6585
5072	6586
1853	6587
1381	6588
7036	6589
6084	6590
3526	6591
416	6592
1697	6593
5021	6594
1796	6595
5558	6596
5555	6597
3690	6598
6024	6599
3	6600
9300	6601
1943	6602
6881	6603
2739	6604
9415	6605
31	6606
683	6607
8022	6608
4306	6609
8729	6610
7812	6611
7387	6612
24	6613
7922	6614
4670	6615
1293	6616
5372	6617
6512	6618
4284	6619
1224	6620
1511	6621
8907	6622
9373	6623
1046	6624
7915	6625
2402	6626
1634	6627
5048	6628
6415	6629
9513	6630
1888	6631
8118	6632
6772	6633
513	6634
5620	6635
7724	6636
481	6637
9330	6638
6586	6639
9480	6640
5807	6641
4075	6642
4754	6643
8286	6644
3548	6645
4329	6646
6562	6647
8689	6648
1169	6649
6928	6650
5076	6651
846	6652
8900	6653
5860	6654
663	6655
3536	6656
7837	6657
6535	6658
1330	6659
7136	6660
188	6661
2035	6662
708	6663
1775	6664
1374	6665
5858	6666
6546	6667
8549	6668
3044	6669
5953	6670
6411	6671
5897	6672
1419	6673
66	6674
6030	6675
8023	6676
8833	6677
8148	6678
6537	6679
2688	6680
7633	6681
9278	6682
6149	6683
3429	6684
2617	6685
7420	6686
1321	6687
4047	6688
148	6689
7528	6690
1430	6691
7416	6692
8400	6693
7429	6694
1141	6695
4562	6696
298	6697
9221	6698
3986	6699
3974	6700
5131	6701
7016	6702
4953	6703
6192	6704
4852	6705
1127	6706
9529	6707
1568	6708
482	6709
115	6710
3233	6711
4995	6712
4672	6713
2353	6714
833	6715
3744	6716
2304	6717
4140	6718
9270	6719
2283	6720
6457	6721
8122	6722
1087	6723
2606	6724
1730	6725
8078	6726
5514	6727
6021	6728
782	6729
242	6730
7910	6731
9378	6732
864	6733
5530	6734
6770	6735
3919	6736
6859	6737
1266	6738
1593	6739
136	6740
1429	6741
7376	6742
3214	6743
8698	6744
4952	6745
5816	6746
1470	6747
5499	6748
1780	6749
6222	6750
2301	6751
5760	6752
449	6753
2119	6754
1656	6755
8978	6756
5415	6757
7175	6758
803	6759
453	6760
8217	6761
4898	6762
6680	6763
5273	6764
199	6765
6074	6766
12	6767
6474	6768
4430	6769
6650	6770
6621	6771
104	6772
5830	6773
1166	6774
3494	6775
2	6776
1902	6777
8801	6778
5437	6779
6085	6780
3533	6781
6060	6782
2927	6783
9512	6784
8938	6785
1912	6786
4066	6787
2573	6788
5710	6789
7983	6790
656	6791
226	6792
6253	6793
6687	6794
3115	6795
5303	6796
5498	6797
9371	6798
8774	6799
3238	6800
8584	6801
1833	6802
7150	6803
5692	6804
1762	6805
6229	6806
3630	6807
6566	6808
4487	6809
540	6810
8332	6811
2612	6812
1225	6813
3657	6814
2845	6815
880	6816
3270	6817
352	6818
4742	6819
5614	6820
1955	6821
6493	6822
1031	6823
6958	6824
7089	6825
3303	6826
6492	6827
7816	6828
6670	6829
1401	6830
5400	6831
3313	6832
3983	6833
28	6834
9531	6835
1845	6836
7326	6837
2038	6838
759	6839
2603	6840
1692	6841
5460	6842
419	6843
8060	6844
345	6845
5340	6846
5195	6847
305	6848
1289	6849
7726	6850
5905	6851
1424	6852
8199	6853
8309	6854
3081	6855
804	6856
273	6857
3833	6858
4142	6859
1108	6860
300	6861
3591	6862
4643	6863
7510	6864
8580	6865
7308	6866
3176	6867
8719	6868
5592	6869
2674	6870
2328	6871
1447	6872
2100	6873
7540	6874
5379	6875
4244	6876
7187	6877
4483	6878
1325	6879
6591	6880
7354	6881
2483	6882
5968	6883
4981	6884
2384	6885
6189	6886
7163	6887
368	6888
8116	6889
2309	6890
7441	6891
7598	6892
5005	6893
5116	6894
134	6895
7047	6896
1080	6897
2661	6898
4902	6899
9358	6900
8564	6901
6721	6902
3050	6903
9481	6904
2	6905
3361	6906
9407	6907
4750	6908
3342	6909
910	6910
8202	6911
6139	6912
2622	6913
7484	6914
4015	6915
5370	6916
1979	6917
2729	6918
4822	6919
1057	6920
3702	6921
1236	6922
1609	6923
6944	6924
6014	6925
4853	6926
202	6927
5948	6928
5112	6929
4980	6930
6173	6931
9032	6932
5564	6933
7494	6934
4678	6935
3478	6936
9062	6937
4912	6938
4814	6939
7990	6940
8141	6941
2129	6942
4559	6943
8645	6944
8417	6945
6028	6946
5126	6947
7588	6948
943	6949
5832	6950
3922	6951
7426	6952
8695	6953
3608	6954
3173	6955
1676	6956
6851	6957
7743	6958
517	6959
6809	6960
187	6961
2113	6962
7433	6963
847	6964
1403	6965
5639	6966
7981	6967
2814	6968
774	6969
2306	6970
9219	6971
3625	6972
3252	6973
1189	6974
5386	6975
2581	6976
2787	6977
8496	6978
6346	6979
7324	6980
6401	6981
8836	6982
5086	6983
5640	6984
478	6985
7063	6986
1029	6987
878	6988
8510	6989
8131	6990
1212	6991
4264	6992
116	6993
5283	6994
1136	6995
5078	6996
5660	6997
3226	6998
248	6999
5071	7000
1598	7001
188	7002
4239	7003
825	7004
6987	7005
1319	7006
8687	7007
8492	7008
1118	7009
1420	7010
277	7011
9406	7012
3205	7013
6452	7014
3689	7015
1117	7016
407	7017
3087	7018
1643	7019
8233	7020
368	7021
4451	7022
8769	7023
3512	7024
7949	7025
4450	7026
1211	7027
7295	7028
1942	7029
6933	7030
3420	7031
726	7032
6786	7033
4310	7034
3495	7035
3363	7036
332	7037
3409	7038
246	7039
8008	7040
5	7041
6	7042
6863	7043
3553	7044
8446	7045
450	7046
6769	7047
4565	7048
8688	7049
6073	7050
8396	7051
6705	7052
9482	7053
8235	7054
6583	7055
4104	7056
547	7057
9240	7058
9354	7059
5601	7060
2903	7061
7848	7062
6069	7063
1179	7064
849	7065
4180	7066
6369	7067
2147	7068
686	7069
118	7070
2352	7071
4974	7072
142	7073
2062	7074
9443	7075
2042	7076
5432	7077
2404	7078
1520	7079
5785	7080
4629	7081
3967	7082
8965	7083
892	7084
2280	7085
8428	7086
6259	7087
1219	7088
4434	7089
249	7090
6576	7091
2167	7092
200	7093
8924	7094
826	7095
7473	7096
4446	7097
3745	7098
5962	7099
2348	7100
645	7101
4928	7102
5307	7103
2604	7104
3468	7105
4601	7106
2454	7107
3542	7108
6257	7109
9066	7110
2001	7111
7222	7112
293	7113
7713	7114
6178	7115
145	7116
5299	7117
639	7118
6202	7119
2630	7120
117	7121
5434	7122
1432	7123
5385	7124
5512	7125
7344	7126
4580	7127
8000	7128
354	7129
8283	7130
8622	7131
7073	7132
4399	7133
8933	7134
311	7135
6534	7136
5775	7137
8394	7138
9235	7139
5084	7140
3703	7141
7027	7142
3079	7143
8386	7144
4193	7145
2613	7146
2864	7147
6984	7148
6301	7149
7370	7150
5097	7151
3132	7152
4157	7153
1629	7154
4317	7155
212	7156
7813	7157
5787	7158
9056	7159
2551	7160
9282	7161
4441	7162
6360	7163
4480	7164
6710	7165
3051	7166
2176	7167
6265	7168
149	7169
263	7170
3760	7171
353	7172
7112	7173
3221	7174
3090	7175
4000	7176
6318	7177
3066	7178
8300	7179
103	7180
6243	7181
4044	7182
6388	7183
6581	7184
2951	7185
582	7186
6595	7187
8668	7188
8320	7189
6879	7190
262	7191
7362	7192
3822	7193
6867	7194
269	7195
5025	7196
7043	7197
2799	7198
4164	7199
6499	7200
4416	7201
3600	7202
3832	7203
2453	7204
829	7205
8529	7206
2168	7207
8384	7208
6118	7209
551	7210
7690	7211
6296	7212
8873	7213
2919	7214
2923	7215
1002	7216
8806	7217
2153	7218
8015	7219
4709	7220
8506	7221
7785	7222
113	7223
429	7224
1688	7225
742	7226
7747	7227
292	7228
5092	7229
6142	7230
4947	7231
8996	7232
7442	7233
5743	7234
9382	7235
862	7236
8714	7237
5527	7238
1908	7239
4230	7240
1	7241
5094	7242
3647	7243
6237	7244
2655	7245
354	7246
2046	7247
8664	7248
6967	7249
3399	7250
2727	7251
1987	7252
7517	7253
3239	7254
6459	7255
5186	7256
5884	7257
7404	7258
5063	7259
9180	7260
8130	7261
7963	7262
6923	7263
138	7264
2407	7265
153	7266
124	7267
3601	7268
7654	7269
2943	7270
6880	7271
7116	7272
5211	7273
615	7274
39	7275
2039	7276
6497	7277
356	7278
1500	7279
8942	7280
1479	7281
4978	7282
1549	7283
8253	7284
2382	7285
7532	7286
4524	7287
1449	7288
6015	7289
9196	7290
456	7291
4426	7292
6557	7293
9084	7294
4250	7295
4091	7296
3551	7297
8157	7298
334	7299
6647	7300
5413	7301
1525	7302
4837	7303
1069	7304
8871	7305
5682	7306
356	7307
5355	7308
787	7309
2997	7310
6738	7311
3182	7312
149	7313
2524	7314
9462	7315
982	7316
5547	7317
1217	7318
5152	7319
7213	7320
3754	7321
7574	7322
6356	7323
2598	7324
3782	7325
4231	7326
7662	7327
5668	7328
334	7329
7331	7330
6571	7331
220	7332
3275	7333
7120	7334
6447	7335
3711	7336
543	7337
2286	7338
512	7339
1811	7340
2004	7341
692	7342
4052	7343
24	7344
3772	7345
9540	7346
7212	7347
5402	7348
6317	7349
2827	7350
8937	7351
4036	7352
4339	7353
7332	7354
2812	7355
1243	7356
321	7357
421	7358
5646	7359
2474	7360
4512	7361
7835	7362
2726	7363
8572	7364
7921	7365
245	7366
5162	7367
1044	7368
1677	7369
6684	7370
303	7371
955	7372
3086	7373
4055	7374
8098	7375
7975	7376
6952	7377
6743	7378
3851	7379
9302	7380
9162	7381
1274	7382
7508	7383
6725	7384
919	7385
4210	7386
7613	7387
2934	7388
2519	7389
8361	7390
4728	7391
2664	7392
7300	7393
5362	7394
2030	7395
3552	7396
668	7397
4260	7398
493	7399
5393	7400
1496	7401
4008	7402
6072	7403
689	7404
873	7405
2355	7406
1803	7407
8250	7408
2886	7409
27	7410
2628	7411
2013	7412
8536	7413
6578	7414
8450	7415
4096	7416
2911	7417
2620	7418
2371	7419
1822	7420
2872	7421
9299	7422
7822	7423
7076	7424
6264	7425
1975	7426
7708	7427
2852	7428
8675	7429
398	7430
250	7431
7740	7432
3943	7433
5040	7434
9372	7435
938	7436
559	7437
7955	7438
9487	7439
69	7440
1604	7441
1698	7442
2939	7443
1662	7444
3026	7445
4926	7446
4749	7447
2336	7448
6277	7449
8435	7450
1425	7451
5790	7452
8038	7453
3156	7454
9364	7455
2643	7456
4097	7457
7098	7458
2985	7459
3	7460
9397	7461
7336	7462
8196	7463
1961	7464
4825	7465
3906	7466
5423	7467
3995	7468
791	7469
2344	7470
868	7471
9490	7472
1082	7473
8206	7474
4449	7475
8785	7476
8700	7477
6548	7478
7549	7479
7923	7480
2465	7481
4240	7482
2157	7483
1679	7484
5165	7485
7127	7486
1255	7487
8132	7488
848	7489
8891	7490
3334	7491
4	7492
2370	7493
1741	7494
5495	7495
2107	7496
5938	7497
7307	7498
1100	7499
679	7500
4929	7501
5599	7502
617	7503
6577	7504
8782	7505
1283	7506
7267	7507
9267	7508
4117	7509
281	7510
722	7511
5064	7512
2600	7513
5187	7514
3525	7515
6252	7516
525	7517
2940	7518
1647	7519
340	7520
6936	7521
8721	7522
7396	7523
6523	7524
82	7525
7578	7526
1502	7527
5802	7528
438	7529
3532	7530
861	7531
2631	7532
5663	7533
2350	7534
3949	7535
7299	7536
2292	7537
357	7538
524	7539
4	7540
395	7541
658	7542
3106	7543
8915	7544
3574	7545
985	7546
1165	7547
7940	7548
2813	7549
2202	7550
3537	7551
5128	7552
3718	7553
8170	7554
1985	7555
4979	7556
7102	7557
4152	7558
37	7559
1174	7560
5607	7561
1278	7562
7364	7563
118	7564
3654	7565
3577	7566
9029	7567
1806	7568
122	7569
3128	7570
2983	7571
5378	7572
9500	7573
4883	7574
1041	7575
4725	7576
2294	7577
6631	7578
4248	7579
3414	7580
4159	7581
9067	7582
6816	7583
6032	7584
7755	7585
7284	7586
2677	7587
167	7588
5915	7589
7642	7590
2101	7591
2273	7592
9385	7593
7529	7594
4400	7595
160	7596
8299	7597
4557	7598
8120	7599
807	7600
6295	7601
3329	7602
109	7603
5443	7604
3164	7605
1268	7606
5958	7607
535	7608
8599	7609
3332	7610
2689	7611
8468	7612
4655	7613
5130	7614
6130	7615
4983	7616
7209	7617
6127	7618
8200	7619
4063	7620
2266	7621
5604	7622
5990	7623
4277	7624
4916	7625
1969	7626
8528	7627
3054	7628
2137	7629
4014	7630
1876	7631
6815	7632
6744	7633
5611	7634
417	7635
5551	7636
7924	7637
2265	7638
60	7639
3458	7640
1328	7641
802	7642
8035	7643
4633	7644
4990	7645
4349	7646
237	7647
8484	7648
4217	7649
1718	7650
5059	7651
2912	7652
6000	7653
5886	7654
5893	7655
3096	7656
3841	7657
5237	7658
1059	7659
389	7660
7950	7661
2692	7662
249	7663
1456	7664
6433	7665
2987	7666
4823	7667
6616	7668
5754	7669
8710	7670
8382	7671
7516	7672
9244	7673
4604	7674
2255	7675
6011	7676
5671	7677
5167	7678
3838	7679
991	7680
424	7681
7001	7682
8974	7683
4840	7684
5105	7685
7999	7686
4292	7687
8495	7688
2217	7689
5766	7690
3862	7691
7795	7692
329	7693
7363	7694
318	7695
5115	7696
5698	7697
4357	7698
7106	7699
8963	7700
320	7701
3709	7702
2397	7703
26	7704
3386	7705
4305	7706
5015	7707
897	7708
6201	7709
1885	7710
761	7711
6125	7712
6075	7713
6297	7714
2477	7715
7241	7716
3856	7717
75	7718
492	7719
3208	7720
6664	7721
8275	7722
5337	7723
6748	7724
4867	7725
2303	7726
7522	7727
5168	7728
2372	7729
3870	7730
528	7731
8252	7732
8701	7733
4475	7734
8063	7735
1666	7736
2473	7737
1531	7738
9389	7739
5627	7740
2239	7741
2241	7742
5969	7743
8903	7744
4652	7745
5819	7746
1275	7747
6623	7748
8016	7749
8954	7750
7240	7751
5651	7752
7012	7753
6334	7754
1314	7755
3389	7756
2725	7757
8009	7758
2525	7759
3956	7760
169	7761
29	7762
9483	7763
5401	7764
7542	7765
6491	7766
4721	7767
7651	7768
7413	7769
8266	7770
1603	7771
2981	7772
6830	7773
3248	7774
4614	7775
320	7776
8436	7777
7735	7778
2737	7779
3889	7780
2594	7781
5642	7782
6194	7783
294	7784
3766	7785
4274	7786
8512	7787
5433	7788
1743	7789
1303	7790
2271	7791
3014	7792
7523	7793
9380	7794
6094	7795
142	7796
4999	7797
2840	7798
1404	7799
3848	7800
1995	7801
3704	7802
3623	7803
557	7804
4886	7805
5018	7806
3056	7807
3992	7808
1276	7809
1316	7810
3661	7811
9148	7812
3240	7813
1367	7814
6427	7815
2329	7816
2072	7817
404	7818
3212	7819
5588	7820
2679	7821
7506	7822
7216	7823
1113	7824
4932	7825
9110	7826
5314	7827
7545	7828
2705	7829
5066	7830
8058	7831
7551	7832
18	7833
3379	7834
9548	7835
624	7836
7558	7837
3269	7838
984	7839
2826	7840
3320	7841
8426	7842
8791	7843
4651	7844
6920	7845
9534	7846
5521	7847
9394	7848
4374	7849
9156	7850
5541	7851
7889	7852
8810	7853
8228	7854
9445	7855
9408	7856
8347	7857
7351	7858
5319	7859
5356	7860
3658	7861
1218	7862
3373	7863
7596	7864
7296	7865
9119	7866
607	7867
3199	7868
2789	7869
1591	7870
6462	7871
1948	7872
4551	7873
2683	7874
390	7875
2486	7876
8713	7877
6739	7878
5493	7879
3650	7880
3446	7881
616	7882
8634	7883
2993	7884
5863	7885
1327	7886
6025	7887
341	7888
665	7889
2572	7890
2992	7891
130	7892
3793	7893
3987	7894
8265	7895
6758	7896
4851	7897
7604	7898
8990	7899
6155	7900
6699	7901
1814	7902
7997	7903
58	7904
962	7905
4504	7906
2079	7907
9151	7908
5994	7909
9141	7910
3589	7911
5714	7912
3734	7913
8013	7914
7249	7915
1254	7916
5194	7917
309	7918
1828	7919
6839	7920
4192	7921
4998	7922
596	7923
6707	7924
3724	7925
9506	7926
9003	7927
7124	7928
652	7929
9319	7930
9037	7931
548	7932
5208	7933
4610	7934
9521	7935
8031	7936
2158	7937
6821	7938
1454	7939
4972	7940
9113	7941
2223	7942
4546	7943
1261	7944
39	7945
5662	7946
6536	7947
1555	7948
74	7949
5988	7950
4860	7951
2795	7952
6391	7953
9036	7954
25	7955
6869	7956
9012	7957
2794	7958
2097	7959
7455	7960
333	7961
2284	7962
3316	7963
8795	7964
4905	7965
1742	7966
3405	7967
1791	7968
5724	7969
996	7970
3055	7971
6848	7972
364	7973
6708	7974
5542	7975
91	7976
3683	7977
6195	7978
3178	7979
4789	7980
6948	7981
1172	7982
1394	7983
2224	7984
1194	7985
4885	7986
4158	7987
1773	7988
1135	7989
4549	7990
6172	7991
9011	7992
7029	7993
3617	7994
1978	7995
2188	7996
8513	7997
7943	7998
3803	7999
1901	8000
5903	8001
4116	8002
1338	8003
7479	8004
8084	8005
6955	8006
7929	8007
4123	8008
6193	8009
43	8010
4545	8011
8476	8012
8061	8013
4225	8014
3705	8015
3063	8016
3779	8017
2011	8018
8800	8019
9063	8020
2858	8021
1250	8022
8563	8023
5103	8024
5286	8025
4744	8026
4099	8027
4408	8028
7502	8029
3085	8030
5992	8031
8124	8032
4637	8033
2824	8034
6409	8035
5525	8036
303	8037
9045	8038
1683	8039
227	8040
1956	8041
6405	8042
570	8043
2195	8044
6431	8045
459	8046
5073	8047
3679	8048
3936	8049
4012	8050
4560	8051
7290	8052
4758	8053
3988	8054
7169	8055
8727	8056
6217	8057
1156	8058
7860	8059
2633	8060
7476	8061
4391	8062
7072	8063
5670	8064
288	8065
2711	8066
5503	8067
6267	8068
695	8069
2071	8070
2044	8071
2456	8072
1840	8073
8323	8074
5023	8075
6211	8076
738	8077
7142	8078
2722	8079
6716	8080
6005	8081
7020	8082
5856	8083
555	8084
2694	8085
2242	8086
1954	8087
4544	8088
4567	8089
8757	8090
6873	8091
3122	8092
1594	8093
7632	8094
5892	8095
1587	8096
4361	8097
3847	8098
939	8099
2423	8100
5973	8101
2805	8102
7869	8103
7412	8104
178	8105
5411	8106
7401	8107
7327	8108
180	8109
4963	8110
7223	8111
6180	8112
9446	8113
4773	8114
5328	8115
838	8116
4019	8117
3714	8118
7451	8119
8659	8120
234	8121
1530	8122
2734	8123
9133	8124
1264	8125
84	8126
941	8127
4112	8128
3065	8129
2446	8130
6255	8131
83	8132
6884	8133
5873	8134
4668	8135
8672	8136
1623	8137
223	8138
7270	8139
4694	8140
3201	8141
1056	8142
5455	8143
843	8144
947	8145
5127	8146
96	8147
1291	8148
71	8149
2932	8150
2848	8151
702	8152
1482	8153
5927	8154
8173	8155
3350	8156
119	8157
33	8158
350	8159
5100	8160
8475	8161
883	8162
8209	8163
7637	8164
1471	8165
4325	8166
7873	8167
623	8168
4525	8169
4931	8170
1203	8171
3916	8172
9432	8173
9276	8174
1776	8175
4894	8176
3234	8177
301	8178
9444	8179
1515	8180
2663	8181
1592	8182
5468	8183
7539	8184
9125	8185
232	8186
6086	8187
4436	8188
917	8189
246	8190
8820	8191
1710	8192
5280	8193
277	8194
3844	8195
9538	8196
2455	8197
7422	8198
1410	8199
5570	8200
3807	8201
1114	8202
5509	8203
621	8204
4174	8205
1053	8206
156	8207
3314	8208
4826	8209
4341	8210
3040	8211
6344	8212
1769	8213
2070	8214
2563	8215
569	8216
4032	8217
2332	8218
4403	8219
9174	8220
7025	8221
4718	8222
9243	8223
2854	8224
3216	8225
1851	8226
8773	8227
6916	8228
344	8229
4973	8230
2464	8231
8570	8232
3	8233
3565	8234
6672	8235
302	8236
7501	8237
7883	8238
6416	8239
4359	8240
5529	8241
2449	8242
6564	8243
204	8244
8677	8245
5472	8246
9451	8247
30	8248
3863	8249
3207	8250
8072	8251
4376	8252
9054	8253
8707	8254
5928	8255
992	8256
8763	8257
4282	8258
5826	8259
3019	8260
7778	8261
6568	8262
627	8263
2487	8264
781	8265
41	8266
8302	8267
3397	8268
7634	8269
6627	8270
1974	8271
4093	8272
7084	8273
3593	8274
7865	8275
1637	8276
4594	8277
2529	8278
2602	8279
8646	8280
6294	8281
4992	8282
5659	8283
254	8284
573	8285
9077	8286
24	8287
4903	8288
6428	8289
2970	8290
4958	8291
2806	8292
4724	8293
1940	8294
3765	8295
5129	8296
1331	8297
1186	8298
7319	8299
500	8300
211	8301
7705	8302
1839	8303
5942	8304
1499	8305
6978	8306
62	8307
1	8308
4212	8309
4767	8310
4828	8311
5515	8312
8539	8313
1866	8314
2523	8315
4472	8316
1567	8317
636	8318
5214	8319
309	8320
2057	8321
590	8322
5047	8323
4705	8324
8901	8325
3842	8326
1083	8327
9420	8328
7017	8329
7276	8330
8259	8331
2947	8332
3665	8333
4598	8334
5169	8335
10	8336
7689	8337
7935	8338
3546	8339
1034	8340
191	8341
152	8342
2429	8343
8344	8344
4460	8345
1817	8346
4599	8347
6169	8348
8306	8349
2538	8350
8215	8351
3691	8352
9	8353
514	8354
7320	8355
6673	8356
3756	8357
3190	8358
926	8359
3438	8360
4667	8361
5782	8362
3636	8363
7091	8364
2356	8365
1110	8366
2139	8367
604	8368
97	8369
1745	8370
7737	8371
6997	8372
5591	8373
2721	8374
2807	8375
4986	8376
3049	8377
3305	8378
1183	8379
3559	8380
3958	8381
830	8382
5224	8383
9400	8384
5870	8385
3516	8386
5998	8387
7395	8388
4175	8389
9509	8390
1197	8391
8345	8392
6683	8393
9396	8394
5062	8395
5726	8396
3194	8397
6531	8398
184	8399
9271	8400
748	8401
6160	8402
4467	8403
2889	8404
8274	8405
7415	8406
5701	8407
1220	8408
286	8409
9421	8410
6410	8411
6862	8412
7679	8413
4704	8414
7515	8415
5461	8416
8856	8417
8975	8418
1498	8419
1340	8420
2229	8421
2496	8422
8189	8423
3058	8424
255	8425
4046	8426
8414	8427
5055	8428
3954	8429
2891	8430
6304	8431
8834	8432
1552	8433
2333	8434
6216	8435
8857	8436
3513	8437
6665	8438
9257	8439
6067	8440
8631	8441
4444	8442
2007	8443
3477	8444
9426	8445
8858	8446
7115	8447
949	8448
4354	8449
7248	8450
8582	8451
1304	8452
7988	8453
5095	8454
5442	8455
5483	8456
3514	8457
7565	8458
9184	8459
7674	8460
7153	8461
7179	8462
9139	8463
3149	8464
4839	8465
7495	8466
4708	8467
121	8468
4135	8469
3406	8470
2715	8471
307	8472
8224	8473
2019	8474
951	8475
280	8476
282	8477
3739	8478
8408	8479
7750	8480
58	8481
1416	8482
282	8483
3004	8484
7814	8485
4641	8486
9297	8487
4332	8488
1625	8489
1457	8490
3805	8491
4669	8492
3180	8493
3306	8494
3491	8495
5566	8496
6840	8497
6864	8498
6812	8499
1157	8500
8388	8501
4876	8502
360	8503
5853	8504
47	8505
3879	8506
2954	8507
207	8508
2144	8509
367	8510
3583	8511
7732	8512
125	8513
4857	8514
2751	8515
3154	8516
5394	8517
8981	8518
3662	8519
2414	8520
8898	8521
6289	8522
872	8523
5738	8524
3220	8525
9015	8526
1170	8527
2965	8528
4461	8529
6966	8530
7846	8531
34	8532
5612	8533
8703	8534
1925	8535
8934	8536
228	8537
8292	8538
5298	8539
1794	8540
8590	8541
3327	8542
4402	8543
2085	8544
2763	8545
6697	8546
8577	8547
1402	8548
6877	8549
3749	8550
3521	8551
7617	8552
4281	8553
7945	8554
4570	8555
8944	8556
9161	8557
8140	8558
4320	8559
2735	8560
556	8561
5265	8562
7038	8563
4848	8564
7026	8565
2747	8566
5648	8567
4266	8568
2475	8569
8678	8570
3462	8571
5056	8572
728	8573
6013	8574
8555	8575
2362	8576
1706	8577
2601	8578
7927	8579
1528	8580
8959	8581
8906	8582
5417	8583
7531	8584
3993	8585
4323	8586
48	8587
271	8588
4994	8589
307	8590
263	8591
3481	8592
8556	8593
2499	8594
2521	8595
4448	8596
344	8597
8278	8598
332	8599
9537	8600
6154	8601
6975	8602
778	8603
592	8604
1380	8605
6886	8606
6791	8607
4535	8608
8317	8609
7079	8610
3861	8611
8036	8612
7419	8613
6567	8614
5268	8615
5511	8616
3969	8617
5454	8618
8419	8619
2245	8620
1309	8621
1984	8622
1930	8623
8312	8624
6490	8625
4584	8626
3528	8627
1827	8628
3031	8629
1669	8630
8458	8631
371	8632
5057	8633
8165	8634
9254	8635
3843	8636
6465	8637
5793	8638
4207	8639
4003	8640
6860	8641
2732	8642
6378	8643
8363	8644
6696	8645
8307	8646
827	8647
1387	8648
5045	8649
3972	8650
5184	8651
8366	8652
999	8653
1475	8654
4085	8655
153	8656
6991	8657
1032	8658
5535	8659
661	8660
3639	8661
5249	8662
8006	8663
5520	8664
9291	8665
3982	8666
2843	8667
8321	8668
8971	8669
5700	8670
879	8671
3587	8672
1564	8673
1982	8674
2515	8675
8220	8676
8007	8677
6858	8678
2540	8679
214	8680
3181	8681
9307	8682
1081	8683
4585	8684
3696	8685
2976	8686
5475	8687
3098	8688
749	8689
8674	8690
3762	8691
7353	8692
7192	8693
1657	8694
8410	8695
4303	8696
3385	8697
8044	8698
6751	8699
2945	8700
948	8701
4862	8702
6563	8703
1726	8704
6482	8705
12	8706
5395	8707
4618	8708
5199	8709
5016	8710
8904	8711
3038	8712
757	8713
4382	8714
9347	8715
5375	8716
7032	8717
7744	8718
9165	8719
1239	8720
6455	8721
7311	8722
3198	8723
4779	8724
7898	8725
7789	8726
4770	8727
1133	8728
1890	8729
3174	8730
45	8731
1519	8732
2049	8733
1841	8734
1438	8735
4763	8736
2769	8737
3897	8738
6856	8739
9204	8740
6754	8741
6486	8742
7403	8743
7546	8744
870	8745
127	8746
1522	8747
7905	8748
5522	8749
4227	8750
5453	8751
5091	8752
3293	8753
6776	8754
4267	8755
1441	8756
8977	8757
889	8758
8685	8759
6617	8760
2922	8761
5449	8762
3816	8763
5583	8764
5799	8765
6469	8766
1939	8767
6656	8768
2706	8769
5404	8770
1284	8771
4301	8772
4944	8773
5690	8774
91	8775
5634	8776
1088	8777
9229	8778
5925	8779
462	8780
111	8781
5966	8782
2033	8783
4838	8784
3629	8785
983	8786
4201	8787
6593	8788
7765	8789
9387	8790
9314	8791
9333	8792
4458	8793
8338	8794
1107	8795
6050	8796
377	8797
9383	8798
4556	8799
8111	8800
8486	8801
7328	8802
6689	8803
4183	8804
1894	8805
7061	8806
946	8807
3189	8808
503	8809
6747	8810
8968	8811
8030	8812
1734	8813
5070	8814
8399	8815
5196	8816
8527	8817
5965	8818
1554	8819
4369	8820
7461	8821
2378	8822
6076	8823
4077	8824
8115	8825
875	8826
3504	8827
9079	8828
9087	8829
382	8830
9234	8831
5805	8832
9414	8833
6390	8834
1063	8835
4465	8836
6992	8837
213	8838
8881	8839
8502	8840
4265	8841
6803	8842
5332	8843
3925	8844
6870	8845
8578	8846
290	8847
9283	8848
9381	8849
886	8850
655	8851
1766	8852
2374	8853
678	8854
2615	8855
3757	8856
3836	8857
7610	8858
5487	8859
189	8860
8378	8861
9201	8862
6668	8863
3112	8864
809	8865
9227	8866
1605	8867
5590	8868
400	8869
5154	8870
2166	8871
6649	8872
1033	8873
9404	8874
5625	8875
203	8876
643	8877
7394	8878
1286	8879
6549	8880
5767	8881
7903	8882
8859	8883
8438	8884
1	8885
3688	8886
3585	8887
1553	8888
5473	8889
5163	8890
1396	8891
6478	8892
9280	8893
397	8894
877	8895
5042	8896
8048	8897
452	8898
147	8899
4508	8900
5409	8901
4163	8902
6750	8903
3015	8904
1098	8905
963	8906
8406	8907
6882	8908
5497	8909
9411	8910
832	8911
4977	8912
7377	8913
5284	8914
8888	8915
8861	8916
5290	8917
7119	8918
5452	8919
9423	8920
3571	8921
2861	8922
4495	8923
4488	8924
8543	8925
2716	8926
6368	8927
713	8928
3522	8929
7062	8930
2784	8931
4882	8932
5239	8933
7015	8934
349	8935
1071	8936
5930	8937
4658	8938
4949	8939
4603	8940
516	8941
1064	8942
2061	8943
8270	8944
6742	8945
8666	8946
4462	8947
161	8948
259	8949
3675	8950
237	8951
4057	8952
6483	8953
5206	8954
1521	8955
6408	8956
8244	8957
133	8958
7374	8959
9239	8960
1245	8961
5000	8962
4654	8963
5859	8964
885	8965
5310	8966
8726	8967
7513	8968
7907	8969
189	8970
5088	8971
8902	8972
8064	8973
2326	8974
5348	8975
7703	8976
431	8977
3900	8978
1232	8979
3003	8980
4540	8981
9410	8982
6612	8983
589	8984
7645	8985
7059	8986
80	8987
1818	8988
3722	8989
8799	8990
4706	8991
7909	8992
7695	8993
899	8994
9520	8995
575	8996
4454	8997
2552	8998
9356	8999
376	9000
6365	9001
15	9002
7263	9003
762	9004
6796	9005
2828	9006
9144	9007
1765	9008
8931	9009
1569	9010
4518	9011
6849	9012
1526	9013
5150	9014
6078	9015
8448	9016
743	9017
1308	9018
4431	9019
5190	9020
339	9021
7314	9022
80	9023
741	9024
1372	9025
1368	9026
8485	9027
7827	9028
6106	9029
8759	9030
2065	9031
4364	9032
1508	9033
310	9034
4406	9035
5317	9036
216	9037
977	9038
3356	9039
5697	9040
8633	9041
110	9042
737	9043
3798	9044
5019	9045
3864	9046
20	9047
4626	9048
2884	9049
3261	9050
2890	9051
8947	9052
3563	9053
564	9054
4501	9055
8182	9056
4729	9057
498	9058
3695	9059
1026	9060
6221	9061
2165	9062
8579	9063
7011	9064
7769	9065
166	9066
2048	9067
3854	9068
5553	9069
1785	9070
2724	9071
3984	9072
5900	9073
216	9074
6148	9075
2792	9076
1152	9077
2638	9078
1661	9079
9251	9080
9435	9081
7876	9082
7771	9083
7928	9084
8389	9085
1595	9086
7280	9087
7936	9088
4421	9089
5838	9090
358	9091
2025	9092
3434	9093
2881	9094
7958	9095
7260	9096
4727	9097
5941	9098
7718	9099
5004	9100
6999	9101
7832	9102
8880	9103
88	9104
7211	9105
1650	9106
302	9107
7228	9108
22	9109
541	9110
1717	9111
38	9112
6091	9113
7683	9114
5313	9115
1931	9116
6644	9117
4132	9118
4385	9119
5784	9120
8534	9121
1167	9122
4010	9123
6481	9124
2870	9125
8635	9126
4289	9127
5711	9128
8216	9129
610	9130
4137	9131
1119	9132
905	9133
5890	9134
2743	9135
3596	9136
6911	9137
4795	9138
2020	9139
7881	9140
7561	9141
6081	9142
89	9143
2206	9144
7431	9145
7247	9146
3701	9147
5030	9148
6096	9149
2901	9150
8298	9151
5880	9152
8911	9153
4899	9154
231	9155
1199	9156
8308	9157
4743	9158
1282	9159
1790	9160
5222	9161
6402	9162
9310	9163
5213	9164
7148	9165
7449	9166
2438	9167
8248	9168
3307	9169
9458	9170
7037	9171
7359	9172
2878	9173
6258	9174
9177	9175
1764	9176
8076	9177
8750	9178
4843	9179
2172	9180
9454	9181
385	9182
4182	9183
6777	9184
2231	9185
8325	9186
2849	9187
6755	9188
6709	9189
9047	9190
6763	9191
8499	9192
8401	9193
7110	9194
1674	9195
7562	9196
7071	9197
8788	9198
1653	9199
5972	9200
8498	9201
154	9202
3497	9203
8670	9204
1933	9205
2670	9206
2820	9207
5219	9208
3254	9209
8059	9210
3276	9211
1168	9212
8709	9213
15	9214
5464	9215
8542	9216
1709	9217
3232	9218
1551	9219
3200	9220
9524	9221
209	9222
2076	9223
8569	9224
1143	9225
6179	9226
7023	9227
4656	9228
1414	9229
6472	9230
206	9231
1887	9232
3775	9233
3973	9234
4381	9235
1139	9236
7028	9237
369	9238
1523	9239
3890	9240
8636	9241
8432	9242
3631	9243
99	9244
7725	9245
6359	9246
3500	9247
997	9248
4503	9249
9046	9250
2748	9251
8240	9252
510	9253
389	9254
191	9255
278	9256
1578	9257
4555	9258
876	9259
6089	9260
921	9261
1251	9262
3355	9263
1849	9264
6601	9265
9273	9266
6662	9267
2177	9268
1924	9269
1298	9270
4612	9271
255	9272
2179	9273
6167	9274
8108	9275
2576	9276
6361	9277
505	9278
6213	9279
2899	9280
7730	9281
8927	9282
3222	9283
2733	9284
2214	9285
3147	9286
379	9287
7925	9288
4028	9289
3637	9290
6500	9291
61	9292
4673	9293
5679	9294
6977	9295
5580	9296
5852	9297
1559	9298
3831	9299
2720	9300
1158	9301
5963	9302
22	9303
1468	9304
7800	9305
2436	9306
527	9307
3541	9308
3259	9309
1299	9310
3557	9311
8815	9312
6659	9313
8478	9314
2164	9315
6115	9316
6508	9317
9099	9318
6313	9319
1021	9320
789	9321
7271	9322
1240	9323
822	9324
4934	9325
2253	9326
3535	9327
6199	9328
8069	9329
2753	9330
2	9331
4321	9332
4576	9333
7236	9334
7	9335
1409	9336
842	9337
1507	9338
1801	9339
114	9340
21	9341
6232	9342
5102	9343
5274	9344
5368	9345
94	9346
8775	9347
8540	9348
1214	9349
920	9350
3440	9351
144	9352
7424	9353
3908	9354
8473	9355
2205	9356
7310	9357
3627	9358
7099	9359
5501	9360
1538	9361
7746	9362
6941	9363
2417	9364
5554	9365
2793	9366
5813	9367
6114	9368
9007	9369
6120	9370
3426	9371
4757	9372
178	9373
7615	9374
801	9375
6588	9376
7625	9377
7931	9378
495	9379
6240	9380
46	9381
6609	9382
8654	9383
6935	9384
6651	9385
351	9386
2375	9387
710	9388
6592	9389
7279	9390
4751	9391
5450	9392
8359	9393
638	9394
953	9395
3169	9396
5119	9397
8852	9398
3920	9399
509	9400
154	9401
379	9402
7170	9403
925	9404
8722	9405
388	9406
7162	9407
2096	9408
5850	9409
5950	9410
6227	9411
3719	9412
8439	9413
5248	9414
4665	9415
4463	9416
7234	9417
4812	9418
7103	9419
264	9420
603	9421
2190	9422
4273	9423
5451	9424
265	9425
662	9426
124	9427
2002	9428
1904	9429
9000	9430
7644	9431
3663	9432
3868	9433
5488	9434
4818	9435
7432	9436
1537	9437
8367	9438
3717	9439
310	9440
6753	9441
3572	9442
8121	9443
8509	9444
8797	9445
4897	9446
5231	9447
7511	9448
3183	9449
4165	9450
6554	9451
7635	9452
3033	9453
4200	9454
5352	9455
4993	9456
5840	9457
5864	9458
2666	9459
8453	9460
3442	9461
6373	9462
5304	9463
3471	9464
362	9465
1131	9466
4453	9467
9101	9468
136	9469
9436	9470
7727	9471
5751	9472
1153	9473
213	9474
7450	9475
5344	9476
5272	9477
2790	9478
7141	9479
3062	9480
6539	9481
8554	9482
2994	9483
4847	9484
3469	9485
4042	9486
1865	9487
3235	9488
3604	9489
8162	9490
4167	9491
4622	9492
5981	9493
7849	9494
6960	9495
6807	9496
8337	9497
4065	9498
4011	9499
5999	9500
4215	9501
5369	9502
2142	9503
6245	9504
4909	9505
8074	9506
770	9507
7030	9508
8845	9509
5011	9510
1106	9511
5467	9512
144	9513
5252	9514
1750	9515
819	9516
6026	9517
682	9518
5882	9519
6841	9520
5479	9521
4235	9522
7040	9523
9	9524
1379	9525
7167	9526
7636	9527
2249	9528
1207	9529
9416	9530
3274	9531
1589	9532
970	9533
3815	9534
9425	9535
8848	9536
8610	9537
6157	9538
8909	9539
6376	9540
6396	9541
6682	9542
519	9543
730	9544
4563	9545
7828	9546
6666	9547
1524	9548
7648	9549
6762	9550
3326	9551
7149	9552
9117	9553
5366	9554
8190	9555
8686	9556
3237	9557
9042	9558
7807	9559
8470	9560
1223	9561
6819	9562
8289	9563
8178	9564
2204	9565
790	9566
3094	9567
4875	9568
2823	9569
1385	9570
6603	9571
3396	9572
9345	9573
5764	9574
3970	9575
4154	9576
6196	9577
486	9578
1539	9579
1126	9580
6910	9581
1488	9582
1272	9583
301	9584
494	9585
1993	9586
4272	9587
402	9588
4258	9589
4765	9590
3755	9591
8728	9592
5839	9593
6104	9594
7329	9595
4554	9596
7717	9597
4587	9598
158	9599
2863	9600
386	9601
2184	9602
6789	9603
3012	9604
5474	9605
8315	9606
6842	9607
3576	9608
8096	9609
3611	9610
6316	9611
5595	9612
2385	9613
1045	9614
1816	9615
2788	9616
3299	9617
159	9618
25	9619
337	9620
5731	9621
3644	9622
3130	9623
9439	9624
6419	9625
257	9626
8471	9627
6504	9628
3674	9629
1963	9630
8212	9631
818	9632
2488	9633
366	9634
5526	9635
2285	9636
8229	9637
904	9638
7626	9639
1880	9640
120	9641
3204	9642
6421	9643
6602	9644
4170	9645
168	9646
9479	9647
2246	9648
5471	9649
331	9650
5389	9651
7497	9652
7797	9653
4074	9654
6782	9655
8088	9656
4969	9657
4803	9658
5496	9659
3466	9660
4145	9661
5444	9662
3573	9663
5898	9664
313	9665
8147	9666
538	9667
4950	9668
8771	9669
193	9670
2182	9671
6657	9672
8796	9673
3710	9674
5170	9675
7825	9676
2308	9677
299	9678
8090	9679
5263	9680
4470	9681
5431	9682
4365	9683
3829	9684
2588	9685
5920	9686
1487	9687
218	9688
1691	9689
4429	9690
6399	9691
335	9692
1724	9693
918	9694
7161	9695
745	9696
4109	9697
1427	9698
9527	9699
1258	9700
243	9701
3910	9702
6778	9703
23	9704
6394	9705
1770	9706
8358	9707
5132	9708
4730	9709
3581	9710
4232	9711
8623	9712
2695	9713
506	9714
1899	9715
959	9716
2691	9717
36	9718
3459	9719
53	9720
3720	9721
8284	9722
128	9723
1571	9724
1415	9725
7700	9726
654	9727
6400	9728
8863	9729
3146	9730
5673	9731
7039	9732
1755	9733
5720	9734
600	9735
1968	9736
9142	9737
362	9738
4564	9739
8818	9740
1216	9741
6643	9742
6555	9743
4895	9744
1759	9745
8718	9746
8391	9747
8825	9748
8333	9749
7941	9750
3502	9751
633	9752
4771	9753
8046	9754
8874	9755
4006	9756
9430	9757
2380	9758
3107	9759
8086	9760
2363	9761
5708	9762
9158	9763
200	9764
8725	9765
292	9766
3909	9767
4740	9768
1720	9769
1665	9770
520	9771
4827	9772
4322	9773
6292	9774
7749	9775
29	9776
5559	9777
8940	9778
3628	9779
9091	9780
7571	9781
3492	9782
7564	9783
3503	9784
3506	9785
8460	9786
2088	9787
7729	9788
3620	9789
7526	9790
5959	9791
3349	9792
8050	9793
8493	9794
2029	9795
7938	9796
2860	9797
4733	9798
2649	9799
8922	9800
2917	9801
9222	9802
1356	9803
6137	9804
411	9805
8372	9806
8945	9807
8500	9808
5862	9809
6892	9810
7712	9811
7977	9812
4350	9813
4110	9814
1607	9815
4115	9816
1461	9817
8057	9818
5924	9819
338	9820
1768	9821
6379	9822
5121	9823
4684	9824
7858	9825
8176	9826
4520	9827
2433	9828
3538	9829
4802	9830
2962	9831
5341	9832
5770	9833
7104	9834
1893	9835
272	9836
6165	9837
1945	9838
2479	9839
4611	9840
2335	9841
1446	9842
38	9843
3278	9844
409	9845
7984	9846
6990	9847
715	9848
198	9849
9296	9850
2211	9851
6805	9852
3285	9853
1823	9854
21	9855
845	9856
6596	9857
138	9858
5833	9859
279	9860
2512	9861
9238	9862
3082	9863
6012	9864
2723	9865
2092	9866
1067	9867
5803	9868
1532	9869
4542	9870
4791	9871
7019	9872
8879	9873
6985	9874
4089	9875
5122	9876
5652	9877
6285	9878
3656	9879
6800	9880
699	9881
3039	9882
323	9883
3881	9884
3928	9885
8731	9886
5575	9887
8293	9888
2873	9889
972	9890
5108	9891
7960	9892
7118	9893
5117	9894
940	9895
6228	9896
4155	9897
4884	9898
585	9899
3000	9900
1023	9901
7140	9902
3569	9903
3687	9904
8005	9905
6395	9906
7979	9907
5275	9908
6187	9909
4437	9910
7792	9911
2765	9912
588	9913
4747	9914
2368	9915
3084	9916
1864	9917
8893	9918
266	9919
3439	9920
1812	9921
14	9922
7283	9923
1263	9924
7774	9925
5980	9926
2771	9927
373	9928
4161	9929
131	9930
6788	9931
3887	9932
5181	9933
17	9934
1900	9935
2895	9936
7885	9937
687	9938
3291	9939
4925	9940
1570	9941
3496	9942
9417	9943
4386	9944
2892	9945
5613	9946
1	9947
7	9948
8618	9949
3020	9950
6908	9951
2354	9952
8571	9953
434	9954
109	9955
183	9956
4796	9957
5742	9958
727	9959
6741	9960
59	9961
858	9962
271	9963
5382	9964
1936	9965
3839	9966
2178	9967
1673	9968
693	9969
3384	9970
2318	9971
4715	9972
4663	9973
3206	9974
1967	9975
8832	9976
6522	9977
5885	9978
3808	9979
7485	9980
7701	9981
9182	9982
3643	9983
7474	9984
7285	9985
2750	9986
396	9987
8747	9988
9331	9989
7987	9990
5845	9991
4420	9992
5748	9993
3946	9994
8921	9995
228	9996
3490	9997
5374	9998
740	9999
5139	10000
