4828	1
1132	2
1924	3
1252	4
5912	5
3442	6
110	7
70	8
4731	9
620	10
488	11
1213	12
5334	13
1348	14
1232	15
1213	16
6517	17
5668	18
1770	19
4772	20
1110	21
1807	22
3320	23
567	24
5906	25
39	26
5856	27
3902	28
5564	29
239	30
2032	31
889	32
2274	33
5510	34
3475	35
3062	36
2775	37
6265	38
1402	39
1012	40
3357	41
6576	42
1758	43
2882	44
2728	45
518	46
679	47
6009	48
2745	49
1245	50
3301	51
5490	52
5254	53
4154	54
2770	55
5238	56
4504	57
6887	58
4988	59
5770	60
3628	61
608	62
1708	63
1566	64
6533	65
1502	66
1156	67
981	68
24	69
247	70
516	71
18	72
4842	73
1386	74
1020	75
1042	76
1711	77
4451	78
4305	79
1943	80
41	81
1265	82
138	83
594	84
2200	85
5592	86
3182	87
2357	88
609	89
48	90
1706	91
6515	92
108	93
137	94
1453	95
6261	96
3713	97
876	98
1896	99
2381	100
5267	101
1773	102
3496	103
1880	104
1412	105
2772	106
6626	107
1820	108
30	109
563	110
105	111
1039	112
5052	113
805	114
1339	115
702	116
873	117
1675	118
1774	119
1253	120
1769	121
6568	122
3358	123
1410	124
979	125
557	126
1280	127
11	128
6510	129
834	130
6646	131
2309	132
1806	133
115	134
6305	135
2003	136
215	137
1933	138
5	139
1097	140
5984	141
493	142
510	143
1190	144
5210	145
62	146
88	147
134	148
3773	149
5833	150
3688	151
6538	152
242	153
451	154
300	155
5865	156
5276	157
1533	158
1815	159
1158	160
5422	161
492	162
1209	163
5508	164
233	165
110	166
487	167
555	168
2660	169
1930	170
5402	171
2856	172
1501	173
1293	174
6444	175
6405	176
59	177
5125	178
1074	179
5842	180
946	181
604	182
5021	183
974	184
5115	185
614	186
1921	187
1832	188
3710	189
2968	190
1039	191
4081	192
3304	193
6181	194
175	195
1319	196
3892	197
5235	198
4791	199
6939	200
1827	201
1521	202
1812	203
3954	204
2372	205
6911	206
2302	207
128	208
632	209
1611	210
5601	211
6826	212
6715	213
7022	214
576	215
4998	216
551	217
1265	218
4919	219
453	220
5822	221
121	222
472	223
3356	224
2151	225
4851	226
2641	227
3347	228
6676	229
4917	230
6774	231
5300	232
580	233
2691	234
2178	235
5635	236
1568	237
1626	238
5828	239
924	240
629	241
5819	242
5557	243
1181	244
1067	245
1629	246
1515	247
859	248
3160	249
4735	250
255	251
3353	252
2289	253
2583	254
1472	255
2993	256
4620	257
1730	258
4506	259
5958	260
198	261
256	262
1305	263
1460	264
1663	265
586	266
6810	267
2387	268
1571	269
587	270
54	271
1165	272
6268	273
271	274
6137	275
5858	276
6850	277
26	278
3292	279
418	280
695	281
260	282
313	283
3177	284
478	285
5180	286
538	287
5139	288
5919	289
289	290
1420	291
115	292
460	293
685	294
2918	295
393	296
2263	297
2663	298
836	299
460	300
5848	301
5076	302
228	303
6889	304
4852	305
90	306
2481	307
5556	308
2301	309
4376	310
6679	311
5771	312
631	313
6779	314
687	315
4531	316
4018	317
388	318
3428	319
24	320
4448	321
6278	322
2425	323
951	324
5698	325
849	326
50	327
4240	328
6241	329
4035	330
3313	331
1390	332
5360	333
2542	334
548	335
799	336
3787	337
1593	338
6738	339
4511	340
3269	341
616	342
2977	343
4810	344
922	345
263	346
882	347
2592	348
80	349
6989	350
587	351
5020	352
5252	353
620	354
1736	355
6993	356
629	357
1207	358
2084	359
66	360
2914	361
4551	362
3758	363
2813	364
1838	365
55	366
56	367
3285	368
6721	369
2412	370
6796	371
2537	372
925	373
7018	374
1017	375
1668	376
17	377
412	378
6730	379
904	380
4770	381
1228	382
5573	383
4241	384
5904	385
1151	386
6083	387
6347	388
1695	389
995	390
6865	391
496	392
3210	393
4704	394
6767	395
1913	396
6385	397
2201	398
2944	399
560	400
61	401
4242	402
1724	403
2245	404
2455	405
107	406
1693	407
4026	408
3441	409
771	410
709	411
895	412
163	413
806	414
5196	415
3158	416
4064	417
134	418
1018	419
1601	420
1868	421
901	422
1464	423
724	424
62	425
1377	426
773	427
996	428
3410	429
1857	430
3747	431
5587	432
5219	433
1945	434
4177	435
5639	436
5339	437
5650	438
1963	439
2024	440
4173	441
1251	442
1586	443
1478	444
774	445
2507	446
6473	447
13	448
185	449
5950	450
1292	451
3602	452
697	453
6968	454
1317	455
5784	456
6680	457
5203	458
129	459
1045	460
48	461
844	462
6133	463
4706	464
6390	465
5813	466
3664	467
1544	468
1148	469
117	470
3797	471
1275	472
1697	473
6306	474
1073	475
948	476
167	477
9	478
1127	479
1236	480
3971	481
155	482
649	483
52	484
2434	485
6260	486
3324	487
6563	488
3405	489
321	490
6438	491
2994	492
6252	493
4259	494
2586	495
4879	496
26	497
2801	498
5188	499
309	500
1	501
5763	502
6870	503
6808	504
1632	505
877	506
2199	507
3159	508
5444	509
209	510
5722	511
4991	512
694	513
6609	514
5160	515
34	516
2956	517
562	518
216	519
1156	520
891	521
3103	522
2027	523
719	524
4653	525
1811	526
5079	527
833	528
1340	529
5646	530
1197	531
177	532
953	533
4415	534
3840	535
5943	536
283	537
1535	538
3849	539
1477	540
5133	541
5242	542
4032	543
2018	544
247	545
4535	546
581	547
484	548
77	549
3393	550
825	551
658	552
1371	553
5513	554
285	555
3354	556
1559	557
417	558
6216	559
600	560
6103	561
4204	562
602	563
330	564
3888	565
4570	566
136	567
6194	568
1662	569
4941	570
2802	571
3526	572
102	573
5937	574
102	575
2226	576
2233	577
2232	578
4215	579
359	580
435	581
5264	582
1322	583
4662	584
1126	585
597	586
222	587
2234	588
940	589
512	590
941	591
17	592
814	593
2842	594
1199	595
6615	596
4344	597
1088	598
5552	599
6122	600
4780	601
1255	602
1686	603
4898	604
5248	605
652	606
741	607
1085	608
4140	609
1995	610
282	611
1648	612
1988	613
3961	614
1003	615
102	616
4888	617
5993	618
2769	619
758	620
1967	621
5796	622
7023	623
5567	624
2924	625
5846	626
1902	627
1059	628
1483	629
2194	630
123	631
783	632
5500	633
5885	634
2197	635
2031	636
5491	637
2528	638
321	639
441	640
3744	641
3094	642
2346	643
1949	644
5274	645
6949	646
752	647
2068	648
609	649
5743	650
84	651
4961	652
2227	653
4673	654
5240	655
1232	656
5823	657
6340	658
3012	659
7010	660
928	661
6518	662
1721	663
6702	664
4093	665
1360	666
6683	667
4520	668
4355	669
1106	670
5349	671
686	672
5615	673
842	674
214	675
1448	676
2672	677
3024	678
5332	679
91	680
1394	681
4261	682
4784	683
583	684
3593	685
1419	686
6666	687
5606	688
4584	689
654	690
318	691
3115	692
1387	693
4	694
342	695
1950	696
291	697
5890	698
3729	699
1775	700
1983	701
3202	702
1140	703
5297	704
1292	705
1522	706
160	707
5897	708
1200	709
5679	710
5899	711
3273	712
5738	713
1359	714
612	715
122	716
3219	717
6831	718
4397	719
3836	720
479	721
2219	722
1887	723
1995	724
2107	725
2420	726
1396	727
2286	728
4530	729
5895	730
9	731
6994	732
1710	733
1943	734
7036	735
4308	736
1876	737
3288	738
5464	739
1071	740
4388	741
798	742
258	743
5487	744
6879	745
382	746
1727	747
635	748
1392	749
3875	750
877	751
281	752
248	753
3306	754
1421	755
3026	756
1523	757
1637	758
652	759
6705	760
4824	761
1557	762
659	763
1691	764
6632	765
4040	766
385	767
81	768
4122	769
5873	770
381	771
154	772
6073	773
50	774
3048	775
784	776
625	777
298	778
5795	779
475	780
6886	781
6992	782
2152	783
439	784
2493	785
135	786
1217	787
1560	788
1046	789
849	790
3795	791
1129	792
4383	793
6486	794
6387	795
5344	796
2499	797
1505	798
694	799
6402	800
3064	801
4718	802
1219	803
6355	804
763	805
4129	806
3386	807
2900	808
390	809
4774	810
16	811
5878	812
356	813
1786	814
1388	815
4039	816
1031	817
428	818
2991	819
1529	820
2013	821
6691	822
619	823
346	824
2859	825
1122	826
1844	827
820	828
17	829
2	830
1888	831
1679	832
81	833
1053	834
25	835
2382	836
237	837
22	838
4589	839
5793	840
100	841
77	842
3815	843
145	844
5991	845
5533	846
896	847
813	848
768	849
6170	850
398	851
3481	852
892	853
854	854
4432	855
1279	856
3092	857
579	858
939	859
4487	860
1584	861
1095	862
6028	863
3344	864
571	865
1016	866
3943	867
49	868
1571	869
3656	870
796	871
2937	872
6251	873
520	874
2166	875
166	876
4524	877
34	878
1873	879
2530	880
222	881
700	882
2060	883
6521	884
151	885
324	886
6695	887
1011	888
1106	889
260	890
272	891
3249	892
6029	893
6704	894
810	895
1434	896
415	897
2229	898
163	899
949	900
4912	901
584	902
5030	903
6597	904
6258	905
712	906
2305	907
445	908
4245	909
1481	910
1519	911
1234	912
470	913
2497	914
529	915
6980	916
314	917
6812	918
6053	919
5186	920
6776	921
19	922
1582	923
5728	924
722	925
158	926
1330	927
3805	928
644	929
6419	930
430	931
1331	932
3366	933
33	934
1372	935
6388	936
1284	937
1423	938
6652	939
2657	940
6925	941
3889	942
6200	943
2879	944
6190	945
6805	946
32	947
402	948
4587	949
4581	950
2395	951
5996	952
193	953
4571	954
478	955
206	956
420	957
2692	958
1015	959
44	960
5220	961
274	962
1351	963
2715	964
5544	965
3145	966
2047	967
2288	968
3498	969
5852	970
1516	971
7004	972
5756	973
2479	974
5559	975
5473	976
500	977
1052	978
52	979
1851	980
346	981
3146	982
3451	983
5429	984
3521	985
5618	986
329	987
205	988
1665	989
3093	990
6856	991
1646	992
4442	993
395	994
68	995
285	996
386	997
1569	998
1765	999
412	1000
598	1001
1042	1002
1628	1003
7	1004
5358	1005
2931	1006
5094	1007
6800	1008
5250	1009
6440	1010
6457	1011
2133	1012
6485	1013
3225	1014
1866	1015
6227	1016
938	1017
2898	1018
471	1019
2344	1020
1801	1021
927	1022
3853	1023
1644	1024
1951	1025
355	1026
1629	1027
1565	1028
42	1029
4844	1030
3553	1031
4246	1032
5850	1033
6611	1034
1524	1035
3338	1036
662	1037
4229	1038
655	1039
1959	1040
4946	1041
2359	1042
5302	1043
4725	1044
3199	1045
391	1046
4106	1047
3581	1048
4557	1049
1442	1050
4930	1051
2374	1052
5529	1053
5621	1054
4045	1055
4940	1056
4298	1057
7030	1058
5953	1059
6909	1060
3406	1061
5143	1062
1350	1063
1029	1064
5777	1065
1803	1066
1144	1067
3832	1068
3674	1069
3223	1070
342	1071
775	1072
5117	1073
1011	1074
2926	1075
875	1076
4692	1077
6972	1078
608	1079
1459	1080
249	1081
5257	1082
6991	1083
273	1084
2143	1085
793	1086
258	1087
1362	1088
4307	1089
4899	1090
4166	1091
142	1092
4110	1093
2469	1094
5521	1095
2023	1096
6583	1097
3450	1098
6467	1099
4236	1100
4911	1101
3351	1102
1566	1103
827	1104
312	1105
3244	1106
724	1107
1488	1108
109	1109
6091	1110
5299	1111
748	1112
313	1113
2496	1114
4674	1115
4987	1116
1222	1117
1064	1118
81	1119
5065	1120
6217	1121
1871	1122
111	1123
5134	1124
1191	1125
274	1126
1676	1127
459	1128
6665	1129
6296	1130
6752	1131
288	1132
288	1133
2688	1134
5504	1135
4818	1136
4267	1137
6106	1138
1899	1139
129	1140
2743	1141
6334	1142
4835	1143
325	1144
6267	1145
1496	1146
129	1147
5058	1148
495	1149
513	1150
5445	1151
1671	1152
3630	1153
249	1154
249	1155
57	1156
1198	1157
6259	1158
5713	1159
2001	1160
1352	1161
2436	1162
250	1163
486	1164
1804	1165
186	1166
6499	1167
195	1168
6835	1169
5010	1170
1367	1171
772	1172
5202	1173
1347	1174
1310	1175
53	1176
4181	1177
4114	1178
497	1179
4905	1180
377	1181
2430	1182
1004	1183
874	1184
1178	1185
16	1186
201	1187
152	1188
93	1189
6580	1190
5303	1191
87	1192
87	1193
404	1194
404	1195
6074	1196
3116	1197
647	1198
109	1199
4171	1200
3422	1201
6607	1202
1515	1203
731	1204
463	1205
442	1206
4722	1207
326	1208
814	1209
2936	1210
227	1211
4	1212
3627	1213
2351	1214
4013	1215
151	1216
151	1217
23	1218
4358	1219
1835	1220
222	1221
497	1222
3089	1223
1692	1224
1647	1225
5295	1226
197	1227
6557	1228
1840	1229
6725	1230
6041	1231
3637	1232
6275	1233
3314	1234
6005	1235
628	1236
449	1237
6753	1238
5782	1239
5005	1240
4665	1241
134	1242
6495	1243
525	1244
1827	1245
2529	1246
6951	1247
1944	1248
152	1249
427	1250
4779	1251
167	1252
5213	1253
482	1254
6372	1255
248	1256
4461	1257
358	1258
5316	1259
5532	1260
4698	1261
6797	1262
615	1263
5881	1264
558	1265
1317	1266
4408	1267
5965	1268
755	1269
6743	1270
751	1271
1670	1272
349	1273
128	1274
3137	1275
1658	1276
6990	1277
1002	1278
780	1279
616	1280
1863	1281
2130	1282
5123	1283
4465	1284
1508	1285
3885	1286
1145	1287
297	1288
3006	1289
992	1290
4644	1291
1831	1292
3775	1293
461	1294
423	1295
488	1296
108	1297
1095	1298
4310	1299
3850	1300
745	1301
323	1302
375	1303
1427	1304
2569	1305
1587	1306
6111	1307
5363	1308
2295	1309
267	1310
1153	1311
3070	1312
4293	1313
1337	1314
1355	1315
2805	1316
2624	1317
435	1318
4279	1319
2815	1320
5596	1321
6254	1322
299	1323
556	1324
6142	1325
4343	1326
157	1327
1530	1328
2911	1329
6480	1330
2893	1331
6717	1332
3379	1333
161	1334
844	1335
4649	1336
1019	1337
1908	1338
480	1339
2321	1340
232	1341
23	1342
292	1343
526	1344
2137	1345
1782	1346
1556	1347
3704	1348
5019	1349
5640	1350
10	1351
2102	1352
2007	1353
5013	1354
5605	1355
6536	1356
406	1357
5588	1358
520	1359
2202	1360
1641	1361
5907	1362
6321	1363
357	1364
604	1365
2903	1366
509	1367
65	1368
56	1369
17	1370
573	1371
2156	1372
2120	1373
1441	1374
1898	1375
1429	1376
1652	1377
5744	1378
4258	1379
2894	1380
546	1381
134	1382
75	1383
5315	1384
2635	1385
1857	1386
5172	1387
6104	1388
334	1389
6798	1390
961	1391
893	1392
1536	1393
1020	1394
2719	1395
956	1396
4450	1397
1141	1398
6714	1399
1325	1400
86	1401
213	1402
3208	1403
3337	1404
1852	1405
6065	1406
154	1407
3107	1408
2115	1409
162	1410
2280	1411
1269	1412
6145	1413
3660	1414
6443	1415
5772	1416
4915	1417
3252	1418
964	1419
6151	1420
5110	1421
113	1422
237	1423
6625	1424
920	1425
4435	1426
513	1427
3940	1428
4500	1429
8	1430
4948	1431
153	1432
5436	1433
1977	1434
6000	1435
4059	1436
4250	1437
3501	1438
3612	1439
4467	1440
1254	1441
3802	1442
1215	1443
2111	1444
1152	1445
170	1446
3010	1447
3463	1448
3981	1449
4368	1450
5136	1451
6982	1452
4585	1453
6431	1454
95	1455
607	1456
2161	1457
4297	1458
3068	1459
524	1460
2037	1461
1642	1462
895	1463
387	1464
1954	1465
2673	1466
3364	1467
6687	1468
5960	1469
1366	1470
387	1471
1600	1472
3278	1473
4418	1474
4277	1475
61	1476
6686	1477
6943	1478
808	1479
808	1480
1725	1481
1343	1482
2461	1483
3469	1484
1183	1485
2777	1486
939	1487
4619	1488
1703	1489
3060	1490
1172	1491
1680	1492
424	1493
5600	1494
527	1495
6158	1496
6012	1497
4041	1498
137	1499
4380	1500
3824	1501
6097	1502
5382	1503
6064	1504
607	1505
2307	1506
6984	1507
1906	1508
1701	1509
986	1510
2340	1511
1735	1512
6310	1513
1	1514
1	1515
1	1516
726	1517
1160	1518
969	1519
11	1520
4659	1521
6807	1522
4387	1523
1751	1524
2609	1525
5781	1526
1777	1527
5191	1528
6429	1529
3828	1530
550	1531
2861	1532
6374	1533
1624	1534
34	1535
4365	1536
2141	1537
3377	1538
2027	1539
4785	1540
5	1541
1139	1542
2836	1543
1796	1544
2256	1545
281	1546
3077	1547
4549	1548
1313	1549
4931	1550
4968	1551
159	1552
1772	1553
4164	1554
1687	1555
6038	1556
2416	1557
282	1558
5603	1559
6608	1560
3213	1561
1291	1562
872	1563
217	1564
4263	1565
2784	1566
4808	1567
2005	1568
3929	1569
450	1570
1741	1571
4454	1572
6575	1573
4095	1574
4148	1575
6308	1576
1022	1577
586	1578
3572	1579
4741	1580
1475	1581
3506	1582
175	1583
133	1584
520	1585
1086	1586
170	1587
314	1588
1040	1589
5091	1590
4472	1591
573	1592
4038	1593
1308	1594
397	1595
1135	1596
6270	1597
854	1598
1775	1599
1997	1600
739	1601
1269	1602
6383	1603
1900	1604
94	1605
3042	1606
3494	1607
1889	1608
6202	1609
4218	1610
538	1611
3039	1612
223	1613
2785	1614
4669	1615
608	1616
4547	1617
2004	1618
553	1619
698	1620
164	1621
6096	1622
994	1623
1182	1624
6513	1625
6937	1626
2964	1627
5892	1628
3901	1629
310	1630
310	1631
1058	1632
1289	1633
3388	1634
906	1635
4367	1636
3990	1637
5284	1638
2397	1639
474	1640
5288	1641
6505	1642
6421	1643
1260	1644
492	1645
6567	1646
6441	1647
5162	1648
6	1649
502	1650
6006	1651
5969	1652
4845	1653
3813	1654
6192	1655
1271	1656
1118	1657
5006	1658
1810	1659
1614	1660
87	1661
1931	1662
238	1663
238	1664
238	1665
4312	1666
1859	1667
770	1668
40	1669
135	1670
1241	1671
268	1672
268	1673
4728	1674
5944	1675
3385	1676
514	1677
1846	1678
552	1679
5637	1680
309	1681
6648	1682
1096	1683
4265	1684
6177	1685
733	1686
4806	1687
6655	1688
59	1689
4767	1690
443	1691
35	1692
6519	1693
208	1694
4621	1695
1085	1696
194	1697
770	1698
4937	1699
1330	1700
5931	1701
874	1702
6068	1703
3492	1704
3363	1705
6701	1706
341	1707
2614	1708
1044	1709
1238	1710
6997	1711
1072	1712
183	1713
917	1714
4618	1715
6063	1716
4656	1717
188	1718
310	1719
1401	1720
5684	1721
140	1722
5827	1723
1996	1724
41	1725
453	1726
2852	1727
3825	1728
80	1729
1749	1730
6339	1731
1851	1732
128	1733
4664	1734
2867	1735
1250	1736
1443	1737
1686	1738
4895	1739
415	1740
3282	1741
1932	1742
993	1743
6623	1744
6046	1745
6736	1746
2306	1747
899	1748
4884	1749
158	1750
2676	1751
124	1752
2831	1753
4488	1754
2421	1755
3359	1756
2103	1757
165	1758
611	1759
141	1760
2613	1761
5112	1762
29	1763
2373	1764
3631	1765
4474	1766
7007	1767
1855	1768
6363	1769
284	1770
335	1771
1935	1772
6446	1773
1819	1774
574	1775
4126	1776
3205	1777
240	1778
201	1779
472	1780
5883	1781
216	1782
3610	1783
213	1784
6143	1785
5100	1786
3529	1787
5478	1788
6279	1789
6595	1790
963	1791
1120	1792
158	1793
158	1794
6700	1795
3659	1796
6729	1797
471	1798
259	1799
6047	1800
1618	1801
1531	1802
438	1803
1959	1804
5589	1805
297	1806
1109	1807
584	1808
6101	1809
2438	1810
5289	1811
2190	1812
2228	1813
3768	1814
1179	1815
623	1816
347	1817
5802	1818
1300	1819
3165	1820
919	1821
4070	1822
3534	1823
764	1824
5122	1825
108	1826
6081	1827
4199	1828
2437	1829
60	1830
4700	1831
1358	1832
3109	1833
1057	1834
1632	1835
5585	1836
590	1837
5157	1838
682	1839
6357	1840
2388	1841
1392	1842
2110	1843
912	1844
902	1845
6342	1846
5413	1847
3730	1848
4801	1849
1583	1850
343	1851
3505	1852
136	1853
433	1854
2887	1855
6427	1856
2043	1857
3231	1858
293	1859
6154	1860
5872	1861
5449	1862
4323	1863
1246	1864
863	1865
5563	1866
2611	1867
816	1868
2483	1869
1287	1870
997	1871
1773	1872
4444	1873
3051	1874
1747	1875
3712	1876
3525	1877
631	1878
898	1879
1494	1880
6076	1881
7037	1882
1729	1883
6087	1884
5570	1885
7013	1886
1732	1887
1842	1888
5057	1889
3975	1890
2099	1891
5675	1892
778	1893
6673	1894
1938	1895
1033	1896
3262	1897
1288	1898
4993	1899
3924	1900
1154	1901
1047	1902
1649	1903
1052	1904
110	1905
976	1906
546	1907
4471	1908
448	1909
2375	1910
4176	1911
6434	1912
444	1913
2734	1914
184	1915
6020	1916
1919	1917
641	1918
561	1919
486	1920
6407	1921
2285	1922
1622	1923
42	1924
356	1925
1731	1926
2883	1927
5807	1928
3841	1929
429	1930
1894	1931
4314	1932
4347	1933
373	1934
1747	1935
193	1936
4065	1937
7005	1938
3739	1939
242	1940
6416	1941
5362	1942
1302	1943
4061	1944
4	1945
48	1946
6425	1947
2114	1948
3931	1949
552	1950
61	1951
1474	1952
538	1953
6487	1954
554	1955
60	1956
846	1957
1918	1958
5105	1959
3735	1960
2361	1961
35	1962
4508	1963
2561	1964
178	1965
1027	1966
200	1967
4220	1968
1509	1969
3750	1970
4094	1971
6769	1972
184	1973
3772	1974
6689	1975
465	1976
1229	1977
665	1978
4	1979
3100	1980
1050	1981
1126	1982
5394	1983
3858	1984
1415	1985
205	1986
825	1987
452	1988
1976	1989
5720	1990
3619	1991
840	1992
518	1993
6114	1994
3803	1995
4382	1996
2849	1997
1834	1998
1630	1999
1077	2000
1963	2001
498	2002
507	2003
7000	2004
2052	2005
6824	2006
3438	2007
483	2008
4604	2009
4349	2010
1217	2011
85	2012
6734	2013
196	2014
268	2015
3969	2016
1561	2017
2464	2018
6280	2019
2999	2020
4702	2021
2268	2022
723	2023
1736	2024
2636	2025
4225	2026
143	2027
5514	2028
252	2029
3187	2030
1162	2031
4737	2032
5426	2033
5031	2034
677	2035
505	2036
5787	2037
3641	2038
5670	2039
3097	2040
2063	2041
625	2042
2112	2043
3852	2044
707	2045
1428	2046
3559	2047
1169	2048
2628	2049
2629	2050
2512	2051
272	2052
286	2053
1656	2054
1084	2055
164	2056
6131	2057
4016	2058
3514	2059
1777	2060
4152	2061
1588	2062
5266	2063
6979	2064
4518	2065
837	2066
639	2067
526	2068
466	2069
6853	2070
111	2071
6136	2072
375	2073
1484	2074
1847	2075
5545	2076
251	2077
3509	2078
432	2079
6139	2080
3951	2081
3557	2082
5503	2083
1561	2084
5146	2085
1551	2086
859	2087
1365	2088
123	2089
79	2090
3298	2091
3188	2092
3	2093
4321	2094
1746	2095
4749	2096
2489	2097
3952	2098
215	2099
3539	2100
6004	2101
3948	2102
6030	2103
371	2104
2446	2105
3916	2106
3655	2107
674	2108
1521	2109
464	2110
4927	2111
30	2112
2554	2113
6970	2114
1883	2115
14	2116
1921	2117
6015	2118
3312	2119
6490	2120
4005	2121
1286	2122
4546	2123
525	2124
5467	2125
1026	2126
176	2127
75	2128
3638	2129
1892	2130
94	2131
94	2132
332	2133
6026	2134
1861	2135
1244	2136
2258	2137
165	2138
1553	2139
3746	2140
1549	2141
2967	2142
1419	2143
1788	2144
2034	2145
6640	2146
1264	2147
6727	2148
3148	2149
364	2150
800	2151
1345	2152
1001	2153
4480	2154
196	2155
2484	2156
2525	2157
3933	2158
5359	2159
2917	2160
667	2161
1124	2162
2579	2163
1585	2164
2908	2165
110	2166
3084	2167
79	2168
72	2169
72	2170
403	2171
1715	2172
5922	2173
3226	2174
5066	2175
39	2176
1323	2177
952	2178
3705	2179
3	2180
4872	2181
4362	2182
254	2183
5791	2184
5614	2185
605	2186
68	2187
4165	2188
5998	2189
5553	2190
721	2191
105	2192
1698	2193
1496	2194
1397	2195
5200	2196
1446	2197
5067	2198
5124	2199
6516	2200
1910	2201
4318	2202
304	2203
765	2204
20	2205
6981	2206
1533	2207
6207	2208
6166	2209
1192	2210
5035	2211
681	2212
3330	2213
592	2214
178	2215
1678	2216
2138	2217
398	2218
308	2219
459	2220
5033	2221
483	2222
1912	2223
3634	2224
5974	2225
5651	2226
4048	2227
3613	2228
1920	2229
6293	2230
2007	2231
516	2232
6848	2233
356	2234
3333	2235
1807	2236
3574	2237
858	2238
10	2239
2314	2240
3407	2241
362	2242
728	2243
797	2244
1722	2245
3577	2246
3617	2247
6403	2248
5861	2249
4470	2250
1657	2251
1532	2252
1712	2253
1274	2254
2524	2255
6256	2256
1511	2257
4641	2258
4920	2259
6590	2260
4636	2261
234	2262
3394	2263
6668	2264
2243	2265
3543	2266
2560	2267
6381	2268
2011	2269
615	2270
439	2271
3594	2272
1202	2273
5376	2274
2331	2275
515	2276
5578	2277
2294	2278
693	2279
6940	2280
967	2281
6176	2282
1504	2283
532	2284
2837	2285
3880	2286
5638	2287
1680	2288
4577	2289
2839	2290
1780	2291
2766	2292
232	2293
959	2294
879	2295
589	2296
4327	2297
5948	2298
917	2299
683	2300
5882	2301
928	2302
1838	2303
4440	2304
4916	2305
466	2306
1397	2307
4363	2308
4552	2309
241	2310
3812	2311
3169	2312
3082	2313
6105	2314
290	2315
4769	2316
5687	2317
6299	2318
6204	2319
4821	2320
1275	2321
1263	2322
3207	2323
3700	2324
2776	2325
2912	2326
2127	2327
6377	2328
1752	2329
853	2330
1357	2331
576	2332
439	2333
25	2334
2541	2335
3066	2336
2410	2337
1716	2338
5330	2339
2238	2340
4855	2341
1700	2342
41	2343
64	2344
1225	2345
181	2346
382	2347
3002	2348
5794	2349
4252	2350
2913	2351
4422	2352
4	2353
908	2354
3608	2355
1503	2356
1500	2357
6976	2358
3573	2359
3482	2360
1657	2361
536	2362
6745	2363
2142	2364
953	2365
3928	2366
4971	2367
482	2368
730	2369
195	2370
913	2371
5048	2372
5636	2373
1582	2374
2	2375
3402	2376
6881	2377
6978	2378
6846	2379
1644	2380
347	2381
5814	2382
1006	2383
1784	2384
2145	2385
6209	2386
3030	2387
1872	2388
4473	2389
1433	2390
7	2391
4253	2392
5774	2393
4809	2394
501	2395
1367	2396
4606	2397
4876	2398
4558	2399
2588	2400
2350	2401
1914	2402
544	2403
1230	2404
2504	2405
2701	2406
5655	2407
2950	2408
4609	2409
763	2410
445	2411
3917	2412
716	2413
1924	2414
4963	2415
2855	2416
47	2417
1541	2418
3603	2419
4965	2420
5956	2421
149	2422
2778	2423
6365	2424
1009	2425
3291	2426
2532	2427
5482	2428
3392	2429
2030	2430
191	2431
983	2432
3491	2433
186	2434
29	2435
114	2436
416	2437
393	2438
3267	2439
24	2440
5864	2441
4979	2442
1267	2443
4627	2444
2333	2445
4178	2446
5746	2447
5741	2448
614	2449
138	2450
881	2451
1754	2452
2975	2453
5320	2454
1510	2455
4301	2456
2892	2457
1098	2458
531	2459
5036	2460
389	2461
6069	2462
6141	2463
6703	2464
5598	2465
6191	2466
5027	2467
36	2468
6084	2469
28	2470
1653	2471
3076	2472
106	2473
1895	2474
4066	2475
151	2476
3635	2477
4865	2478
3319	2479
1417	2480
2439	2481
3864	2482
1800	2483
762	2484
3440	2485
1245	2486
4676	2487
4569	2488
869	2489
2572	2490
2902	2491
376	2492
810	2493
3416	2494
481	2495
3396	2496
4982	2497
443	2498
5472	2499
605	2500
1443	2501
2823	2502
2132	2503
991	2504
3268	2505
5069	2506
1366	2507
3798	2508
1968	2509
4796	2510
4057	2511
76	2512
3679	2513
3381	2514
3895	2515
4776	2516
372	2517
6535	2518
3421	2519
1767	2520
4650	2521
1565	2522
2521	2523
6514	2524
6804	2525
5421	2526
4697	2527
23	2528
3777	2529
170	2530
140	2531
5735	2532
4877	2533
3425	2534
157	2535
479	2536
6985	2537
988	2538
1028	2539
634	2540
4978	2541
3248	2542
224	2543
190	2544
3872	2545
288	2546
718	2547
5374	2548
778	2549
2501	2550
449	2551
1227	2552
2591	2553
547	2554
2041	2555
155	2556
2549	2557
52	2558
8	2559
593	2560
657	2561
6193	2562
1185	2563
3692	2564
3426	2565
5471	2566
6219	2567
785	2568
6043	2569
1740	2570
1202	2571
1719	2572
1982	2573
1985	2574
6897	2575
648	2576
887	2577
5633	2578
323	2579
320	2580
3299	2581
3800	2582
4132	2583
3780	2584
3294	2585
5495	2586
4708	2587
396	2588
1591	2589
353	2590
1744	2591
1696	2592
1049	2593
99	2594
771	2595
5837	2596
1008	2597
5230	2598
187	2599
2546	2600
2458	2601
3144	2602
625	2603
1383	2604
766	2605
2140	2606
5586	2607
4880	2608
801	2609
437	2610
4554	2611
4703	2612
154	2613
281	2614
361	2615
1312	2616
6454	2617
3349	2618
3270	2619
998	2620
1318	2621
6543	2622
6235	2623
1650	2624
864	2625
1359	2626
220	2627
889	2628
2222	2629
4798	2630
2119	2631
2871	2632
2534	2633
41	2634
3826	2635
1860	2636
381	2637
7025	2638
5016	2639
1491	2640
5149	2641
6051	2642
1369	2643
4573	2644
653	2645
93	2646
1235	2647
528	2648
67	2649
7	2650
169	2651
471	2652
6634	2653
5319	2654
6825	2655
672	2656
5894	2657
1316	2658
5942	2659
6603	2660
1898	2661
6534	2662
458	2663
1450	2664
6463	2665
3323	2666
6003	2667
3017	2668
3497	2669
4830	2670
891	2671
5009	2672
4003	2673
225	2674
5389	2675
5369	2676
1938	2677
436	2678
4906	2679
253	2680
5442	2681
5905	2682
5352	2683
942	2684
3977	2685
819	2686
1684	2687
727	2688
2255	2689
6023	2690
430	2691
4795	2692
957	2693
1386	2694
2330	2695
5939	2696
4617	2697
415	2698
407	2699
1970	2700
319	2701
40	2702
3725	2703
62	2704
4089	2705
648	2706
461	2707
298	2708
4020	2709
3346	2710
5524	2711
4087	2712
1836	2713
4489	2714
687	2715
4167	2716
3370	2717
922	2718
1159	2719
1954	2720
2885	2721
1645	2722
1464	2723
6975	2724
3947	2725
1877	2726
981	2727
784	2728
125	2729
4904	2730
1711	2731
4354	2732
161	2733
2599	2734
4441	2735
244	2736
5388	2737
5710	2738
1353	2739
32	2740
1974	2741
759	2742
2261	2743
1876	2744
3499	2745
7034	2746
948	2747
96	2748
1618	2749
81	2750
678	2751
5799	2752
192	2753
4022	2754
125	2755
125	2756
442	2757
1139	2758
2406	2759
5401	2760
1338	2761
95	2762
540	2763
4147	2764
875	2765
3738	2766
815	2767
6785	2768
542	2769
1117	2770
48	2771
88	2772
2109	2773
1667	2774
3555	2775
786	2776
5985	2777
428	2778
360	2779
2191	2780
4455	2781
2159	2782
157	2783
391	2784
5243	2785
750	2786
46	2787
1837	2788
3851	2789
3964	2790
2433	2791
2299	2792
499	2793
3623	2794
2259	2795
212	2796
5046	2797
1763	2798
2168	2799
2665	2800
6799	2801
5886	2802
6708	2803
963	2804
2637	2805
2595	2806
99	2807
4792	2808
6465	2809
6766	2810
7002	2811
121	2812
5715	2813
5628	2814
6345	2815
6044	2816
148	2817
350	2818
782	2819
86	2820
6762	2821
1416	2822
1917	2823
1068	2824
5355	2825
1418	2826
1332	2827
537	2828
1871	2829
3600	2830
3200	2831
5759	2832
315	2833
5417	2834
556	2835
1955	2836
1859	2837
507	2838
1504	2839
1035	2840
3311	2841
5269	2842
6147	2843
4768	2844
1272	2845
1732	2846
4128	2847
1812	2848
2203	2849
3774	2850
2158	2851
1403	2852
5665	2853
3959	2854
4452	2855
1477	2856
6786	2857
438	2858
5947	2859
5711	2860
1524	2861
4141	2862
795	2863
2799	2864
2393	2865
6838	2866
295	2867
1628	2868
6245	2869
270	2870
5455	2871
5127	2872
533	2873
6896	2874
276	2875
3272	2876
6781	2877
3233	2878
5877	2879
3227	2880
1797	2881
1878	2882
3857	2883
4743	2884
2618	2885
6335	2886
2101	2887
1480	2888
178	2889
1282	2890
2539	2891
2323	2892
4782	2893
1904	2894
1955	2895
6861	2896
6555	2897
3748	2898
298	2899
3863	2900
1238	2901
6839	2902
3622	2903
327	2904
4638	2905
1542	2906
1293	2907
6326	2908
4143	2909
147	2910
299	2911
1267	2912
5190	2913
481	2914
1070	2915
3643	2916
1299	2917
409	2918
977	2919
3080	2920
172	2921
5397	2922
5801	2923
1216	2924
6589	2925
6882	2926
1065	2927
3003	2928
557	2929
2065	2930
2424	2931
1879	2932
4678	2933
57	2934
954	2935
1111	2936
397	2937
3996	2938
759	2939
378	2940
5800	2941
3821	2942
4713	2943
3833	2944
566	2945
70	2946
894	2947
6828	2948
1060	2949
3136	2950
817	2951
374	2952
787	2953
1581	2954
6706	2955
149	2956
136	2957
5566	2958
1962	2959
946	2960
978	2961
3520	2962
56	2963
4773	2964
457	2965
5451	2966
1528	2967
3814	2968
4490	2969
4309	2970
494	2971
3669	2972
4913	2973
4196	2974
3535	2975
5351	2976
1643	2977
3302	2978
2466	2979
1382	2980
2389	2981
4695	2982
374	2983
1600	2984
5366	2985
1404	2986
960	2987
6910	2988
2448	2989
1617	2990
5406	2991
2916	2992
4935	2993
1609	2994
83	2995
67	2996
3055	2997
6095	2998
2519	2999
1957	3000
6520	3001
5280	3002
6506	3003
742	3004
336	3005
1266	3006
781	3007
311	3008
4429	3009
1400	3010
6351	3011
2940	3012
6903	3013
980	3014
282	3015
5221	3016
4322	3017
1633	3018
955	3019
5527	3020
4962	3021
4543	3022
6391	3023
2604	3024
6588	3025
1764	3026
6768	3027
3418	3028
357	3029
6353	3030
2365	3031
4501	3032
5642	3033
4011	3034
4862	3035
1608	3036
836	3037
4437	3038
2022	3039
1075	3040
1951	3041
3609	3042
1127	3043
404	3044
40	3045
980	3046
6915	3047
2568	3048
44	3049
852	3050
323	3051
1080	3052
3487	3053
1823	3054
6859	3055
1100	3056
68	3057
2632	3058
1150	3059
423	3060
1119	3061
4341	3062
2998	3063
15	3064
1395	3065
839	3066
6336	3067
4563	3068
1356	3069
1817	3070
3322	3071
5941	3072
601	3073
1450	3074
270	3075
2508	3076
6742	3077
499	3078
5247	3079
3476	3080
4629	3081
210	3082
328	3083
1157	3084
1552	3085
2619	3086
1381	3087
1342	3088
1874	3089
1705	3090
1280	3091
4033	3092
5144	3093
693	3094
7041	3095
1344	3096
6656	3097
1569	3098
303	3099
189	3100
1404	3101
116	3102
1483	3103
1833	3104
4370	3105
2279	3106
6577	3107
4999	3108
5583	3109
4	3110
1656	3111
67	3112
67	3113
90	3114
5519	3115
1190	3116
4159	3117
133	3118
3341	3119
692	3120
4424	3121
454	3122
453	3123
1677	3124
1075	3125
3792	3126
2205	3127
498	3128
4249	3129
3460	3130
4891	3131
2841	3132
3818	3133
1813	3134
1076	3135
1349	3136
1441	3137
5929	3138
4430	3139
1567	3140
3769	3141
136	3142
328	3143
2345	3144
365	3145
1044	3146
809	3147
4885	3148
2087	3149
1061	3150
1171	3151
6713	3152
530	3153
867	3154
916	3155
1912	3156
1153	3157
2518	3158
4073	3159
4712	3160
3604	3161
885	3162
807	3163
1463	3164
5119	3165
2018	3166
209	3167
328	3168
2366	3169
4633	3170
4883	3171
3464	3172
1251	3173
3988	3174
4886	3175
5324	3176
6199	3177
243	3178
4526	3179
1028	3180
114	3181
5696	3182
3734	3183
153	3184
4952	3185
60	3186
292	3187
2454	3188
1534	3189
1290	3190
2847	3191
5879	3192
4211	3193
506	3194
6960	3195
6082	3196
1222	3197
971	3198
396	3199
101	3200
4540	3201
3647	3202
1402	3203
366	3204
585	3205
3854	3206
911	3207
6822	3208
1121	3209
1973	3210
1672	3211
3732	3212
6080	3213
52	3214
246	3215
4740	3216
6468	3217
5962	3218
907	3219
3008	3220
1593	3221
1406	3222
5829	3223
409	3224
1119	3225
3420	3226
2919	3227
214	3228
921	3229
1137	3230
3910	3231
831	3232
239	3233
6276	3234
528	3235
669	3236
838	3237
2990	3238
6735	3239
5660	3240
5371	3241
193	3242
412	3243
6058	3244
3275	3245
50	3246
3684	3247
4221	3248
127	3249
2008	3250
2697	3251
1920	3252
1892	3253
376	3254
1431	3255
395	3256
3043	3257
2317	3258
6711	3259
2002	3260
6898	3261
5111	3262
797	3263
5178	3264
191	3265
5681	3266
6474	3267
225	3268
2923	3269
1753	3270
3352	3271
1309	3272
3242	3273
551	3274
1057	3275
262	3276
6149	3277
2212	3278
261	3279
821	3280
59	3281
1503	3282
626	3283
5764	3284
1014	3285
1363	3286
671	3287
2213	3288
6852	3289
1034	3290
3675	3291
485	3292
2865	3293
3589	3294
2895	3295
1562	3296
74	3297
1055	3298
6491	3299
4985	3300
5132	3301
1420	3302
624	3303
4386	3304
4172	3305
1227	3306
2315	3307
380	3308
433	3309
2674	3310
3183	3311
1814	3312
2480	3313
6266	3314
1631	3315
5245	3316
6002	3317
6795	3318
4523	3319
472	3320
5237	3321
39	3322
3332	3323
5089	3324
2544	3325
1414	3326
1673	3327
10	3328
4394	3329
983	3330
313	3331
2722	3332
2565	3333
618	3334
6399	3335
3667	3336
610	3337
294	3338
1762	3339
2146	3340
5582	3341
517	3342
4907	3343
4807	3344
1054	3345
18	3346
189	3347
406	3348
5159	3349
535	3350
3587	3351
578	3352
2318	3353
923	3354
3455	3355
6152	3356
1590	3357
3400	3358
6945	3359
5217	3360
994	3361
804	3362
971	3363
185	3364
3568	3365
3615	3366
970	3367
1	3368
1795	3369
3310	3370
5011	3371
180	3372
3075	3373
5486	3374
6790	3375
179	3376
923	3377
3789	3378
6116	3379
3458	3380
1872	3381
141	3382
1856	3383
6586	3384
591	3385
658	3386
4092	3387
614	3388
4419	3389
1327	3390
832	3391
536	3392
1258	3393
5317	3394
329	3395
6376	3396
6899	3397
455	3398
2503	3399
5930	3400
1146	3401
568	3402
2	3403
5499	3404
524	3405
5555	3406
605	3407
2868	3408
5296	3409
4514	3410
4878	3411
3807	3412
1926	3413
3512	3414
6288	3415
121	3416
2996	3417
211	3418
7024	3419
1187	3420
5187	3421
1767	3422
4485	3423
172	3424
6001	3425
4371	3426
42	3427
4836	3428
6212	3429
1411	3430
4746	3431
6107	3432
690	3433
523	3434
5575	3435
3164	3436
5164	3437
564	3438
986	3439
5855	3440
4841	3441
3532	3442
260	3443
6471	3444
781	3445
1164	3446
424	3447
4278	3448
384	3449
250	3450
1173	3451
5548	3452
822	3453
3331	3454
515	3455
6957	3456
357	3457
3091	3458
2767	3459
2563	3460
5841	3461
2414	3462
3061	3463
5342	3464
6242	3465
140	3466
3372	3467
6171	3468
494	3469
3691	3470
4289	3471
457	3472
78	3473
1375	3474
2320	3475
2085	3476
402	3477
5318	3478
5918	3479
2732	3480
2363	3481
85	3482
6969	3483
5059	3484
5849	3485
6547	3486
6999	3487
1530	3488
90	3489
5760	3490
4586	3491
5373	3492
316	3493
2623	3494
1074	3495
440	3496
5457	3497
17	3498
1850	3499
410	3500
5163	3501
78	3502
236	3503
1733	3504
176	3505
1382	3506
1794	3507
408	3508
5676	3509
6780	3510
1018	3511
181	3512
2511	3513
4528	3514
150	3515
1166	3516
1408	3517
434	3518
4483	3519
1937	3520
2082	3521
1699	3522
131	3523
5468	3524
1545	3525
2	3526
6504	3527
2870	3528
1993	3529
2698	3530
560	3531
1709	3532
1365	3533
627	3534
5779	3535
1038	3536
3658	3537
65	3538
5430	3539
1196	3540
3565	3541
1163	3542
3801	3543
307	3544
3453	3545
1220	3546
1546	3547
6179	3548
113	3549
107	3550
1669	3551
1779	3552
2925	3553
5129	3554
104	3555
4023	3556
31	3557
6918	3558
410	3559
530	3560
564	3561
5306	3562
4390	3563
1529	3564
5758	3565
2581	3566
46	3567
3293	3568
6961	3569
5901	3570
501	3571
3518	3572
4951	3573
6696	3574
2707	3575
1985	3576
6302	3577
117	3578
3258	3579
1941	3580
2113	3581
1206	3582
6561	3583
6476	3584
1326	3585
5595	3586
1677	3587
5831	3588
1681	3589
1527	3590
1818	3591
1452	3592
2278	3593
3053	3594
468	3595
6524	3596
4848	3597
6748	3598
1338	3599
2144	3600
4374	3601
337	3602
735	3603
1580	3604
31	3605
5619	3606
477	3607
1837	3608
6248	3609
12	3610
6394	3611
235	3612
5677	3613
4646	3614
1002	3615
3834	3616
1407	3617
399	3618
55	3619
4239	3620
267	3621
3894	3622
1123	3623
2578	3624
108	3625
1705	3626
4640	3627
418	3628
2095	3629
74	3630
5786	3631
167	3632
138	3633
851	3634
2869	3635
6671	3636
4680	3637
4595	3638
572	3639
6424	3640
2322	3641
1147	3642
319	3643
558	3644
6651	3645
1715	3646
6723	3647
3327	3648
19	3649
4984	3650
114	3651
1635	3652
4861	3653
131	3654
183	3655
6222	3656
913	3657
3477	3658
4269	3659
6432	3660
768	3661
4266	3662
681	3663
6453	3664
210	3665
985	3666
5291	3667
6509	3668
559	3669
5145	3670
3152	3671
5980	3672
1685	3673
6647	3674
989	3675
523	3676
2319	3677
6749	3678
1945	3679
912	3680
541	3681
6062	3682
927	3683
1048	3684
1560	3685
4447	3686
607	3687
1056	3688
2587	3689
4350	3690
5536	3691
2934	3692
2656	3693
3079	3694
609	3695
4194	3696
1874	3697
6257	3698
7019	3699
4667	3700
4414	3701
1961	3702
467	3703
582	3704
830	3705
4652	3706
18	3707
3749	3708
4120	3709
338	3710
5150	3711
705	3712
1149	3713
168	3714
4280	3715
5512	3716
1733	3717
4475	3718
641	3719
737	3720
181	3721
3523	3722
4077	3723
54	3724
502	3725
5168	3726
1672	3727
1	3728
4813	3729
5131	3730
3031	3731
623	3732
4726	3733
961	3734
1745	3735
924	3736
6650	3737
1262	3738
1805	3739
1703	3740
1214	3741
1739	3742
253	3743
1327	3744
3699	3745
83	3746
916	3747
592	3748
738	3749
359	3750
6292	3751
322	3752
1055	3753
1340	3754
1398	3755
13	3756
1572	3757
6654	3758
1662	3759
1321	3760
437	3761
1750	3762
397	3763
5644	3764
1684	3765
461	3766
438	3767
2570	3768
7003	3769
5216	3770
676	3771
1528	3772
1707	3773
1478	3774
3665	3775
4757	3776
3190	3777
6977	3778
1508	3779
5171	3780
1671	3781
2974	3782
4539	3783
5669	3784
3935	3785
1922	3786
4206	3787
4775	3788
3989	3789
5425	3790
5949	3791
1634	3792
4686	3793
5414	3794
2266	3795
1697	3796
1335	3797
5224	3798
284	3799
570	3800
746	3801
2826	3802
514	3803
2540	3804
1182	3805
575	3806
5818	3807
1486	3808
3110	3809
1701	3810
4411	3811
2002	3812
6010	3813
3078	3814
466	3815
1793	3816
228	3817
6658	3818
826	3819
127	3820
4072	3821
464	3822
6809	3823
211	3824
322	3825
3706	3826
1787	3827
1655	3828
3020	3829
5456	3830
2050	3831
6433	3832
556	3833
5661	3834
484	3835
392	3836
3459	3837
4160	3838
2955	3839
5265	3840
1029	3841
3072	3842
93	3843
1536	3844
3513	3845
4623	3846
3563	3847
37	3848
116	3849
2273	3850
549	3851
969	3852
1904	3853
3601	3854
1466	3855
2042	3856
3731	3857
506	3858
1354	3859
1451	3860
5173	3861
5688	3862
1967	3863
548	3864
4101	3865
5341	3866
4598	3867
2070	3868
1166	3869
2240	3870
3974	3871
570	3872
5185	3873
587	3874
5384	3875
1646	3876
1791	3877
343	3878
3436	3879
1250	3880
1171	3881
5337	3882
103	3883
103	3884
1639	3885
1696	3886
146	3887
3862	3888
1415	3889
738	3890
2694	3891
1378	3892
258	3893
5452	3894
3621	3895
1724	3896
4091	3897
914	3898
999	3899
2022	3900
1286	3901
2035	3902
6777	3903
4243	3904
1474	3905
340	3906
3047	3907
340	3908
2492	3909
6564	3910
25	3911
915	3912
6613	3913
4628	3914
2292	3915
2726	3916
3719	3917
3743	3918
14	3919
691	3920
985	3921
1661	3922
944	3923
675	3924
5003	3925
3886	3926
7028	3927
57	3928
709	3929
1000	3930
1825	3931
3546	3932
1795	3933
6448	3934
637	3935
791	3936
3844	3937
6210	3938
28	3939
327	3940
4443	3941
2470	3942
4273	3943
1066	3944
5725	3945
551	3946
645	3947
6100	3948
3019	3949
5903	3950
2927	3951
263	3952
2298	3953
4565	3954
543	3955
2123	3956
3266	3957
2058	3958
1949	3959
26	3960
4556	3961
1463	3962
164	3963
435	3964
6479	3965
1725	3966
1184	3967
98	3968
1928	3969
3504	3970
3101	3971
1124	3972
3822	3973
4716	3974
710	3975
4228	3976
4793	3977
914	3978
3052	3979
2610	3980
318	3981
1495	3982
4021	3983
153	3984
5788	3985
252	3986
5955	3987
71	3988
1989	3989
595	3990
847	3991
3430	3992
3733	3993
4144	3994
6186	3995
2506	3996
403	3997
5305	3998
984	3999
2467	4000
1374	4001
4373	4002
3611	4003
2966	4004
275	4005
6052	4006
5928	4007
1339	4008
3995	4009
1993	4010
162	4011
4098	4012
2316	4013
838	4014
91	4015
6709	4016
1401	4017
2675	4018
4428	4019
2571	4020
5294	4021
4723	4022
5825	4023
273	4024
4284	4025
1473	4026
987	4027
965	4028
2653	4029
6507	4030
231	4031
643	4032
4502	4033
2684	4034
447	4035
1946	4036
22	4037
3984	4038
1102	4039
3415	4040
69	4041
2370	4042
6545	4043
1592	4044
1070	4045
4498	4046
4507	4047
3953	4048
2558	4049
2700	4050
2584	4051
369	4052
752	4053
5871	4054
119	4055
2171	4056
717	4057
3280	4058
6572	4059
672	4060
3434	4061
2945	4062
1641	4063
642	4064
3414	4065
5971	4066
5747	4067
350	4068
1003	4069
456	4070
6622	4071
1969	4072
114	4073
5121	4074
1514	4075
1455	4076
344	4077
1972	4078
277	4079
1802	4080
454	4081
4203	4082
4994	4083
5085	4084
1800	4085
496	4086
1012	4087
1802	4088
2040	4089
4292	4090
2760	4091
3830	4092
4074	4093
5674	4094
2724	4095
5007	4096
2677	4097
618	4098
559	4099
177	4100
2215	4101
583	4102
1887	4103
5703	4104
1123	4105
970	4106
4616	4107
5992	4108
2485	4109
1417	4110
5205	4111
1413	4112
3251	4113
4687	4114
4923	4115
5170	4116
4251	4117
826	4118
193	4119
5634	4120
851	4121
1197	4122
1083	4123
747	4124
305	4125
5207	4126
2536	4127
6464	4128
302	4129
840	4130
4231	4131
6048	4132
1831	4133
4622	4134
2061	4135
1769	4136
3447	4137
3214	4138
6643	4139
5826	4140
6765	4141
4934	4142
390	4143
6710	4144
3817	4145
5347	4146
578	4147
6418	4148
2891	4149
3015	4150
1755	4151
1195	4152
6493	4153
1878	4154
345	4155
569	4156
1786	4157
4398	4158
6584	4159
2364	4160
1019	4161
5372	4162
6341	4163
162	4164
595	4165
2721	4166
2038	4167
367	4168
5695	4169
1751	4170
5805	4171
1881	4172
6566	4173
667	4174
15	4175
4189	4176
1473	4177
5934	4178
2473	4179
1460	4180
861	4181
5484	4182
204	4183
1814	4184
4624	4185
6954	4186
1462	4187
174	4188
2547	4189
1023	4190
1666	4191
1784	4192
5843	4193
1654	4194
1283	4195
3367	4196
3517	4197
5161	4198
949	4199
1082	4200
204	4201
552	4202
2249	4203
2863	4204
1886	4205
1323	4206
4819	4207
2252	4208
2039	4209
1717	4210
1175	4211
426	4212
1620	4213
1853	4214
1297	4215
6088	4216
4302	4217
4071	4218
1535	4219
6600	4220
6938	4221
1606	4222
563	4223
1090	4224
1791	4225
469	4226
5562	4227
1447	4228
4235	4229
3992	4230
5762	4231
4575	4232
2341	4233
473	4234
6060	4235
1615	4236
1578	4237
187	4238
5469	4239
1390	4240
377	4241
3095	4242
1303	4243
1918	4244
6901	4245
345	4246
2690	4247
339	4248
376	4249
37	4250
3645	4251
3303	4252
828	4253
6309	4254
1040	4255
1901	4256
4136	4257
6778	4258
3524	4259
1155	4260
1589	4261
4864	4262
1489	4263
6226	4264
1728	4265
3842	4266
6587	4267
2475	4268
208	4269
1616	4270
4082	4271
2486	4272
1301	4273
3651	4274
3827	4275
2422	4276
5051	4277
2071	4278
1915	4279
1248	4280
6933	4281
345	4282
900	4283
3869	4284
821	4285
3918	4286
5968	4287
6528	4288
4479	4289
4729	4290
2355	4291
1888	4292
958	4293
2513	4294
3439	4295
3945	4296
1975	4297
883	4298
789	4299
3722	4300
6244	4301
5231	4302
1574	4303
6282	4304
3317	4305
163	4306
4582	4307
1927	4308
4069	4309
5029	4310
126	4311
2953	4312
2729	4313
5408	4314
111	4315
2402	4316
5024	4317
1035	4318
199	4319
349	4320
5189	4321
5565	4322
5116	4323
203	4324
1638	4325
5195	4326
2795	4327
937	4328
400	4329
1947	4330
4859	4331
6757	4332
5724	4333
1660	4334
2948	4335
1027	4336
904	4337
5506	4338
4799	4339
355	4340
4031	4341
117	4342
3203	4343
1922	4344
294	4345
132	4346
6054	4347
3718	4348
2848	4349
5859	4350
868	4351
4303	4352
5815	4353
1568	4354
1142	4355
4463	4356
220	4357
1412	4358
386	4359
5673	4360
218	4361
6737	4362
5056	4363
2459	4364
4592	4365
1550	4366
1766	4367
1976	4368
6469	4369
6411	4370
1676	4371
519	4372
6864	4373
3457	4374
3193	4375
4014	4376
1498	4377
723	4378
1065	4379
2046	4380
4696	4381
5218	4382
4002	4383
766	4384
6489	4385
1101	4386
63	4387
743	4388
5916	4389
5194	4390
1867	4391
1587	4392
6539	4393
5663	4394
5730	4395
3374	4396
3765	4397
5328	4398
856	4399
1799	4400
279	4401
1371	4402
4426	4403
2750	4404
6119	4405
4328	4406
5184	4407
1737	4408
4960	4409
1328	4410
4233	4411
446	4412
6189	4413
2921	4414
703	4415
740	4416
5581	4417
1771	4418
426	4419
294	4420
2516	4421
4626	4422
1493	4423
4028	4424
4137	4425
4995	4426
1897	4427
5072	4428
1118	4429
5208	4430
233	4431
5520	4432
3479	4433
1896	4434
161	4435
1432	4436
5045	4437
3149	4438
159	4439
6974	4440
6598	4441
5915	4442
226	4443
5753	4444
6707	4445
6959	4446
3887	4447
6764	4448
131	4449
128	4450
6888	4451
6263	4452
2835	4453
3907	4454
5466	4455
2794	4456
3325	4457
5361	4458
606	4459
1916	4460
2987	4461
3545	4462
5423	4463
490	4464
1664	4465
2391	4466
400	4467
1789	4468
5990	4469
1527	4470
537	4471
2028	4472
1801	4473
1764	4474
544	4475
4538	4476
1811	4477
2207	4478
1986	4479
492	4480
1350	4481
905	4482
5571	4483
1487	4484
1610	4485
4319	4486
6801	4487
405	4488
1296	4489
6113	4490
7009	4491
39	4492
1072	4493
1248	4494
3839	4495
135	4496
116	4497
22	4498
1486	4499
6286	4500
5086	4501
182	4502
4466	4503
6318	4504
271	4505
3914	4506
1507	4507
866	4508
5967	4509
1692	4510
638	4511
6301	4512
4608	4513
1307	4514
566	4515
978	4516
5946	4517
1916	4518
1562	4519
27	4520
6773	4521
3673	4522
4449	4523
1296	4524
169	4525
106	4526
186	4527
89	4528
5156	4529
1037	4530
1349	4531
3661	4532
5418	4533
1942	4534
1261	4535
1261	4536
1783	4537
6847	4538
5109	4539
574	4540
5623	4541
241	4542
640	4543
488	4544
2733	4545
1469	4546
1177	4547
2463	4548
2028	4549
175	4550
5551	4551
5222	4552
1281	4553
657	4554
4275	4555
29	4556
5613	4557
285	4558
6851	4559
630	4560
883	4561
5560	4562
1268	4563
855	4564
1822	4565
4491	4566
4256	4567
1311	4568
6830	4569
196	4570
1782	4571
2343	4572
1936	4573
3016	4574
117	4575
95	4576
4736	4577
5657	4578
6739	4579
429	4580
1385	4581
5590	4582
1917	4583
3760	4584
12	4585
5108	4586
1208	4587
1720	4588
3754	4589
1678	4590
719	4591
4739	4592
1194	4593
1125	4594
526	4595
2419	4596
99	4597
1718	4598
2509	4599
177	4600
21	4601
6359	4602
474	4603
2163	4604
3297	4605
4760	4606
1348	4607
5835	4608
3454	4609
1752	4610
6362	4611
511	4612
3063	4613
338	4614
4837	4615
1046	4616
3186	4617
4643	4618
1243	4619
6368	4620
1815	4621
286	4622
2064	4623
276	4624
1788	4625
5073	4626
4759	4627
4873	4628
245	4629
5568	4630
1539	4631
1570	4632
6230	4633
6983	4634
2206	4635
3537	4636
704	4637
1196	4638
3028	4639
139	4640
7001	4641
2478	4642
309	4643
73	4644
1595	4645
1526	4646
2749	4647
794	4648
2451	4649
1331	4650
89	4651
599	4652
5652	4653
4286	4654
833	4655
1978	4656
217	4657
2324	4658
211	4659
4207	4660
5517	4661
3592	4662
161	4663
3786	4664
731	4665
1847	4666
491	4667
6146	4668
6816	4669
6316	4670
51	4671
1550	4672
1687	4673
539	4674
4287	4675
4024	4676
123	4677
4634	4678
4216	4679
5754	4680
4427	4681
367	4682
668	4683
1329	4684
55	4685
1031	4686
1682	4687
85	4688
6221	4689
4529	4690
972	4691
1467	4692
256	4693
1490	4694
1113	4695
6914	4696
5714	4697
2237	4698
1760	4699
3383	4700
1719	4701
3681	4702
1778	4703
38	4704
32	4705
32	4706
729	4707
1380	4708
3271	4709
2712	4710
3500	4711
3740	4712
174	4713
436	4714
2952	4715
754	4716
4719	4717
2557	4718
6398	4719
1456	4720
2559	4721
237	4722
2051	4723
6109	4724
3915	4725
4756	4726
1776	4727
3350	4728
5	4729
606	4730
5766	4731
2021	4732
6741	4733
2762	4734
411	4735
306	4736
89	4737
1748	4738
179	4739
149	4740
932	4741
4738	4742
4393	4743
4175	4744
6400	4745
2737	4746
1776	4747
1194	4748
6	4749
111	4750
2377	4751
4075	4752
627	4753
5940	4754
280	4755
1965	4756
2718	4757
1006	4758
1615	4759
277	4760
5232	4761
146	4762
1071	4763
3390	4764
931	4765
673	4766
6988	4767
865	4768
3256	4769
367	4770
1984	4771
6371	4772
3579	4773
794	4774
1032	4775
1410	4776
721	4777
2680	4778
419	4779
5077	4780
2786	4781
870	4782
537	4783
450	4784
3701	4785
4591	4786
1318	4787
5693	4788
480	4789
4765	4790
173	4791
2472	4792
291	4793
943	4794
5087	4795
3966	4796
2638	4797
423	4798
5378	4799
3689	4800
6314	4801
3685	4802
977	4803
389	4804
6423	4805
1152	4806
370	4807
1882	4808
4914	4809
3099	4810
2961	4811
1047	4812
736	4813
4997	4814
3595	4815
758	4816
4660	4817
6032	4818
1270	4819
903	4820
351	4821
32	4822
3599	4823
5308	4824
3433	4825
944	4826
4679	4827
1726	4828
2360	4829
2825	4830
1738	4831
4804	4832
1259	4833
11	4834
1792	4835
6233	4836
165	4837
6061	4838
689	4839
3714	4840
3932	4841
5726	4842
5643	4843
205	4844
1757	4845
6872	4846
2768	4847
69	4848
1004	4849
4486	4850
432	4851
3241	4852
6050	4853
4185	4854
4191	4855
1759	4856
5712	4857
101	4858
3133	4859
1626	4860
3741	4861
19	4862
993	4863
967	4864
5251	4865
5015	4866
413	4867
389	4868
120	4869
3866	4870
2681	4871
2076	4872
2844	4873
1438	4874
436	4875
548	4876
898	4877
3171	4878
1239	4879
837	4880
585	4881
1001	4882
5889	4883
636	4884
3067	4885
2954	4886
1368	4887
1992	4888
5830	4889
1233	4890
3085	4891
2131	4892
5433	4893
1136	4894
150	4895
5981	4896
610	4897
160	4898
2644	4899
231	4900
1431	4901
774	4902
638	4903
337	4904
3528	4905
339	4906
4910	4907
4405	4908
1393	4909
2552	4910
2006	4911
84	4912
6955	4913
5151	4914
510	4915
504	4916
473	4917
954	4918
3037	4919
547	4920
3530	4921
716	4922
706	4923
570	4924
2804	4925
3515	4926
470	4927
1960	4928
858	4929
588	4930
4416	4931
1513	4932
1819	4933
351	4934
150	4935
4607	4936
2510	4937
1541	4938
19	4939
4597	4940
7040	4941
646	4942
1109	4943
292	4944
332	4945
6770	4946
18	4947
5975	4948
6829	4949
304	4950
704	4951
62	4952
632	4953
5459	4954
1043	4955
1754	4956
452	4957
6922	4958
1162	4959
4342	4960
5311	4961
6287	4962
289	4963
5716	4964
4135	4965
3576	4966
676	4967
650	4968
4163	4969
1305	4970
201	4971
2758	4972
6	4973
5004	4974
1429	4975
5285	4976
47	4977
1723	4978
6946	4979
1862	4980
5658	4981
414	4982
269	4983
3467	4984
1312	4985
118	4986
118	4987
118	4988
1519	4989
3702	4990
6325	4991
4460	4992
2979	4993
4174	4994
1494	4995
4493	4996
5481	4997
5287	4998
2890	4999
6452	5000
64	5001
91	5002
91	5003
2442	5004
1233	5005
58	5006
1060	5007
3657	5008
1655	5009
5081	5010
3027	5011
4208	5012
243	5013
802	5014
803	5015
7008	5016
3281	5017
3690	5018
182	5019
567	5020
5978	5021
2225	5022
1840	5023
6462	5024
2284	5025
362	5026
1663	5027
43	5028
311	5029
5463	5030
212	5031
2601	5032
1320	5033
6661	5034
76	5035
729	5036
352	5037
476	5038
6637	5039
243	5040
221	5041
1825	5042
6375	5043
888	5044
4186	5045
4184	5046
4850	5047
5041	5048
39	5049
21	5050
1376	5051
1998	5052
3021	5053
312	5054
5875	5055
4421	5056
4548	5057
5346	5058
5811	5059
1537	5060
1176	5061
626	5062
1336	5063
524	5064
5141	5065
569	5066
3023	5067
1010	5068
5653	5069
2963	5070
4654	5071
1079	5072
786	5073
1242	5074
4402	5075
6472	5076
5441	5077
997	5078
2969	5079
984	5080
139	5081
4542	5082
3843	5083
4153	5084
1575	5085
1243	5086
1414	5087
3138	5088
2456	5089
2854	5090
223	5091
314	5092
5671	5093
4401	5094
6935	5095
2658	5096
179	5097
1032	5098
1150	5099
364	5100
1452	5101
470	5102
76	5103
4357	5104
1288	5105
516	5106
4272	5107
1364	5108
1636	5109
1597	5110
2250	5111
3191	5112
4832	5113
2444	5114
1294	5115
3135	5116
3090	5117
1952	5118
1542	5119
2791	5120
5604	5121
2736	5122
522	5123
1613	5124
6860	5125
3401	5126
5439	5127
3473	5128
3882	5129
6690	5130
934	5131
1201	5132
3340	5133
966	5134
4525	5135
2888	5136
26	5137
3	5138
5594	5139
841	5140
1332	5141
4083	5142
5249	5143
1577	5144
104	5145
3472	5146
458	5147
1723	5148
6869	5149
3238	5150
3040	5151
1689	5152
767	5153
5964	5154
6973	5155
229	5156
2845	5157
1476	5158
6674	5159
532	5160
1927	5161
1458	5162
23	5163
1193	5164
6849	5165
2216	5166
1739	5167
5419	5168
6912	5169
1538	5170
5509	5171
5893	5172
577	5173
2796	5174
1007	5175
442	5176
1546	5177
5999	5178
354	5179
6	5180
85	5181
1388	5182
1997	5183
1281	5184
344	5185
6746	5186
2150	5187
333	5188
767	5189
271	5190
6477	5191
7029	5192
4226	5193
4201	5194
183	5195
3848	5196
427	5197
4180	5198
2806	5199
1564	5200
5701	5201
70	5202
2409	5203
490	5204
1256	5205
6950	5206
6751	5207
229	5208
1010	5209
1849	5210
1695	5211
1134	5212
3375	5213
4658	5214
3921	5215
4237	5216
575	5217
7045	5218
5723	5219
278	5220
1832	5221
3250	5222
1667	5223
6947	5224
6512	5225
2689	5226
4918	5227
4495	5228
5038	5229
2008	5230
2	5231
4084	5232
4990	5233
968	5234
2106	5235
1774	5236
6361	5237
1966	5238
2	5239
1981	5240
3216	5241
1492	5242
659	5243
2054	5244
1843	5245
3874	5246
2970	5247
2024	5248
1357	5249
6845	5250
6130	5251
2000	5252
5750	5253
4200	5254
4512	5255
5740	5256
4734	5257
1846	5258
1706	5259
4356	5260
218	5261
331	5262
1540	5263
747	5264
2293	5265
3941	5266
4647	5267
3958	5268
2236	5269
3891	5270
230	5271
215	5272
4764	5273
447	5274
1096	5275
2017	5276
4655	5277
1972	5278
6627	5279
1188	5280
2	5281
3770	5282
656	5283
6273	5284
6754	5285
5102	5286
3835	5287
355	5288
3429	5289
2971	5290
1652	5291
1796	5292
1591	5293
2922	5294
603	5295
1848	5296
603	5297
5729	5298
4533	5299
6503	5300
4705	5301
1850	5302
5099	5303
5028	5304
6685	5305
2664	5306
3321	5307
6926	5308
4260	5309
593	5310
5070	5311
6134	5312
2477	5313
2092	5314
5080	5315
1873	5316
5130	5317
1994	5318
1881	5319
1062	5320
28	5321
1576	5322
4121	5323
1599	5324
5672	5325
5381	5326
4833	5327
4000	5328
4379	5329
2520	5330
1908	5331
6017	5332
518	5333
580	5334
2188	5335
6508	5336
1674	5337
78	5338
617	5339
529	5340
3122	5341
5098	5342
6198	5343
3698	5344
6581	5345
239	5346
3257	5347
6410	5348
3001	5349
427	5350
5957	5351
71	5352
1181	5353
5773	5354
1189	5355
1482	5356
229	5357
1818	5358
6317	5359
4612	5360
5516	5361
4829	5362
135	5363
1845	5364
302	5365
850	5366
3946	5367
4217	5368
3533	5369
531	5370
1361	5371
890	5372
2336	5373
3290	5374
945	5375
4332	5376
1179	5377
42	5378
2445	5379
2782	5380
930	5381
2905	5382
1694	5383
1457	5384
2408	5385
320	5386
360	5387
4860	5388
429	5389
2491	5390
4499	5391
98	5392
666	5393
1142	5394
1448	5395
6396	5396
115	5397
2793	5398
6694	5399
2582	5400
329	5401
715	5402
318	5403
1370	5404
1950	5405
1948	5406
2312	5407
5917	5408
119	5409
92	5410
1155	5411
2356	5412
27	5413
6155	5414
6014	5415
1853	5416
765	5417
714	5418
324	5419
504	5420
5169	5421
855	5422
1219	5423
2553	5424
945	5425
6218	5426
253	5427
4445	5428
6635	5429
2523	5430
1649	5431
4849	5432
796	5433
6229	5434
3997	5435
38	5436
1570	5437
1490	5438
374	5439
440	5440
2210	5441
424	5442
2752	5443
1158	5444
2753	5445
6138	5446
398	5447
1081	5448
233	5449
3819	5450
82	5451
3245	5452
6320	5453
2800	5454
4326	5455
419	5456
10	5457
4996	5458
3087	5459
3680	5460
549	5461
6628	5462
626	5463
1278	5464
364	5465
684	5466
6237	5467
451	5468
169	5469
3672	5470
522	5471
154	5472
1381	5473
1798	5474
1225	5475
5682	5476
1781	5477
3790	5478
1444	5479
3898	5480
443	5481
1290	5482
5857	5483
4381	5484
37	5485
434	5486
4413	5487
3329	5488
5616	5489
14	5490
4399	5491
850	5492
105	5493
6392	5494
6620	5495
841	5496
408	5497
6175	5498
1175	5499
4299	5500
3549	5501
5742	5502
83	5503
2224	5504
596	5505
4223	5506
3163	5507
4938	5508
336	5509
2713	5510
462	5511
6121	5512
27	5513
6653	5514
2413	5515
2056	5516
183	5517
1370	5518
2751	5519
3056	5520
973	5521
543	5522
3013	5523
4805	5524
1761	5525
6596	5526
5494	5527
2009	5528
695	5529
2889	5530
632	5531
1792	5532
755	5533
2247	5534
4335	5535
1505	5536
740	5537
462	5538
2810	5539
503	5540
1534	5541
4274	5542
5891	5543
6415	5544
174	5545
1315	5546
5838	5547
3387	5548
379	5549
194	5550
3132	5551
5095	5552
1326	5553
143	5554
1863	5555
1602	5556
746	5557
698	5558
6123	5559
557	5560
1131	5561
5697	5562
255	5563
3720	5564
406	5565
142	5566
3065	5567
4127	5568
683	5569
1107	5570
3284	5571
4947	5572
701	5573
6763	5574
1659	5575
6667	5576
2116	5577
1279	5578
5547	5579
1856	5580
4663	5581
1274	5582
1553	5583
1306	5584
4942	5585
937	5586
5	5587
3584	5588
1017	5589
6159	5590
3936	5591
4407	5592
3605	5593
3236	5594
6633	5595
643	5596
6408	5597
6540	5598
1026	5599
3570	5600
5313	5601
3484	5602
6591	5603
534	5604
5155	5605
6093	5606
4783	5607
1860	5608
815	5609
97	5610
1594	5611
6350	5612
277	5613
236	5614
589	5615
1765	5616
417	5617
542	5618
468	5619
75	5620
543	5621
3007	5622
1092	5623
1554	5624
4134	5625
1630	5626
3693	5627
1120	5628
1336	5629
126	5630
6562	5631
1999	5632
4090	5633
753	5634
1889	5635
3756	5636
5572	5637
5412	5638
1049	5639
530	5640
1138	5641
1558	5642
6497	5643
6140	5644
620	5645
3086	5646
1537	5647
1700	5648
4046	5649
200	5650
839	5651
3808	5652
4925	5653
1211	5654
5246	5655
61	5656
583	5657
896	5658
1161	5659
362	5660
5147	5661
7017	5662
1313	5663
6612	5664
4079	5665
1319	5666
1690	5667
2783	5668
3687	5669
1092	5670
4333	5671
5239	5672
4820	5673
12	5674
2687	5675
3399	5676
1247	5677
545	5678
5775	5679
2820	5680
451	5681
6542	5682
5554	5683
2277	5684
4648	5685
6417	5686
1160	5687
1291	5688
1138	5689
6986	5690
1654	5691
2773	5692
6678	5693
1211	5694
82	5695
1984	5696
1433	5697
4352	5698
1209	5699
934	5700
594	5701
6102	5702
77	5703
2704	5704
9	5705
9	5706
9	5707
6871	5708
2452	5709
3955	5710
2241	5711
6459	5712
2488	5713
4037	5714
462	5715
1454	5716
2526	5717
4972	5718
6304	5719
6206	5720
287	5721
3632	5722
3488	5723
957	5724
287	5725
5042	5726
2515	5727
20	5728
1675	5729
6558	5730
1573	5731
333	5732
5851	5733
1564	5734
1780	5735
1021	5736
2308	5737
2348	5738
6197	5739
4068	5740
5902	5741
3046	5742
5201	5743
1165	5744
125	5745
3614	5746
3582	5747
584	5748
3237	5749
390	5750
1100	5751
884	5752
2075	5753
5233	5754
4771	5755
848	5756
5435	5757
845	5758
713	5759
5215	5760
50	5761
265	5762
307	5763
207	5764
4224	5765
4748	5766
301	5767
1986	5768
1151	5769
3845	5770
2988	5771
5817	5772
2995	5773
207	5774
207	5775
5531	5776
591	5777
3088	5778
2407	5779
4222	5780
4689	5781
5737	5782
4142	5783
522	5784
5502	5785
2198	5786
431	5787
34	5788
245	5789
1321	5790
3129	5791
4133	5792
5118	5793
164	5794
6941	5795
4602	5796
4052	5797
2045	5798
175	5799
5945	5800
92	5801
3783	5802
4875	5803
5365	5804
4742	5805
3044	5806
5686	5807
1512	5808
1958	5809
509	5810
496	5811
6086	5812
1590	5813
5368	5814
2740	5815
354	5816
1627	5817
3716	5818
1957	5819
990	5820
3161	5821
284	5822
6806	5823
2287	5824
827	5825
481	5826
1188	5827
37	5828
3922	5829
1033	5830
6644	5831
218	5832
558	5833
1830	5834
2124	5835
2179	5836
656	5837
1089	5838
124	5839
6787	5840
124	5841
936	5842
7044	5843
560	5844
751	5845
1722	5846
4684	5847
1353	5848
512	5849
2441	5850
1384	5851
402	5852
3806	5853
588	5854
3709	5855
5797	5856
1007	5857
145	5858
5836	5859
4015	5860
335	5861
5026	5862
1964	5863
1216	5864
554	5865
630	5866
1471	5867
1914	5868
385	5869
1316	5870
2352	5871
1779	5872
498	5873
1465	5874
2840	5875
2655	5876
21	5877
1167	5878
3461	5879
5375	5880
744	5881
3890	5882
109	5883
563	5884
1640	5885
5925	5886
1520	5887
63	5888
1	5889
1479	5890
5177	5891
5523	5892
2453	5893
6523	5894
1526	5895
655	5896
586	5897
3972	5898
145	5899
55	5900
1966	5901
3671	5902
4325	5903
976	5904
400	5905
6188	5906
3176	5907
266	5908
1063	5909
3987	5910
3965	5911
3474	5912
3980	5913
5404	5914
5641	5915
6067	5916
122	5917
4752	5918
1613	5919
1862	5920
6027	5921
6367	5922
1099	5923
3771	5924
1709	5925
5290	5926
6944	5927
1683	5928
1025	5929
21	5930
6	5931
4572	5932
342	5933
1436	5934
5804	5935
956	5936
1595	5937
1468	5938
5840	5939
6057	5940
4369	5941
13	5942
6733	5943
1559	5944
230	5945
155	5946
550	5947
1875	5948
4666	5949
1077	5950
303	5951
1884	5952
1886	5953
5690	5954
3696	5955
1295	5956
865	5957
3446	5958
266	5959
266	5960
4958	5961
6784	5962
5120	5963
235	5964
4922	5965
3782	5966
931	5967
4320	5968
932	5969
16	5970
476	5971
2094	5972
227	5973
1045	5974
2535	5975
6913	5976
2930	5977
3968	5978
1173	5979
1437	5980
6183	5981
401	5982
1204	5983
3757	5984
4815	5985
7043	5986
582	5987
4348	5988
3179	5989
6606	5990
1344	5991
1789	5992
2383	5993
519	5994
806	5995
2625	5996
748	5997
112	5998
6527	5999
6952	6000
872	6001
5039	6002
602	6003
950	6004
5485	6005
5167	6006
4707	6007
327	6008
36	6009
36	6010
3489	6011
2997	6012
6397	6013
2079	6014
188	6015
4001	6016
2662	6017
6079	6018
566	6019
1342	6020
527	6021
6466	6022
45	6023
1620	6024
1446	6025
1753	6026
2622	6027
1314	6028
4975	6029
2021	6030
3466	6031
6173	6032
568	6033
3925	6034
6699	6035
6247	6036
3558	6037
2048	6038
3277	6039
2607	6040
2014	6041
1947	6042
878	6043
6794	6044
92	6045
4509	6046
6203	6047
2550	6048
804	6049
216	6050
6307	6051
3973	6052
5000	6053
4564	6054
3235	6055
2371	6056
6297	6057
163	6058
28	6059
6663	6060
1596	6061
1903	6062
1145	6063
824	6064
517	6065
1637	6066
3751	6067
13	6068
51	6069
1933	6070
824	6071
6546	6072
1507	6073
465	6074
2335	6075
1879	6076
137	6077
3217	6078
906	6079
673	6080
3045	6081
414	6082
230	6083
6369	6084
1915	6085
1623	6086
3527	6087
2901	6088
1444	6089
1865	6090
36	6091
1948	6092
369	6093
6211	6094
1989	6095
321	6096
4391	6097
1758	6098
5137	6099
6616	6100
3804	6101
5	6102
4138	6103
2148	6104
1054	6105
6500	6106
5806	6107
4747	6108
1333	6109
6560	6110
2846	6111
1681	6112
1520	6113
2818	6114
2291	6115
77	6116
333	6117
3794	6118
1944	6119
589	6120
3847	6121
68	6122
5951	6123
3424	6124
6332	6125
4254	6126
1231	6127
315	6128
184	6129
1205	6130
5304	6131
139	6132
5192	6133
1510	6134
2	6135
597	6136
5329	6137
6964	6138
1195	6139
1221	6140
633	6141
749	6142
6290	6143
1405	6144
96	6145
5460	6146
5768	6147
2877	6148
1067	6149
1895	6150
467	6151
224	6152
174	6153
4732	6154
2368	6155
3493	6156
437	6157
6016	6158
2986	6159
4198	6160
5790	6161
4271	6162
5234	6163
1890	6164
416	6165
1224	6166
542	6167
3069	6168
6569	6169
65	6170
812	6171
343	6172
4953	6173
395	6174
4843	6175
257	6176
1458	6177
1272	6178
4671	6179
3871	6180
1730	6181
3575	6182
3970	6183
4334	6184
4315	6185
445	6186
3536	6187
894	6188
405	6189
2699	6190
5625	6191
4789	6192
3471	6193
4690	6194
1009	6195
5540	6196
2221	6197
6470	6198
1325	6199
6269	6200
2231	6201
4169	6202
5757	6203
4155	6204
1134	6205
57	6206
2533	6207
1937	6208
103	6209
499	6210
5982	6211
521	6212
886	6213
6214	6214
1623	6215
380	6216
4614	6217
180	6218
6630	6219
4714	6220
1208	6221
4983	6222
1036	6223
5453	6224
4555	6225
6295	6226
1499	6227
1939	6228
1282	6229
6712	6230
1492	6231
999	6232
6892	6233
6792	6234
2270	6235
3108	6236
6025	6237
2972	6238
379	6239
935	6240
818	6241
785	6242
185	6243
4044	6244
1785	6245
2862	6246
474	6247
1605	6248
94	6249
4324	6250
644	6251
1946	6252
1621	6253
1710	6254
3404	6255
1403	6256
885	6257
1104	6258
6930	6259
1461	6260
1461	6261
638	6262
650	6263
3588	6264
1809	6265
2091	6266
38	6267
82	6268
540	6269
82	6270
3470	6271
1354	6272
2136	6273
541	6274
6929	6275
414	6276
190	6277
104	6278
7039	6279
360	6280
2551	6281
350	6282
6089	6283
3913	6284
3011	6285
295	6286
373	6287
2631	6288
1310	6289
4831	6290
1622	6291
831	6292
6885	6293
177	6294
5424	6295
6328	6296
2943	6297
73	6298
6323	6299
5399	6300
1393	6301
15	6302
533	6303
629	6304
5364	6305
235	6306
4234	6307
1068	6308
190	6309
540	6310
2353	6311
6322	6312
3192	6313
172	6314
73	6315
6916	6316
6461	6317
1172	6318
3881	6319
3140	6320
4190	6321
1437	6322
142	6323
2223	6324
6551	6325
191	6326
58	6327
22	6328
843	6329
2574	6330
121	6331
2577	6332
569	6333
2244	6334
3906	6335
1849	6336
6380	6337
19	6338
1335	6339
5576	6340
113	6341
3437	6342
4105	6343
2819	6344
5887	6345
5477	6346
790	6347
1835	6348
1374	6349
6604	6350
6099	6351
3	6352
2276	6353
165	6354
6621	6355
515	6356
3468	6357
3511	6358
307	6359
1465	6360
3897	6361
4926	6362
278	6363
5997	6364
2180	6365
199	6366
3253	6367
485	6368
6075	6369
7031	6370
3883	6371
1604	6372
1544	6373
1177	6374
105	6375
2174	6376
2036	6377
2462	6378
6649	6379
1237	6380
591	6381
354	6382
254	6383
561	6384
6164	6385
6900	6386
2326	6387
1783	6388
4637	6389
5437	6390
5106	6391
1768	6392
6802	6393
2494	6394
168	6395
2575	6396
4417	6397
2527	6398
2735	6399
3766	6400
1745	6401
3904	6402
4675	6403
812	6404
4730	6405
3125	6406
4766	6407
4329	6408
601	6409
2828	6410
911	6411
651	6412
2957	6413
4115	6414
800	6415
6559	6416
1603	6417
1375	6418
713	6419
16	6420
1136	6421
1506	6422
66	6423
4957	6424
57	6425
1870	6426
686	6427
1617	6428
544	6429
1266	6430
4887	6431
3382	6432
5273	6433
2011	6434
6366	6435
6605	6436
1977	6437
3	6438
2275	6439
6788	6440
1013	6441
283	6442
715	6443
30	6444
3423	6445
1885	6446
1125	6447
1133	6448
6019	6449
372	6450
6956	6451
2157	6452
143	6453
4214	6454
5166	6455
1679	6456
1091	6457
3930	6458
1688	6459
6511	6460
450	6461
5353	6462
1708	6463
3649	6464
107	6465
5380	6466
2603	6467
6022	6468
1361	6469
2627	6470
2081	6471
1756	6472
363	6473
4568	6474
2670	6475
3642	6476
2872	6477
1923	6478
396	6479
6036	6480
6789	6481
2774	6482
2731	6483
1979	6484
3413	6485
4025	6486
4262	6487
1218	6488
4989	6489
112	6490
2386	6491
4788	6492
6262	6493
1257	6494
6526	6495
156	6496
848	6497
6821	6498
6761	6499
425	6500
1185	6501
45	6502
6614	6503
4009	6504
4550	6505
5853	6506
4264	6507
2218	6508
4202	6509
2947	6510
940	6511
490	6512
3486	6513
6716	6514
1757	6515
5193	6516
2875	6517
3114	6518
3644	6519
6834	6520
259	6521
1805	6522
578	6523
2596	6524
843	6525
6	6526
637	6527
4924	6528
4102	6529
1456	6530
5268	6531
5262	6532
5685	6533
2009	6534
181	6535
2339	6536
2267	6537
493	6538
3005	6539
525	6540
6501	6541
297	6542
1111	6543
3717	6544
2196	6545
1501	6546
1728	6547
267	6548
1584	6549
3903	6550
2014	6551
835	6552
13	6553
998	6554
1080	6555
1555	6556
2431	6557
3123	6558
6902	6559
101	6560
1307	6561
2010	6562
965	6563
195	6564
5627	6565
4210	6566
4881	6567
1826	6568
6045	6569
2358	6570
5014	6571
1115	6572
6013	6573
2297	6574
464	6575
1635	6576
102	6577
4588	6578
973	6579
3134	6580
890	6581
194	6582
5921	6583
1300	6584
3218	6585
483	6586
2217	6587
637	6588
264	6589
882	6590
3831	6591
2904	6592
678	6593
1439	6594
2976	6595
3435	6596
2067	6597
4601	6598
2005	6599
880	6600
24	6601
254	6602
792	6603
5541	6604
409	6605
26	6606
3130	6607
1555	6608
403	6609
866	6610
4681	6611
862	6612
89	6613
4510	6614
3221	6615
3427	6616
444	6617
6920	6618
789	6619
4157	6620
370	6621
2181	6622
3243	6623
4954	6624
5470	6625
2003	6626
4219	6627
440	6628
487	6629
1014	6630
4063	6631
576	6632
1005	6633
5307	6634
3648	6635
4446	6636
640	6637
2679	6638
635	6639
708	6640
98	6641
617	6642
624	6643
2787	6644
422	6645
726	6646
3580	6647
905	6648
2668	6649
1971	6650
6289	6651
653	6652
1551	6653
4515	6654
5183	6655
1525	6656
100	6657
2790	6658
5114	6659
930	6660
6161	6661
6451	6662
2615	6663
50	6664
6728	6665
918	6666
1189	6667
2962	6668
1311	6669
2016	6670
1614	6671
130	6672
75	6673
2000	6674
862	6675
1451	6676
1436	6677
155	6678
4080	6679
6884	6680
5769	6681
5090	6682
941	6683
2502	6684
4894	6685
93	6686
371	6687
4632	6688
2746	6689
4131	6690
6718	6691
3162	6692
3697	6693
2708	6694
6414	6695
2220	6696
1633	6697
5580	6698
2447	6699
4797	6700
149	6701
1298	6702
1051	6703
4331	6704
863	6705
6422	6706
5927	6707
5569	6708
5312	6709
6163	6710
1090	6711
4313	6712
617	6713
5608	6714
261	6715
503	6716
2059	6717
2465	6718
682	6719
6921	6720
1664	6721
5659	6722
51	6723
500	6724
2589	6725
5049	6726
2440	6727
5767	6728
1324	6729
1604	6730
3384	6731
124	6732
1409	6733
1191	6734
337	6735
441	6736
141	6737
1548	6738
1605	6739
31	6740
456	6741
562	6742
33	6743
2310	6744
947	6745
325	6746
2573	6747
1960	6748
671	6749
53	6750
3495	6751
2135	6752
951	6753
1205	6754
4823	6755
336	6756
7	6757
4651	6758
6333	6759
3128	6760
457	6761
1941	6762
5427	6763
6662	6764
6040	6765
6039	6766
6483	6767
512	6768
3909	6769
6436	6770
5821	6771
1930	6772
130	6773
1973	6774
780	6775
1991	6776
2741	6777
419	6778
4981	6779
1848	6780
5390	6781
3178	6782
1755	6783
6873	6784
2594	6785
65	6786
3339	6787
5736	6788
5454	6789
2860	6790
753	6791
910	6792
2195	6793
4340	6794
425	6795
3554	6796
1682	6797
5084	6798
2598	6799
5549	6800
1258	6801
5199	6802
338	6803
320	6804
2714	6805
4459	6806
4980	6807
3560	6808
1170	6809
1459	6810
856	6811
6174	6812
5496	6813
3127	6814
1116	6815
2843	6816
217	6817
1616	6818
1161	6819
1246	6820
1743	6821
47	6822
3963	6823
3583	6824
3154	6825
460	6826
613	6827
4353	6828
4580	6829
6758	6830
4869	6831
1497	6832
5692	6833
1399	6834
5223	6835
5322	6836
2685	6837
6755	6838
6228	6839
4921	6840
221	6841
432	6842
1051	6843
2811	6844
1203	6845
5526	6846
4055	6847
649	6848
31	6849
90	6850
2759	6851
5546	6852
6987	6853
6697	6854
4817	6855
340	6856
3120	6857
293	6858
176	6859
2482	6860
2129	6861
40	6862
5409	6863
3865	6864
634	6865
2747	6866
718	6867
4762	6868
168	6869
5518	6870
6496	6871
3126	6872
31	6873
959	6874
6182	6875
3172	6876
60	6877
2089	6878
4578	6879
2490	6880
4244	6881
5047	6882
4124	6883
5914	6884
6338	6885
521	6886
184	6887
428	6888
6868	6889
1596	6890
4111	6891
2756	6892
251	6893
1445	6894
6277	6895
4709	6896
7027	6897
6923	6898
4359	6899
735	6900
4004	6901
5983	6902
1880	6903
529	6904
2612	6905
1204	6906
2327	6907
3960	6908
1301	6909
3999	6910
3626	6911
189	6912
1278	6913
4903	6914
4123	6915
4257	6916
257	6917
3411	6918
699	6919
300	6920
7038	6921
1691	6922
2053	6923
6162	6924
1640	6925
6024	6926
5977	6927
6675	6928
3032	6929
2474	6930
6791	6931
3711	6932
1143	6933
754	6934
2620	6935
2186	6936
4404	6937
1602	6938
43	6939
6636	6940
6108	6941
1389	6942
1538	6943
517	6944
3983	6945
3117	6946
1058	6947
1383	6948
3096	6949
3944	6950
2667	6951
5154	6952
2556	6953
80	6954
316	6955
1804	6956
2017	6957
744	6958
2608	6959
10	6960
5152	6961
152	6962
6157	6963
5705	6964
811	6965
3478	6966
353	6967
3362	6968
4179	6969
6129	6970
5377	6971
1598	6972
3510	6973
3296	6974
6071	6975
7016	6976
1407	6977
919	6978
514	6979
1771	6980
3811	6981
192	6982
5994	6983
1790	6984
3620	6985
4366	6986
4822	6987
2580	6988
1260	6989
4882	6990
6932	6991
6645	6992
3212	6993
3412	6994
1379	6995
4372	6996
4710	6997
1517	6998
4668	6999
1608	7000
4050	7001
4744	7002
6482	7003
1241	7004
2394	7005
6874	7006
6677	7007
1328	7008
7014	7009
2909	7010
577	7011
5574	7012
1869	7013
1864	7014
1523	7015
3334	7016
1642	7017
5654	7018
1539	7019
3254	7020
1906	7021
100	7022
322	7023
734	7024
276	7025
99	7026
495	7027
4559	7028
3723	7029
4522	7030
1384	7031
1268	7032
1112	7033
1798	7034
1481	7035
6832	7036
256	7037
613	7038
2246	7039
4283	7040
476	7041
6234	7042
564	7043
5973	7044
1485	7045
5391	7046
5093	7047
1277	7048
5908	7049
6021	7050
4691	7051
3286	7052
2165	7053
2982	7054
33	7055
4346	7056
4117	7057
660	7058
252	7059
312	7060
1926	7061
245	7062
926	7063
1970	7064
1164	7065
1089	7066
582	7067
4517	7068
5988	7069
2650	7070
5789	7071
6412	7072
2761	7073
3920	7074
1224	7075
1547	7076
489	7077
6456	7078
5972	7079
6008	7080
2980	7081
1843	7082
1624	7083
5182	7084
4943	7085
1387	7086
878	7087
750	7088
420	7089
1586	7090
2757	7091
38	7092
247	7093
106	7094
47	7095
6120	7096
5054	7097
886	7098
223	7099
1713	7100
29	7101
688	7102
6042	7103
816	7104
6522	7105
3462	7106
38	7107
2300	7108
1612	7109
6827	7110
4868	7111
6232	7112
448	7113
1	7114
621	7115
383	7116
259	7117
523	7118
5926	7119
4544	7120
304	7121
6815	7122
2211	7123
3668	7124
1778	7125
18	7126
2983	7127
5497	7128
83	7129
9	7130
4896	7131
263	7132
3752	7133
1306	7134
2311	7135
1909	7136
392	7137
1341	7138
293	7139
187	7140
6867	7141
1283	7142
170	7143
1391	7144
262	7145
5612	7146
399	7147
2705	7148
1552	7149
1355	7150
331	7151
6963	7152
507	7153
2566	7154
199	7155
1991	7156
349	7157
372	7158
6813	7159
5963	7160
6502	7161
1549	7162
5018	7163
14	7164
1658	7165
5602	7166
3703	7167
1750	7168
2126	7169
5379	7170
7042	7171
4377	7172
3753	7173
150	7174
208	7175
6862	7176
4657	7177
3962	7178
1858	7179
2960	7180
5022	7181
6298	7182
1037	7183
1808	7184
4378	7185
2093	7186
25	7187
84	7188
4516	7189
5443	7190
49	7191
1220	7192
929	7193
3654	7194
3646	7195
2167	7196
3432	7197
2139	7198
4826	7199
6844	7200
5474	7201
1411	7202
3309	7203
58	7204
1971	7205
1229	7206
4285	7207
5225	7208
2730	7209
5816	7210
5282	7211
6201	7212
4108	7213
1122	7214
666	7215
1199	7216
665	7217
6936	7218
615	7219
1121	7220
823	7221
3793	7222
1299	7223
4562	7224
1484	7225
2176	7226
3206	7227
192	7228
1186	7229
5395	7230
43	7231
1829	7232
156	7233
830	7234
1262	7235
5386	7236
3870	7237
1588	7238
335	7239
4364	7240
6631	7241
1130	7242
5411	7243
4945	7244
446	7245
860	7246
1203	7247
29	7248
2643	7249
1673	7250
3762	7251
2162	7252
1116	7253
6132	7254
1081	7255
5699	7256
287	7257
2012	7258
189	7259
45	7260
536	7261
642	7262
1824	7263
188	7264
96	7265
2262	7266
375	7267
1713	7268
4469	7269
5335	7270
1643	7271
3234	7272
112	7273
714	7274
2332	7275
3578	7276
3376	7277
793	7278
76	7279
334	7280
173	7281
4212	7282
1453	7283
3279	7284
1797	7285
4482	7286
7026	7287
2585	7288
1128	7289
3315	7290
3745	7291
1154	7292
487	7293
5704	7294
3791	7295
1097	7296
2827	7297
5286	7298
2564	7299
5331	7300
6996	7301
531	7302
1653	7303
5025	7304
6223	7305
6315	7306
5001	7307
1999	7308
43	7309
1094	7310
296	7311
4188	7312
1669	7313
5263	7314
394	7315
1925	7316
96	7317
1625	7318
1907	7319
3300	7320
1668	7321
4838	7322
198	7323
6811	7324
1567	7325
1210	7326
1038	7327
1440	7328
72	7329
5002	7330
1186	7331
4761	7332
4755	7333
3976	7334
1639	7335
6343	7336
777	7337
2379	7338
5798	7339
1255	7340
66	7341
2896	7342
5860	7343
711	7344
455	7345
43	7346
633	7347
1235	7348
3153	7349
379	7350
909	7351
2415	7352
3211	7353
1607	7354
5739	7355
2214	7356
1034	7357
2254	7358
4496	7359
138	7360
5954	7361
2290	7362
5405	7363
1425	7364
1830	7365
6090	7366
6629	7367
6386	7368
384	7369
5075	7370
4635	7371
1899	7372
935	7373
5932	7374
5370	7375
6180	7376
5876	7377
1105	7378
2269	7379
539	7380
908	7381
1717	7382
6246	7383
3167	7384
4986	7385
2175	7386
2104	7387
2209	7388
4012	7389
1969	7390
5626	7391
1469	7392
6919	7393
477	7394
146	7395
144	7396
330	7397
6070	7398
2723	7399
6346	7400
1430	7401
3147	7402
2417	7403
1303	7404
417	7405
224	7406
706	7407
1913	7408
2192	7409
572	7410
611	7411
12	7412
59	7413
59	7414
33	7415
5226	7416
5933	7417
592	7418
28	7419
1990	7420
2055	7421
4574	7422
692	7423
3389	7424
3878	7425
1329	7426
1470	7427
3009	7428
6578	7429
2019	7430
6582	7431
5104	7432
1996	7433
6895	7434
4889	7435
1742	7436
5896	7437
4062	7438
1925	7439
2693	7440
6156	7441
6393	7442
6820	7443
148	7444
1447	7445
3715	7446
528	7447
732	7448
6272	7449
3899	7450
3222	7451
4193	7452
413	7453
2062	7454
802	7455
353	7456
351	7457
3307	7458
3923	7459
119	7460
454	7461
535	7462
3195	7463
1734	7464
6783	7465
779	7466
2703	7467
112	7468
791	7469
278	7470
1760	7471
1982	7472
393	7473
4605	7474
2450	7475
1875	7476
6548	7477
6319	7478
561	7479
497	7480
6167	7481
1362	7482
7	7483
3823	7484
1231	7485
4156	7486
4600	7487
661	7488
3485	7489
431	7490
8	7491
5281	7492
2443	7493
3540	7494
3607	7495
6187	7496
1426	7497
1517	7498
871	7499
663	7500
6890	7501
1518	7502
3809	7503
2342	7504
1809	7505
966	7506
4611	7507
4054	7508
1532	7509
5731	7510
6059	7511
2958	7512
280	7513
5752	7514
290	7515
3185	7516
6224	7517
2271	7518
5034	7519
1069	7520
2016	7521
5525	7522
1000	7523
4420	7524
2334	7525
6294	7526
2744	7527
444	7528
6719	7529
225	7530
1093	7531
185	7532
2864	7533
4151	7534
5279	7535
455	7536
104	7537
1865	7538
5808	7539
2899	7540
3707	7541
6364	7542
1885	7543
2788	7544
5911	7545
3209	7546
1603	7547
5976	7548
5727	7549
2932	7550
2006	7551
612	7552
4503	7553
197	7554
4537	7555
34	7556
4721	7557
280	7558
2821	7559
4541	7560
14	7561
120	7562
6639	7563
6817	7564
6428	7565
5593	7566
206	7567
30	7568
6475	7569
2920	7570
3629	7571
571	7572
6731	7573
2015	7574
6840	7575
555	7576
6924	7577
6324	7578
4527	7579
168	7580
5936	7581
2057	7582
380	7583
489	7584
599	7585
2765	7586
45	7587
1385	7588
4685	7589
6352	7590
1577	7591
4389	7592
549	7593
116	7594
12	7595
6358	7596
6033	7597
1974	7598
6092	7599
1781	7600
5765	7601
1192	7602
3194	7603
6378	7604
4857	7605
14	7606
64	7607
1107	7608
4812	7609
1790	7610
3561	7611
4933	7612
6406	7613
1298	7614
5074	7615
1867	7616
2981	7617
1226	7618
3724	7619
790	7620
3228	7621
2380	7622
5140	7623
4745	7624
4282	7625
732	7626
5063	7627
3784	7628
554	7629
6573	7630
2606	7631
5333	7632
6072	7633
1992	7634
5867	7635
51	7636
6693	7637
5272	7638
382	7639
737	7640
1334	7641
6356	7642
4295	7643
1244	7644
3636	7645
4392	7646
6750	7647
1389	7648
463	7649
383	7650
166	7651
3564	7652
3380	7653
1609	7654
873	7655
317	7656
660	7657
1445	7658
6125	7659
1580	7660
3036	7661
1540	7662
3490	7663
3443	7664
5844	7665
3982	7666
1086	7667
1868	7668
3170	7669
2720	7670
6541	7671
5446	7672
3196	7673
255	7674
2973	7675
6213	7676
5854	7677
399	7678
4317	7679
2154	7680
651	7681
4161	7682
6389	7683
4711	7684
301	7685
1905	7686
2851	7687
4699	7688
273	7689
1180	7690
3131	7691
1806	7692
80	7693
71	7694
5434	7695
3737	7696
1228	7697
5492	7698
594	7699
5694	7700
5778	7701
4932	7702
1368	7703
581	7704
388	7705
221	7706
147	7707
1579	7708
571	7709
2281	7710
897	7711
49	7712
879	7713
3763	7714
600	7715
6	7716
4238	7717
2633	7718
1714	7719
6842	7720
5327	7721
1645	7722
58	7723
1712	7724
2487	7725
3232	7726
1854	7727
5462	7728
6445	7729
6165	7730
5609	7731
6178	7732
680	7733
4316	7734
2193	7735
4901	7736
6863	7737
4205	7738
4583	7739
661	7740
1817	7741
334	7742
4076	7743
317	7744
1704	7745
69	7746
2096	7747
4300	7748
2661	7749
477	7750
901	7751
191	7752
1661	7753
2716	7754
4030	7755
5479	7756
4561	7757
2164	7758
3785	7759
363	7760
756	7761
2816	7762
2562	7763
6077	7764
2576	7765
1518	7766
5783	7767
265	7768
4874	7769
4758	7770
1079	7771
484	7772
5910	7773
521	7774
3618	7775
46	7776
1497	7777
5952	7778
6329	7779
539	7780
1157	7781
5717	7782
5310	7783
269	7784
1048	7785
600	7786
1594	7787
1425	7788
689	7789
5348	7790
708	7791
1230	7792
720	7793
1082	7794
6231	7795
2652	7796
619	7797
3591	7798
832	7799
2538	7800
4086	7801
1226	7802
261	7803
1903	7804
2646	7805
590	7806
1364	7807
3590	7808
696	7809
1845	7810
4513	7811
5032	7812
619	7813
1828	7814
219	7815
5511	7816
1210	7817
3417	7818
132	7819
1308	7820
1135	7821
4345	7822
63	7823
5387	7824
2702	7825
3879	7826
6420	7827
685	7828
982	7829
5325	7830
4763	7831
762	7832
6965	7833
1422	7834
933	7835
2763	7836
3695	7837
69	7838
5309	7839
3598	7840
3726	7841
3215	7842
6184	7843
7012	7844
2754	7845
2354	7846
3074	7847
3640	7848
475	7849
421	7850
1893	7851
4717	7852
845	7853
4794	7854
6112	7855
783	7856
279	7857
2682	7858
1024	7859
1333	7860
5522	7861
6638	7862
171	7863
4431	7864
3365	7865
3551	7866
4112	7867
5209	7868
776	7869
664	7870
2505	7871
847	7872
4715	7873
2992	7874
6449	7875
702	7876
6841	7877
5748	7878
2965	7879
5868	7880
1129	7881
6722	7882
123	7883
4939	7884
365	7885
63	7886
226	7887
1512	7888
160	7889
1901	7890
1638	7891
1744	7892
6891	7893
3033	7894
3927	7895
1748	7896
3336	7897
422	7898
5776	7899
3318	7900
1302	7901
4505	7902
3503	7903
6814	7904
1223	7905
4625	7906
5986	7907
2616	7908
40	7909
2830	7910
1069	7911
1240	7912
972	7913
23	7914
2149	7915
1183	7916
1078	7917
3670	7918
491	7919
5528	7920
2134	7921
272	7922
5113	7923
1721	7924
200	7925
2833	7926
2593	7927
1309	7928
1573	7929
3993	7930
1934	7931
5476	7932
1130	7933
6664	7934
4610	7935
585	7936
1144	7937
148	7938
2933	7939
5610	7940
975	7941
219	7942
5461	7943
1485	7944
899	7945
2876	7946
1556	7947
545	7948
103	7949
4786	7950
857	7951
1346	7952
392	7953
2873	7954
265	7955
2642	7956
1036	7957
3859	7958
2942	7959
2172	7960
431	7961
6998	7962
1239	7963
84	7964
1756	7965
3846	7966
16	7967
214	7968
5392	7969
144	7970
1400	7971
603	7972
3118	7973
341	7974
279	7975
5450	7976
513	7977
5629	7978
2935	7979
2117	7980
4067	7981
5431	7982
3820	7983
4034	7984
641	7985
2910	7986
4973	7987
6349	7988
817	7989
4596	7990
4027	7991
5824	7992
5336	7993
5261	7994
4433	7995
19	7996
1575	7997
7035	7998
902	7999
2548	8000
1690	8001
166	8002
4294	8003
5407	8004
534	8005
303	8006
5987	8007
3926	8008
662	8009
3761	8010
1787	8011
6599	8012
1108	8013
405	8014
1176	8015
2170	8016
166	8017
1276	8018
3142	8019
5832	8020
6574	8021
504	8022
4494	8023
4754	8024
2884	8025
2242	8026
1430	8027
1612	8028
553	8029
5597	8030
202	8031
137	8032
942	8033
156	8034
760	8035
4902	8036
1839	8037
1905	8038
1053	8039
3041	8040
1902	8041
5293	8042
1737	8043
1869	8044
1434	8045
5415	8046
3938	8047
182	8048
1509	8049
903	8050
5809	8051
5501	8052
5683	8053
1958	8054
352	8055
1215	8056
5256	8057
5097	8058
6031	8059
53	8060
1174	8061
27	8062
918	8063
1729	8064
2239	8065
788	8066
203	8067
1201	8068
803	8069
3157	8070
60	8071
639	8072
1482	8073
628	8074
3395	8075
2173	8076
115	8077
4330	8078
2385	8079
1928	8080
4118	8081
1470	8082
4351	8083
2517	8084
5103	8085
6348	8086
964	8087
3652	8088
823	8089
3547	8090
4800	8091
2432	8092
3368	8093
1647	8094
4871	8095
1112	8096
5393	8097
6592	8098
4255	8099
3448	8100
3369	8101
352	8102
1304	8103
4288	8104
4630	8105
7032	8106
645	8107
6344	8108
126	8109
2001	8110
4119	8111
2121	8112
654	8113
5678	8114
5206	8115
4130	8116
2010	8117
1343	8118
2897	8119
36	8120
1424	8121
316	8122
5708	8123
2329	8124
22	8125
18	8126
1891	8127
1247	8128
324	8129
394	8130
5898	8131
35	8132
992	8133
1601	8134
4478	8135
6793	8136
5480	8137
1980	8138
669	8139
4337	8140
1935	8141
79	8142
6688	8143
2514	8144
834	8145
2376	8146
5834	8147
3650	8148
1023	8149
5863	8150
1372	8151
3166	8152
2866	8153
449	8154
1964	8155
4733	8156
1557	8157
3538	8158
4403	8159
326	8160
1956	8161
6153	8162
1449	8163
3419	8164
11	8165
1206	8166
5198	8167
5780	8168
5447	8169
418	8170
1685	8171
3939	8172
734	8173
596	8174
1088	8175
5599	8176
2088	8177
5212	8178
2362	8179
295	8180
4661	8181
2781	8182
1094	8183
2779	8184
2460	8185
1087	8186
1422	8187
1264	8188
5959	8189
465	8190
1923	8191
506	8192
1498	8193
120	8194
1163	8195
3728	8196
1117	8197
3452	8198
1625	8199
773	8200
2020	8201
701	8202
3994	8203
884	8204
6617	8205
3058	8206
846	8207
1707	8208
2208	8209
5761	8210
1358	8211
5884	8212
226	8213
420	8214
1440	8215
5410	8216
142	8217
3508	8218
1207	8219
6384	8220
2764	8221
11	8222
3181	8223
5733	8224
1597	8225
3978	8226
4209	8227
1611	8228
122	8229
5092	8230
6619	8231
511	8232
511	8233
6971	8234
4336	8235
775	8236
4720	8237
1324	8238
244	8239
1910	8240
5301	8241
3201	8242
4078	8243
341	8244
458	8245
4410	8246
1808	8247
5970	8248
246	8249
1689	8250
2177	8251
5810	8252
4339	8253
2789	8254
610	8255
5680	8256
1828	8257
1749	8258
4751	8259
4867	8260
6907	8261
1148	8262
5505	8263
127	8264
1890	8265
1273	8266
1438	8267
4453	8268
5617	8269
5550	8270
171	8271
1218	8272
33	8273
2725	8274
2939	8275
6934	8276
2654	8277
311	8278
5438	8279
4438	8280
1499	8281
7	8282
1990	8283
4019	8284
1168	8285
1718	8286
787	8287
2125	8288
2929	8289
1634	8290
1169	8291
6460	8292
1252	8293
344	8294
5043	8295
6531	8296
988	8297
441	8298
2074	8299
1249	8300
1285	8301
1297	8302
1742	8303
2706	8304
3736	8305
3014	8306
4406	8307
2025	8308
2080	8309
818	8310
1543	8311
1987	8312
4532	8313
668	8314
6724	8315
962	8316
5845	8317
4827	8318
113	8319
1131	8320
5175	8321
6948	8322
6160	8323
2090	8324
4058	8325
3143	8326
4168	8327
3694	8328
3155	8329
126	8330
5866	8331
6498	8332
717	8333
3025	8334
5060	8335
3542	8336
5995	8337
6833	8338
2182	8339
1346	8340
1467	8341
6858	8342
2621	8343
2078	8344
2029	8345
4456	8346
6035	8347
1141	8348
3343	8349
3860	8350
6225	8351
6931	8352
1435	8353
5880	8354
4909	8355
1373	8356
6908	8357
2015	8358
493	8359
579	8360
1829	8361
3919	8362
596	8363
2423	8364
5326	8365
269	8366
302	8367
1759	8368
467	8369
4088	8370
5275	8371
339	8372
1929	8373
171	8374
1513	8375
1409	8376
639	8377
489	8378
1110	8379
5611	8380
842	8381
1093	8382
1184	8383
41	8384
3308	8385
4158	8386
6553	8387
1511	8388
317	8389
6904	8390
5689	8391
1861	8392
2296	8393
2405	8394
3265	8395
6585	8396
1408	8397
2403	8398
6669	8399
1398	8400
107	8401
2985	8402
1799	8403
624	8404
1883	8405
6382	8406
6255	8407
757	8408
3721	8409
366	8410
527	8411
3867	8412
1304	8413
947	8414
4492	8415
3893	8416
5227	8417
3255	8418
6593	8419
684	8420
5126	8421
373	8422
6660	8423
1836	8424
2020	8425
1810	8426
1257	8427
6185	8428
598	8429
4113	8430
6670	8431
5664	8432
1514	8433
3361	8434
1858	8435
1466	8436
809	8437
6571	8438
541	8439
633	8440
1720	8441
1024	8442
3571	8443
2858	8444
1479	8445
2427	8446
153	8447
788	8448
4677	8449
300	8450
2686	8451
764	8452
1610	8453
5542	8454
1500	8455
6018	8456
6220	8457
534	8458
725	8459
2187	8460
5259	8461
2543	8462
7011	8463
1487	8464
3348	8465
12	8466
635	8467
2066	8468
3516	8469
5314	8470
1746	8471
1098	8472
4670	8473
1761	8474
5537	8475
361	8476
4693	8477
6250	8478
565	8479
4603	8480
20	8481
411	8482
2522	8483
2807	8484
1522	8485
4863	8486
1607	8487
2026	8488
2711	8489
5935	8490
3139	8491
3038	8492
3000	8493
3141	8494
5214	8495
5869	8496
4613	8497
1167	8498
3597	8499
6610	8500
636	8501
98	8502
410	8503
705	8504
1360	8505
5292	8506
6488	8507
1516	8508
1909	8509
5236	8510
6126	8511
16	8512
500	8513
2495	8514
2683	8515
8	8516
1743	8517
4966	8518
5008	8519
358	8520
2392	8521
6285	8522
5174	8523
2817	8524
6601	8525
1200	8526
2853	8527
6124	8528
1114	8529
3054	8530
203	8531
7021	8532
20	8533
1025	8534
3986	8535
6537	8536
58	8537
5244	8538
131	8539
4777	8540
6732	8541
1619	8542
306	8543
728	8544
642	8545
1015	8546
4992	8547
1378	8548
210	8549
6284	8550
167	8551
3567	8552
4928	8553
6530	8554
319	8555
1740	8556
1794	8557
6782	8558
6866	8559
88	8560
1413	8561
44	8562
378	8563
3585	8564
4631	8565
5176	8566
6144	8567
5577	8568
712	8569
6958	8570
756	8571
213	8572
6657	8573
640	8574
3544	8575
2367	8576
7033	8577
4227	8578
6726	8579
3483	8580
4967	8581
1063	8582
2771	8583
5632	8584
4281	8585
679	8586
1214	8587
459	8588
4116	8589
5053	8590
6458	8591
2033	8592
2880	8593
4477	8594
1932	8595
4929	8596
291	8597
960	8598
95	8599
4724	8600
929	8601
3371	8602
3198	8603
5579	8604
3305	8605
2881	8606
1998	8607
3220	8608
3261	8609
1699	8610
4423	8611
2696	8612
3260	8613
1476	8614
5068	8615
1104	8616
1103	8617
425	8618
3004	8619
2984	8620
6312	8621
2399	8622
3596	8623
2396	8624
6837	8625
5706	8626
4006	8627
3566	8628
6055	8629
6274	8630
2949	8631
805	8632
745	8633
2004	8634
4268	8635
2077	8636
553	8637
3098	8638
4566	8639
535	8640
411	8641
2044	8642
1083	8643
1489	8644
822	8645
2832	8646
881	8647
5847	8648
46	8649
1030	8650
5507	8651
5345	8652
5396	8653
1073	8654
1738	8655
6409	8656
2337	8657
6442	8658
722	8659
6681	8660
4847	8661
5920	8662
555	8663
616	8664
3507	8665
4197	8666
1062	8667
1731	8668
6011	8669
4955	8670
1041	8671
1334	8672
5138	8673
4146	8674
4599	8675
5862	8676
6962	8677
1980	8678
3956	8679
469	8680
2874	8681
1061	8682
100	8683
5558	8684
1132	8685
5498	8686
1170	8687
2742	8688
3778	8689
422	8690
2303	8691
1103	8692
1149	8693
1940	8694
6529	8695
5649	8696
1826	8697
3998	8698
3342	8699
968	8700
1462	8701
5543	8702
4893	8703
621	8704
4839	8705
3168	8706
1270	8707
3816	8708
2812	8709
730	8710
306	8711
4672	8712
933	8713
70	8714
11	8715
172	8716
6215	8717
5785	8718
4010	8719
5260	8720
1911	8721
6995	8722
5483	8723
479	8724
4139	8725
962	8726
6823	8727
3678	8728
580	8729
6836	8730
5023	8731
725	8732
1066	8733
478	8734
1315	8735
925	8736
562	8737
6291	8738
4145	8739
1572	8740
4615	8741
4683	8742
2122	8743
5620	8744
6253	8745
1008	8746
1554	8747
1735	8748
6300	8749
257	8750
1416	8751
675	8752
4484	8753
331	8754
1147	8755
1287	8756
6238	8757
2049	8758
3979	8759
1891	8760
772	8761
401	8762
4753	8763
2738	8764
1674	8765
219	8766
5277	8767
1606	8768
777	8769
3175	8770
680	8771
876	8772
1592	8773
97	8774
234	8775
53	8776
5734	8777
3781	8778
926	8779
5158	8780
3287	8781
3274	8782
3397	8783
190	8784
3625	8785
799	8786
348	8787
3240	8788
169	8789
1816	8790
6624	8791
1893	8792
473	8793
2390	8794
622	8795
3569	8796
3896	8797
2128	8798
1168	8799
246	8800
3884	8801
979	8802
6128	8803
6618	8804
5656	8805
2666	8806
674	8807
27	8808
212	8809
447	8810
1471	8811
5229	8812
565	8813
6455	8814
371	8815
3456	8816
1666	8817
1435	8818
4400	8819
2709	8820
1726	8821
2797	8822
2567	8823
1406	8824
974	8825
385	8826
2695	8827
2457	8828
2886	8829
6168	8830
2798	8831
3355	8832
386	8833
2857	8834
86	8835
1558	8836
206	8837
622	8838
1983	8839
3837	8840
4306	8841
491	8842
72	8843
4846	8844
1013	8845
5465	8846
4803	8847
5721	8848
1468	8849
486	8850
1198	8851
5255	8852
1021	8853
2678	8854
2671	8855
2100	8856
5271	8857
502	8858
4892	8859
6894	8860
550	8861
1833	8862
6818	8863
4276	8864
4248	8865
3197	8866
413	8867
622	8868
5253	8869
5709	8870
995	8871
1766	8872
6682	8873
606	8874
4385	8875
3295	8876
3360	8877
180	8878
231	8879
1442	8880
2086	8881
6243	8882
6905	8883
1734	8884
4311	8885
3541	8886
3480	8887
2401	8888
870	8889
5979	8890
5624	8891
157	8892
1237	8893
6492	8894
228	8895
915	8896
5338	8897
4781	8898
699	8899
3259	8900
421	8901
2951	8902
887	8903
1978	8904
1659	8905
3083	8906
597	8907
6430	8908
6426	8909
5383	8910
275	8911
5101	8912
1651	8913
3050	8914
51	8915
2829	8916
864	8917
6672	8918
1852	8919
6747	8920
1114	8921
1022	8922
769	8923
44	8924
1688	8925
42	8926
2398	8927
6118	8928
2428	8929
5211	8930
1105	8931
6880	8932
4213	8933
2978	8934
519	8935
5128	8936
495	8937
1581	8938
1704	8939
1502	8940
1242	8941
5839	8942
6771	8943
3942	8944
828	8945
4476	8946
6659	8947
4778	8948
248	8949
370	8950
5475	8951
3908	8952
3949	8953
1159	8954
5082	8955
3934	8956
1289	8957
3556	8958
5350	8959
987	8960
52	8961
575	8962
503	8963
4462	8964
3911	8965
1631	8966
2073	8967
1939	8968
3373	8969
2411	8970
5662	8971
598	8972
4858	8973
6554	8974
1793	8975
144	8976
368	8977
6135	8978
1294	8979
1223	8980
3788	8981
54	8982
2814	8983
6544	8984
182	8985
3408	8986
1870	8987
196	8988
3449	8989
5909	8990
3810	8991
5050	8992
6401	8993
6413	8994
6684	8995
5061	8996
74	8997
3184	8998
264	8999
348	9000
5398	9001
1583	9002
579	9003
2155	9004
2824	9005
1727	9006
6775	9007
6240	9008
510	9009
5874	9010
2878	9011
3035	9012
1589	9013
1563	9014
5989	9015
5165	9016
6271	9017
2739	9018
141	9019
5584	9020
559	9021
6481	9022
5083	9023
4361	9024
4464	9025
3653	9026
4802	9027
6570	9028
3124	9029
6208	9030
5204	9031
1099	9032
2282	9033
173	9034
3985	9035
348	9036
1665	9037
5270	9038
1493	9039
720	9040
5037	9041
5630	9042
943	9043
4375	9044
1236	9045
4970	9046
120	9047
2369	9048
2989	9049
3586	9050
5040	9051
1763	9052
4042	9053
24	9054
5561	9055
3151	9056
1576	9057
5283	9058
1259	9059
5241	9060
1277	9061
4870	9062
325	9063
49	9064
2083	9065
4096	9066
5458	9067
5666	9068
1377	9069
6855	9070
1768	9071
4395	9072
1240	9073
296	9074
434	9075
3727	9076
2834	9077
5228	9078
4727	9079
1821	9080
1578	9081
4536	9082
1741	9083
1249	9084
1472	9085
5298	9086
5357	9087
1574	9088
2169	9089
3057	9090
388	9091
647	9092
6917	9093
2906	9094
2605	9095
4103	9096
5088	9097
3156	9098
4969	9099
1579	9100
711	9101
1543	9102
2265	9103
6264	9104
1295	9105
955	9106
4291	9107
761	9108
3174	9109
240	9110
4008	9111
468	9112
10	9113
289	9114
6843	9115
634	9116
391	9117
1347	9118
1650	9119
7006	9120
4521	9121
3633	9122
6115	9123
6927	9124
4787	9125
707	9126
3276	9127
5428	9128
861	9129
179	9130
792	9131
6594	9132
4645	9133
6127	9134
195	9135
696	9136
776	9137
130	9138
64	9139
55	9140
3119	9141
3431	9142
1762	9143
1320	9144
5062	9145
1016	9146
2590	9147
2118	9148
171	9149
194	9150
1934	9151
6007	9152
2928	9153
6085	9154
4049	9155
1841	9156
880	9157
590	9158
1839	9159
4825	9160
6373	9161
6172	9162
2184	9163
1399	9164
6875	9165
109	9166
1373	9167
47	9168
6404	9169
1341	9170
6330	9171
2498	9172
627	9173
71	9174
1256	9175
3662	9176
3326	9177
6098	9178
779	9179
4936	9180
1091	9181
6928	9182
1352	9183
130	9184
4125	9185
446	9186
1376	9187
25	9188
3856	9189
4944	9190
2941	9191
1813	9192
2251	9193
1866	9194
1670	9195
1619	9196
35	9197
2669	9198
3444	9199
6148	9200
1545	9201
1180	9202
1041	9203
1714	9204
5966	9205
4107	9206
975	9207
743	9208
4182	9209
565	9210
6450	9211
853	9212
4085	9213
3776	9214
1621	9215
1884	9216
1273	9217
369	9218
1146	9219
3764	9220
1844	9221
426	9222
1770	9223
5197	9224
2531	9225
3465	9226
1108	9227
663	9228
1953	9229
79	9230
5012	9231
599	9232
378	9233
1698	9234
173	9235
3950	9236
1059	9237
383	9238
3550	9239
2153	9240
807	9241
2449	9242
982	9243
593	9244
118	9245
829	9246
2555	9247
1488	9248
5179	9249
162	9250
700	9251
5135	9252
3071	9253
1128	9254
78	9255
4834	9256
6876	9257
1314	9258
4270	9259
2617	9260
1953	9261
1803	9262
1030	9263
4856	9264
3081	9265
159	9266
505	9267
1418	9268
2283	9269
234	9270
6478	9271
1648	9272
198	9273
1716	9274
950	9275
690	9276
1379	9277
1548	9278
2915	9279
3991	9280
4481	9281
241	9282
156	9283
4576	9284
2105	9285
3682	9286
5792	9287
3049	9288
2325	9289
133	9290
5278	9291
6906	9292
3606	9293
3247	9294
546	9295
6942	9296
308	9297
4816	9298
2147	9299
5515	9300
3246	9301
6195	9302
5385	9303
4425	9304
30	9305
244	9306
5924	9307
4545	9308
37	9309
132	9310
5607	9311
6331	9312
1919	9313
6893	9314
6395	9315
3531	9316
4468	9317
3683	9318
920	9319
5055	9320
6281	9321
407	9322
601	9323
581	9324
4104	9325
236	9326
1834	9327
2185	9328
6117	9329
3677	9330
3666	9331
53	9332
6056	9333
160	9334
5107	9335
819	9336
1547	9337
13	9338
4897	9339
4409	9340
710	9341
6966	9342
1427	9343
572	9344
1391	9345
3552	9346
6772	9347
4100	9348
1525	9349
4099	9350
4170	9351
480	9352
3316	9353
469	9354
8	9355
4150	9356
1454	9357
958	9358
35	9359
3779	9360
299	9361
2097	9362
5078	9363
1491	9364
4384	9365
6642	9366
6967	9367
5	9368
5096	9369
1253	9370
475	9371
5321	9372
739	9373
3239	9374
1351	9375
6337	9376
3283	9377
835	9378
192	9379
2426	9380
3391	9381
6236	9382
3663	9383
5530	9384
1101	9385
4682	9386
1585	9387
366	9388
3755	9389
122	9390
2602	9391
2748	9392
4060	9393
6370	9394
3073	9395
3796	9396
1842	9397
3029	9398
5888	9399
5667	9400
2400	9401
368	9402
1968	9403
613	9404
1900	9405
1627	9406
176	9407
533	9408
2938	9409
3562	9410
2328	9411
56	9412
2378	9413
691	9414
3742	9415
101	9416
3855	9417
363	9418
1394	9419
384	9420
3873	9421
5749	9422
5343	9423
6883	9424
448	9425
5648	9426
3708	9427
146	9428
3229	9429
4553	9430
5719	9431
2248	9432
4412	9433
73	9434
3106	9435
2647	9436
1449	9437
1137	9438
6313	9439
3104	9440
5153	9441
290	9442
2822	9443
688	9444
2160	9445
871	9446
3616	9447
757	9448
5044	9449
5488	9450
305	9451
4338	9452
612	9453
482	9454
2435	9455
2347	9456
6447	9457
1426	9458
3180	9459
6550	9460
5707	9461
577	9462
749	9463
48	9464
494	9465
6565	9466
1636	9467
381	9468
1981	9469
1598	9470
3173	9471
801	9472
452	9473
1345	9474
2755	9475
509	9476
2304	9477
202	9478
1457	9479
301	9480
6354	9481
501	9482
4230	9483
387	9484
1174	9485
2253	9486
359	9487
394	9488
4977	9489
991	9490
368	9491
3767	9492
1864	9493
6049	9494
2809	9495
46	9496
741	9497
3264	9498
6549	9499
3059	9500
407	9501
5258	9502
2264	9503
2792	9504
2648	9505
1702	9506
1276	9507
332	9508
7015	9509
3328	9510
1702	9511
628	9512
742	9513
936	9514
5148	9515
3957	9516
6150	9517
86	9518
4497	9519
6854	9520
147	9521
1940	9522
508	9523
5354	9524
6283	9525
5064	9526
2626	9527
5400	9528
3102	9529
377	9530
296	9531
132	9532
5622	9533
97	9534
4534	9535
6641	9536
1988	9537
769	9538
3829	9539
45	9540
4854	9541
97	9542
1115	9543
2019	9544
1212	9545
6953	9546
5820	9547
1396	9548
636	9549
315	9550
416	9551
1911	9552
6525	9553
798	9554
1495	9555
186	9556
3502	9557
3967	9558
4187	9559
907	9560
20	9561
5	9562
3624	9563
2183	9564
240	9565
3263	9566
3112	9567
5938	9568
2429	9569
6484	9570
3799	9571
6437	9572
3189	9573
508	9574
4811	9575
820	9576
3522	9577
1929	9578
892	9579
1254	9580
2349	9581
6552	9582
4642	9583
44	9584
1506	9585
3676	9586
1979	9587
508	9588
3445	9589
1660	9590
5440	9591
6819	9592
2235	9593
6435	9594
573	9595
6579	9596
21	9597
4162	9598
133	9599
3759	9600
5870	9601
1475	9602
860	9603
869	9604
1855	9605
6760	9606
3224	9607
3105	9608
1087	9609
2404	9610
4560	9611
49	9612
1961	9613
187	9614
6303	9615
66	9616
4750	9617
5900	9618
727	9619
5534	9620
1424	9621
6249	9622
733	9623
1178	9624
588	9625
3861	9626
5645	9627
611	9628
782	9629
6692	9630
4956	9631
1005	9632
3519	9633
4056	9634
910	9635
6878	9636
2026	9637
401	9638
4036	9639
6803	9640
1841	9641
4029	9642
3150	9643
1683	9644
2418	9645
87	9646
4890	9647
6857	9648
2640	9649
2260	9650
92	9651
2780	9652
140	9653
1772	9654
4192	9655
4840	9656
4814	9657
4304	9658
5142	9659
6439	9660
346	9661
6327	9662
1234	9663
3900	9664
2630	9665
1078	9666
3111	9667
857	9668
4790	9669
2025	9670
1050	9671
1816	9672
152	9673
1337	9674
3335	9675
1113	9676
811	9677
129	9678
2272	9679
1221	9680
670	9681
3876	9682
2645	9683
5631	9684
6740	9685
2946	9686
623	9687
2013	9688
938	9689
3639	9690
1263	9691
1821	9692
8	9693
430	9694
1187	9695
3912	9696
197	9697
1193	9698
5751	9699
361	9700
1854	9701
270	9702
119	9703
180	9704
2651	9705
148	9706
6311	9707
4047	9708
5755	9709
5356	9710
2189	9711
1212	9712
5539	9713
631	9714
3905	9715
4247	9716
1987	9717
602	9718
4579	9719
5803	9720
813	9721
3113	9722
2257	9723
893	9724
2338	9725
4439	9726
5591	9727
2649	9728
1271	9729
5691	9730
604	9731
2659	9732
6759	9733
4434	9734
5432	9735
7020	9736
145	9737
1975	9738
1421	9739
4853	9740
1820	9741
347	9742
1432	9743
6037	9744
996	9745
2023	9746
5702	9747
5700	9748
3289	9749
408	9750
4232	9751
1064	9752
1369	9753
532	9754
6877	9755
305	9756
4688	9757
262	9758
456	9759
3	9760
6196	9761
1823	9762
677	9763
795	9764
144	9765
4959	9766
3877	9767
188	9768
251	9769
545	9770
2803	9771
1785	9772
4590	9773
2313	9774
900	9775
202	9776
5745	9777
2907	9778
5340	9779
1942	9780
1956	9781
2500	9782
1897	9783
1439	9784
2717	9785
4043	9786
4457	9787
921	9788
2808	9789
4149	9790
5489	9791
1965	9792
3	9793
761	9794
3403	9795
1694	9796
4290	9797
2468	9798
1356	9799
1405	9800
5923	9801
5017	9802
1423	9803
242	9804
952	9805
1651	9806
54	9807
209	9808
1285	9809
5493	9810
6744	9811
5647	9812
3686	9813
868	9814
1952	9815
4908	9816
2850	9817
88	9818
74	9819
330	9820
505	9821
220	9822
143	9823
897	9824
4017	9825
2838	9826
3838	9827
6239	9828
4183	9829
3	9830
5913	9831
5181	9832
227	9833
6532	9834
703	9835
2710	9836
4593	9837
3204	9838
4701	9839
1043	9840
159	9841
736	9842
1936	9843
568	9844
5367	9845
1822	9846
1531	9847
1133	9848
2727	9849
4567	9850
2545	9851
4436	9852
4964	9853
2597	9854
2069	9855
1076	9856
106	9857
232	9858
250	9859
4594	9860
6034	9861
2600	9862
6698	9863
4	9864
433	9865
5535	9866
990	9867
3378	9868
852	9869
485	9870
3345	9871
630	9872
4694	9873
147	9874
5448	9875
275	9876
4007	9877
127	9878
5538	9879
2230	9880
5323	9881
6205	9882
3034	9883
2072	9884
326	9885
1480	9886
2204	9887
1380	9888
264	9889
1907	9890
3937	9891
3230	9892
646	9893
274	9894
574	9895
5416	9896
4396	9897
2108	9898
6379	9899
829	9900
909	9901
4950	9902
547	9903
4639	9904
3121	9905
6494	9906
1894	9907
1056	9908
1693	9909
2634	9910
1363	9911
1994	9912
6602	9913
1563	9914
1455	9915
989	9916
4519	9917
1395	9918
618	9919
204	9920
2098	9921
358	9922
54	9923
4051	9924
6556	9925
6094	9926
1143	9927
4866	9928
2959	9929
1322	9930
56	9931
697	9932
4097	9933
2384	9934
4053	9935
4900	9936
595	9937
2639	9938
421	9939
139	9940
4296	9941
3398	9942
5961	9943
4195	9944
5403	9945
4109	9946
283	9947
664	9948
567	9949
5812	9950
1084	9951
4974	9952
3022	9953
1599	9954
4949	9955
286	9956
1284	9957
1962	9958
308	9959
5732	9960
867	9961
6720	9962
5420	9963
1102	9964
1882	9965
3548	9966
463	9967
670	9968
888	9969
4360	9970
621	9971
1140	9972
2476	9973
4976	9974
3868	9975
1877	9976
3409	9977
178	9978
197	9979
1824	9980
6360	9981
4458	9982
5718	9983
6078	9984
2471	9985
6066	9986
6110	9987
3018	9988
6169	9989
5071	9990
365	9991
17	9992
15	9993
15	9994
15	9995
2012	9996
1931	9997
760	9998
6756	9999
1428	10000
